<number of tasks>
750

<cycle time>
1000

<order strength>
0.195


<task times>
1 368
2 579
3 463
4 527
5 501
6 466
7 593
8 474
9 368
10 537
11 388
12 407
13 400
14 587
15 418
16 532
17 586
18 579
19 506
20 503
21 542
22 583
23 399
24 559
25 434
26 447
27 389
28 299
29 460
30 510
31 506
32 443
33 547
34 355
35 675
36 646
37 568
38 484
39 552
40 533
41 610
42 348
43 449
44 420
45 271
46 326
47 379
48 582
49 452
50 545
51 519
52 370
53 482
54 600
55 330
56 473
57 456
58 676
59 633
60 769
61 406
62 397
63 237
64 460
65 479
66 369
67 372
68 600
69 406
70 742
71 436
72 644
73 759
74 506
75 640
76 462
77 407
78 521
79 664
80 712
81 462
82 421
83 504
84 353
85 327
86 569
87 520
88 544
89 331
90 544
91 584
92 428
93 595
94 342
95 800
96 781
97 409
98 613
99 397
100 563
101 571
102 694
103 559
104 559
105 588
106 456
107 326
108 505
109 552
110 626
111 443
112 330
113 524
114 518
115 520
116 453
117 388
118 634
119 407
120 348
121 480
122 280
123 581
124 600
125 588
126 372
127 374
128 519
129 519
130 436
131 432
132 440
133 427
134 456
135 612
136 775
137 465
138 290
139 600
140 527
141 418
142 699
143 625
144 499
145 378
146 565
147 501
148 509
149 468
150 571
151 415
152 346
153 501
154 514
155 537
156 520
157 491
158 472
159 402
160 645
161 485
162 295
163 277
164 329
165 401
166 339
167 552
168 451
169 455
170 482
171 346
172 510
173 250
174 489
175 614
176 630
177 403
178 339
179 676
180 571
181 503
182 407
183 248
184 471
185 411
186 223
187 508
188 645
189 436
190 361
191 455
192 549
193 660
194 455
195 394
196 523
197 348
198 596
199 438
200 459
201 734
202 586
203 476
204 584
205 508
206 543
207 567
208 432
209 647
210 516
211 526
212 673
213 524
214 452
215 411
216 575
217 564
218 533
219 443
220 640
221 485
222 597
223 431
224 499
225 561
226 678
227 456
228 333
229 468
230 556
231 532
232 275
233 390
234 548
235 447
236 426
237 691
238 482
239 627
240 143
241 317
242 459
243 591
244 463
245 343
246 562
247 394
248 582
249 638
250 580
251 383
252 369
253 438
254 481
255 625
256 398
257 480
258 513
259 547
260 646
261 419
262 285
263 610
264 455
265 422
266 573
267 575
268 229
269 485
270 458
271 316
272 640
273 510
274 585
275 400
276 444
277 436
278 454
279 700
280 544
281 695
282 747
283 568
284 554
285 428
286 454
287 498
288 417
289 513
290 419
291 471
292 577
293 402
294 510
295 404
296 553
297 609
298 624
299 318
300 509
301 329
302 434
303 383
304 657
305 525
306 605
307 587
308 326
309 522
310 618
311 528
312 543
313 597
314 489
315 488
316 444
317 549
318 370
319 571
320 555
321 588
322 502
323 426
324 447
325 669
326 599
327 610
328 455
329 429
330 455
331 346
332 433
333 535
334 575
335 304
336 544
337 364
338 448
339 521
340 566
341 551
342 389
343 541
344 426
345 654
346 396
347 626
348 339
349 510
350 589
351 575
352 538
353 649
354 456
355 667
356 575
357 524
358 689
359 629
360 388
361 435
362 453
363 402
364 471
365 309
366 392
367 764
368 591
369 565
370 371
371 520
372 450
373 503
374 607
375 724
376 728
377 552
378 304
379 529
380 625
381 561
382 540
383 333
384 628
385 371
386 532
387 420
388 477
389 213
390 475
391 600
392 383
393 702
394 505
395 453
396 284
397 415
398 521
399 205
400 573
401 396
402 356
403 535
404 551
405 416
406 533
407 506
408 426
409 445
410 690
411 522
412 731
413 378
414 240
415 579
416 600
417 572
418 361
419 460
420 588
421 566
422 588
423 587
424 633
425 941
426 484
427 528
428 693
429 678
430 493
431 612
432 509
433 568
434 735
435 634
436 487
437 609
438 482
439 485
440 394
441 572
442 465
443 431
444 468
445 521
446 586
447 597
448 541
449 414
450 628
451 646
452 621
453 556
454 599
455 416
456 422
457 575
458 514
459 481
460 678
461 390
462 511
463 437
464 546
465 686
466 565
467 393
468 549
469 469
470 585
471 501
472 421
473 734
474 433
475 538
476 479
477 585
478 643
479 505
480 436
481 659
482 746
483 432
484 552
485 253
486 660
487 816
488 452
489 476
490 547
491 388
492 594
493 524
494 530
495 386
496 827
497 525
498 481
499 486
500 509
501 410
502 277
503 546
504 524
505 516
506 427
507 614
508 404
509 336
510 490
511 765
512 590
513 515
514 446
515 624
516 265
517 433
518 337
519 598
520 477
521 282
522 422
523 484
524 318
525 374
526 283
527 643
528 427
529 529
530 569
531 738
532 683
533 480
534 261
535 388
536 619
537 655
538 457
539 589
540 435
541 208
542 632
543 882
544 402
545 586
546 373
547 303
548 291
549 361
550 875
551 483
552 440
553 523
554 583
555 486
556 493
557 457
558 401
559 569
560 419
561 357
562 759
563 114
564 533
565 635
566 586
567 541
568 589
569 376
570 602
571 596
572 626
573 402
574 571
575 478
576 407
577 506
578 656
579 443
580 750
581 502
582 644
583 484
584 472
585 517
586 580
587 464
588 558
589 700
590 304
591 469
592 321
593 666
594 481
595 323
596 471
597 534
598 491
599 438
600 605
601 621
602 479
603 370
604 374
605 533
606 395
607 651
608 584
609 586
610 536
611 466
612 564
613 652
614 569
615 500
616 473
617 499
618 672
619 518
620 489
621 683
622 433
623 664
624 324
625 653
626 512
627 395
628 666
629 581
630 591
631 590
632 439
633 428
634 535
635 263
636 674
637 379
638 568
639 599
640 569
641 584
642 388
643 250
644 393
645 611
646 598
647 537
648 687
649 616
650 409
651 552
652 545
653 634
654 556
655 403
656 751
657 502
658 517
659 368
660 407
661 463
662 895
663 631
664 600
665 509
666 310
667 526
668 417
669 757
670 476
671 485
672 376
673 643
674 318
675 697
676 398
677 379
678 651
679 746
680 525
681 511
682 565
683 597
684 578
685 526
686 594
687 406
688 733
689 692
690 593
691 450
692 226
693 429
694 563
695 459
696 289
697 486
698 438
699 395
700 609
701 584
702 556
703 495
704 452
705 517
706 625
707 431
708 466
709 370
710 414
711 346
712 330
713 508
714 710
715 659
716 321
717 627
718 315
719 425
720 480
721 533
722 340
723 677
724 312
725 595
726 419
727 471
728 495
729 629
730 631
731 503
732 427
733 430
734 488
735 418
736 734
737 410
738 582
739 565
740 403
741 362
742 324
743 513
744 540
745 678
746 422
747 325
748 463
749 543
750 541

<precedence relations>
2,24
2,25
2,342
3,32
4,30
4,722
5,27
5,33
7,22
8,23
10,569
11,393
12,26
12,29
13,31
14,36
14,231
16,28
17,28
18,35
19,318
20,609
21,34
22,396
22,405
23,51
23,58
24,42
24,59
25,44
25,47
25,50
26,117
27,54
28,38
28,48
28,57
28,60
28,479
29,323
29,367
30,40
30,43
30,170
31,37
32,53
32,747
33,41
34,42
34,45
34,46
34,49
34,55
34,396
35,39
35,52
35,56
36,65
36,581
37,80
37,153
38,74
39,70
40,69
40,564
40,671
41,61
42,694
44,321
45,68
45,230
46,61
47,63
47,152
48,706
49,76
49,78
50,64
50,79
50,144
52,66
52,77
52,327
52,351
54,81
55,65
55,71
55,72
55,73
55,75
55,529
57,62
57,67
58,684
60,324
62,82
62,221
63,87
64,420
65,538
67,405
67,471
68,84
68,95
68,207
68,450
70,85
70,90
70,279
71,746
72,515
72,588
72,642
74,88
74,396
76,97
76,129
77,257
77,395
78,89
78,92
78,93
78,96
79,91
80,94
81,83
81,86
81,98
82,101
82,170
82,615
84,114
85,109
86,286
87,349
88,103
88,165
89,99
89,100
89,733
90,111
91,110
91,112
91,115
91,131
94,102
94,108
94,113
95,99
96,106
96,107
97,104
98,105
99,517
100,133
101,119
102,127
102,134
102,154
102,338
103,116
103,137
104,126
104,135
105,462
106,226
106,404
106,680
107,240
108,617
109,117
109,120
109,129
110,118
110,130
110,570
111,122
111,136
111,284
112,124
113,116
113,121
114,123
114,128
114,131
114,132
115,125
115,426
119,664
121,139
121,143
121,247
121,275
122,140
122,154
123,149
124,141
124,191
126,476
126,488
127,150
128,145
128,321
129,144
129,153
130,147
130,574
132,148
132,152
132,294
133,142
134,362
135,151
136,138
136,183
137,146
137,155
138,157
138,327
139,163
139,165
139,169
140,160
140,168
141,161
141,171
142,158
142,290
143,173
143,698
144,159
145,156
145,174
146,543
146,578
147,166
147,167
148,329
148,535
149,172
149,251
149,405
150,308
151,162
152,164
152,170
152,175
154,386
155,291
156,188
157,191
157,297
158,185
158,542
159,187
159,259
159,725
160,677
162,189
163,186
163,374
164,192
165,184
165,642
166,537
168,181
168,182
169,180
170,267
170,708
171,179
171,190
171,371
172,293
173,176
173,177
173,178
173,183
173,318
176,202
176,416
180,490
182,196
182,197
182,201
183,193
185,198
185,204
186,199
187,206
187,404
187,568
188,195
189,200
189,203
189,207
189,241
190,205
191,194
191,228
191,559
193,438
195,216
195,733
196,213
196,217
196,222
197,218
197,220
199,209
199,214
199,223
200,212
200,386
201,211
201,219
201,483
202,215
202,225
202,283
203,221
204,549
205,208
205,210
205,218
205,226
206,224
206,362
207,222
208,235
208,237
209,229
209,232
210,227
210,233
210,382
210,623
211,228
212,230
212,238
212,243
213,238
217,231
217,234
217,302
218,241
218,242
220,239
220,478
221,227
223,240
223,244
225,656
226,236
226,463
226,732
227,251
227,253
228,249
228,555
229,246
229,610
231,255
232,259
232,307
234,247
237,246
237,252
237,258
238,257
238,358
239,250
239,256
239,424
240,484
240,673
241,343
242,248
243,254
244,245
244,458
245,278
245,569
247,267
248,262
248,274
248,277
249,269
249,319
249,714
251,265
252,275
253,266
254,270
254,276
255,263
255,264
255,271
255,334
257,260
257,261
257,268
257,273
258,272
258,279
261,286
261,498
262,280
262,526
263,714
264,290
265,281
265,285
266,291
266,292
266,732
267,501
268,296
269,295
270,283
270,287
271,732
274,282
274,293
274,367
275,488
276,322
277,616
278,288
278,289
278,328
278,461
279,284
279,294
280,309
280,579
281,305
281,312
281,440
282,303
282,308
285,302
285,411
286,299
286,306
286,310
287,314
287,709
288,297
289,300
290,301
290,311
292,298
293,302
293,307
294,304
296,313
297,333
297,421
298,316
300,324
300,354
301,317
301,322
303,327
304,321
304,332
305,319
305,320
305,328
306,323
306,331
307,318
307,319
307,330
308,377
309,334
309,430
310,325
310,326
310,329
312,315
312,681
312,733
315,594
316,345
317,335
317,342
317,347
318,561
321,340
322,346
323,385
324,337
324,339
324,726
325,343
325,348
326,341
326,700
327,352
327,564
327,629
328,344
329,549
330,338
331,612
331,676
332,368
333,336
335,491
337,349
338,351
338,352
338,357
338,359
340,354
341,360
342,353
342,358
343,355
343,604
345,596
347,356
348,350
349,368
349,371
350,361
350,367
350,378
350,403
351,362
351,370
352,365
352,376
353,363
353,373
354,366
354,372
355,364
355,369
355,438
355,712
356,478
357,377
358,374
359,375
361,383
361,388
365,387
366,386
366,389
367,391
367,557
367,560
368,391
368,486
370,673
371,380
371,385
372,389
374,382
374,462
375,384
376,390
377,379
377,446
378,379
378,381
379,393
379,399
379,411
379,608
380,396
381,409
382,400
382,405
382,406
382,412
383,398
383,404
384,394
384,466
385,402
386,410
387,392
387,403
388,497
389,395
389,397
389,407
389,408
391,401
392,414
392,422
393,426
394,418
394,429
395,512
395,649
397,427
397,434
398,417
398,431
399,415
400,430
401,423
402,416
402,700
403,421
404,413
404,420
405,428
405,549
406,424
406,517
406,727
408,425
408,428
408,604
409,469
412,419
414,445
415,448
415,527
415,558
416,434
416,660
418,441
418,444
418,446
419,549
421,440
421,442
421,449
421,484
422,443
422,447
422,697
422,734
423,432
423,437
424,433
426,435
427,438
427,439
430,450
430,603
430,635
431,436
431,617
433,466
435,459
435,465
436,747
437,454
438,455
438,457
438,464
439,625
439,727
441,452
441,453
441,460
441,461
441,468
442,507
443,451
444,455
444,458
444,462
444,467
444,522
445,574
447,456
448,532
449,463
450,563
452,472
452,485
455,473
455,484
455,713
455,745
456,474
457,475
457,478
457,483
458,477
458,482
459,601
461,576
461,684
462,480
463,470
463,479
463,481
464,476
465,469
465,486
465,487
467,471
467,521
470,502
474,494
474,498
475,489
475,603
476,495
477,488
478,490
480,634
482,492
482,496
482,541
484,499
484,500
484,501
485,493
486,497
487,491
488,518
489,503
490,511
491,508
491,509
492,504
492,505
492,517
493,515
493,549
493,694
493,713
494,622
495,507
495,513
498,514
499,510
499,516
500,512
501,724
502,506
503,519
503,619
503,716
504,528
505,530
505,531
506,529
507,520
508,526
508,527
509,533
513,612
513,658
514,612
515,522
515,524
515,526
516,525
516,615
516,719
516,721
517,521
518,523
518,532
519,539
520,543
522,546
522,552
523,548
524,536
524,540
525,537
525,545
525,551
526,553
527,538
527,541
527,542
527,698
528,535
529,534
529,548
529,550
529,721
530,555
531,549
531,554
532,547
533,544
536,563
537,562
538,557
538,603
538,712
539,559
539,699
542,556
542,561
545,557
548,561
552,673
553,560
554,558
554,564
556,566
556,569
556,583
557,572
557,573
558,568
558,570
558,571
558,574
558,575
559,567
559,579
559,582
561,578
562,565
562,580
562,639
562,674
563,576
563,577
564,581
567,584
567,593
568,586
568,645
569,589
569,592
569,595
570,594
571,596
572,590
573,587
574,588
575,591
577,616
578,647
579,588
582,585
582,727
583,609
584,607
585,599
585,608
587,602
587,683
588,601
590,598
590,670
591,612
592,673
593,609
594,600
594,603
595,597
595,606
595,610
596,604
596,605
596,611
596,622
596,651
597,619
597,656
598,620
599,669
600,717
601,622
601,624
602,617
602,658
603,618
603,625
603,626
603,691
604,627
604,629
606,616
606,623
609,621
609,628
610,614
610,652
611,613
612,615
613,642
613,643
614,635
619,632
619,641
621,683
622,637
623,636
623,653
623,705
624,630
624,631
625,633
625,634
625,702
626,639
627,672
628,638
628,677
629,640
630,655
631,647
632,653
635,648
636,644
637,656
637,747
638,645
638,652
639,650
639,651
639,728
640,654
642,646
643,649
644,668
645,657
645,660
646,662
646,663
646,672
646,673
648,675
648,676
648,684
649,665
650,677
651,670
652,661
653,658
653,659
653,669
654,664
654,674
655,666
655,667
655,671
657,685
662,686
663,683
664,682
664,690
667,679
667,687
669,681
670,739
671,684
671,688
671,691
672,689
674,680
677,678
677,694
678,703
679,694
679,701
680,700
682,697
683,692
683,695
684,705
685,696
687,693
687,704
689,698
689,699
691,702
692,709
692,718
693,717
694,714
697,711
698,712
698,716
698,721
698,735
699,720
700,707
701,715
701,719
702,708
702,710
704,706
705,713
707,730
707,734
708,732
709,724
709,726
711,723
713,750
714,722
714,725
715,731
717,729
718,728
720,727
720,733
722,746
723,739
724,741
725,748
728,736
728,738
728,743
729,735
732,747
733,737
733,740
733,742
733,745
733,749
733,750
734,744

<end>
