<number of tasks>
750

<cycle time>
1000

<order strength>
0.598


<task times>
1 213
2 246
3 250
4 83
5 300
6 119
7 235
8 199
9 50
10 21
11 46
12 137
13 340
14 180
15 110
16 114
17 145
18 61
19 101
20 85
21 75
22 75
23 141
24 135
25 161
26 27
27 136
28 269
29 91
30 50
31 133
32 179
33 175
34 45
35 50
36 45
37 152
38 79
39 179
40 60
41 60
42 324
43 176
44 87
45 60
46 25
47 181
48 216
49 71
50 199
51 76
52 130
53 151
54 156
55 94
56 134
57 178
58 125
59 129
60 60
61 169
62 107
63 30
64 199
65 154
66 134
67 57
68 183
69 43
70 53
71 73
72 133
73 77
74 96
75 99
76 106
77 47
78 118
79 76
80 102
81 144
82 155
83 179
84 227
85 262
86 135
87 61
88 87
89 247
90 141
91 67
92 37
93 60
94 36
95 156
96 253
97 87
98 277
99 107
100 176
101 25
102 32
103 284
104 125
105 95
106 312
107 105
108 103
109 46
110 88
111 49
112 101
113 110
114 123
115 64
116 213
117 214
118 217
119 391
120 49
121 27
122 79
123 339
124 146
125 71
126 278
127 116
128 274
129 136
130 170
131 113
132 363
133 174
134 56
135 155
136 115
137 67
138 160
139 182
140 163
141 103
142 129
143 113
144 100
145 52
146 197
147 287
148 77
149 52
150 123
151 34
152 70
153 132
154 27
155 100
156 67
157 250
158 171
159 160
160 169
161 121
162 145
163 235
164 29
165 137
166 55
167 98
168 128
169 101
170 159
171 119
172 86
173 26
174 87
175 177
176 183
177 33
178 36
179 46
180 131
181 258
182 115
183 27
184 308
185 33
186 173
187 153
188 142
189 110
190 391
191 79
192 188
193 144
194 198
195 67
196 174
197 162
198 146
199 88
200 29
201 208
202 125
203 315
204 136
205 173
206 89
207 92
208 203
209 92
210 327
211 85
212 309
213 225
214 38
215 119
216 48
217 272
218 142
219 153
220 290
221 46
222 58
223 179
224 169
225 113
226 211
227 42
228 272
229 181
230 101
231 209
232 92
233 44
234 250
235 96
236 231
237 91
238 152
239 200
240 78
241 367
242 54
243 170
244 135
245 98
246 133
247 105
248 150
249 172
250 233
251 279
252 107
253 123
254 187
255 140
256 321
257 66
258 76
259 115
260 81
261 205
262 224
263 138
264 364
265 163
266 82
267 55
268 115
269 236
270 227
271 188
272 130
273 105
274 81
275 249
276 134
277 109
278 179
279 101
280 126
281 129
282 313
283 48
284 128
285 33
286 167
287 213
288 198
289 255
290 162
291 29
292 140
293 128
294 114
295 147
296 53
297 109
298 141
299 70
300 116
301 208
302 146
303 48
304 179
305 220
306 46
307 137
308 79
309 74
310 98
311 192
312 96
313 146
314 70
315 313
316 266
317 90
318 74
319 31
320 92
321 185
322 115
323 200
324 95
325 85
326 32
327 88
328 82
329 66
330 232
331 174
332 67
333 247
334 97
335 185
336 64
337 122
338 79
339 126
340 69
341 209
342 119
343 121
344 137
345 112
346 45
347 98
348 242
349 85
350 47
351 166
352 45
353 251
354 78
355 98
356 203
357 211
358 58
359 86
360 45
361 60
362 116
363 140
364 47
365 103
366 93
367 182
368 346
369 131
370 194
371 92
372 81
373 99
374 39
375 26
376 174
377 93
378 129
379 106
380 158
381 198
382 52
383 72
384 80
385 238
386 207
387 27
388 32
389 115
390 177
391 130
392 199
393 56
394 199
395 263
396 100
397 159
398 29
399 127
400 142
401 250
402 61
403 79
404 70
405 161
406 66
407 73
408 63
409 190
410 137
411 63
412 268
413 163
414 329
415 53
416 75
417 65
418 29
419 317
420 131
421 145
422 162
423 94
424 44
425 192
426 85
427 109
428 98
429 185
430 113
431 27
432 106
433 189
434 187
435 50
436 106
437 170
438 301
439 103
440 174
441 128
442 220
443 210
444 169
445 45
446 194
447 239
448 41
449 95
450 62
451 23
452 122
453 89
454 89
455 105
456 73
457 79
458 123
459 126
460 230
461 64
462 166
463 88
464 137
465 113
466 270
467 226
468 217
469 257
470 89
471 95
472 122
473 243
474 71
475 148
476 144
477 66
478 61
479 29
480 126
481 108
482 191
483 248
484 128
485 101
486 177
487 88
488 155
489 37
490 181
491 87
492 155
493 244
494 137
495 72
496 89
497 128
498 108
499 226
500 193
501 85
502 164
503 175
504 106
505 242
506 156
507 251
508 77
509 122
510 294
511 78
512 42
513 41
514 103
515 38
516 173
517 173
518 52
519 154
520 54
521 250
522 219
523 50
524 181
525 67
526 172
527 141
528 91
529 148
530 246
531 181
532 82
533 47
534 123
535 116
536 85
537 190
538 136
539 156
540 237
541 131
542 185
543 82
544 21
545 222
546 115
547 113
548 41
549 244
550 241
551 284
552 303
553 53
554 283
555 245
556 27
557 90
558 122
559 28
560 172
561 170
562 38
563 71
564 103
565 99
566 33
567 359
568 164
569 108
570 80
571 168
572 84
573 193
574 251
575 192
576 218
577 163
578 247
579 177
580 185
581 275
582 195
583 102
584 55
585 295
586 86
587 284
588 44
589 137
590 272
591 188
592 254
593 118
594 86
595 62
596 183
597 246
598 175
599 64
600 252
601 22
602 120
603 90
604 83
605 84
606 134
607 217
608 33
609 195
610 100
611 118
612 168
613 240
614 113
615 240
616 131
617 345
618 183
619 152
620 190
621 157
622 103
623 86
624 265
625 120
626 202
627 40
628 136
629 137
630 25
631 346
632 187
633 66
634 39
635 105
636 96
637 228
638 23
639 90
640 58
641 64
642 33
643 277
644 194
645 214
646 40
647 76
648 142
649 61
650 78
651 145
652 262
653 120
654 260
655 29
656 137
657 159
658 42
659 179
660 129
661 106
662 132
663 99
664 58
665 80
666 311
667 66
668 146
669 167
670 130
671 138
672 57
673 55
674 182
675 76
676 231
677 58
678 111
679 249
680 177
681 157
682 244
683 362
684 197
685 330
686 45
687 240
688 61
689 127
690 110
691 127
692 201
693 381
694 356
695 75
696 200
697 111
698 62
699 354
700 48
701 32
702 57
703 31
704 50
705 66
706 221
707 129
708 159
709 167
710 254
711 137
712 126
713 175
714 95
715 163
716 206
717 58
718 190
719 127
720 99
721 44
722 159
723 170
724 70
725 172
726 171
727 178
728 204
729 189
730 48
731 180
732 173
733 190
734 201
735 59
736 110
737 94
738 146
739 95
740 142
741 158
742 146
743 40
744 372
745 122
746 50
747 56
748 146
749 126
750 84

<precedence relations>
1,11
2,13
3,12
3,16
3,20
4,14
4,17
4,19
4,151
5,21
5,161
6,14
6,15
7,14
8,14
8,18
9,115
10,15
11,26
12,22
13,25
14,23
14,25
14,27
15,24
15,25
15,26
16,25
16,161
17,25
17,26
18,30
19,25
19,31
20,25
20,46
20,141
21,25
21,26
21,28
21,29
22,33
23,34
24,35
25,32
25,36
26,37
26,38
26,83
27,37
27,38
28,37
29,38
30,37
30,39
31,46
31,113
32,41
33,40
34,46
35,42
36,43
37,48
37,82
38,44
39,45
39,47
40,49
41,50
42,52
43,54
44,51
44,130
44,195
45,53
45,55
45,57
46,55
46,56
47,56
47,58
48,254
49,59
50,60
51,61
52,62
53,64
54,66
55,63
55,68
55,70
55,71
56,65
56,67
56,68
56,69
56,72
56,73
56,161
57,67
58,112
58,208
59,74
60,75
61,79
62,76
63,77
64,81
65,78
66,79
67,79
67,87
68,83
69,79
70,80
70,85
70,86
70,183
71,84
71,132
71,185
72,82
72,171
74,88
75,89
76,90
77,94
78,92
79,101
79,171
79,204
80,91
80,204
81,94
81,95
81,161
82,93
82,94
82,95
83,96
84,724
85,282
86,269
87,245
87,297
88,101
89,97
90,99
91,98
92,101
93,100
94,101
94,102
94,105
95,106
95,560
96,103
96,104
97,113
98,114
99,110
100,109
101,111
102,107
102,111
102,112
102,118
103,108
104,402
105,111
105,112
105,115
105,116
105,117
106,119
106,691
107,123
108,124
109,127
110,128
111,120
111,122
111,125
112,121
113,223
114,129
114,130
115,126
115,129
115,132
115,280
116,129
117,310
117,336
118,131
118,186
118,436
119,130
120,134
121,135
122,136
123,140
124,140
125,137
126,138
127,139
128,141
129,133
130,394
130,700
131,683
132,148
133,142
134,146
135,143
136,144
137,147
138,145
139,146
140,148
140,150
141,149
141,150
141,151
141,204
142,153
143,158
144,152
145,154
146,155
146,156
147,158
147,159
148,157
148,199
149,158
150,159
150,160
151,161
152,169
153,162
154,163
155,164
156,165
157,166
158,168
158,169
158,170
159,167
159,168
159,172
160,168
160,172
161,168
161,171
161,215
161,216
162,181
163,175
164,174
165,182
166,177
167,179
168,173
168,176
168,178
168,180
169,469
170,186
170,187
170,225
171,186
171,297
171,340
171,451
171,470
172,181
172,182
172,183
172,184
172,185
173,188
174,191
175,189
176,190
177,195
178,192
179,194
180,193
181,194
181,199
181,218
182,197
182,198
183,194
183,196
183,205
183,223
184,656
184,692
186,450
186,574
187,296
188,200
189,204
190,205
191,202
192,206
193,207
194,201
194,208
194,233
194,389
195,203
195,217
196,203
196,308
197,440
198,203
198,210
198,211
199,209
199,230
200,212
201,214
202,215
203,213
203,219
203,324
204,532
205,217
205,256
205,266
206,349
207,218
208,216
208,376
209,233
209,335
210,215
211,243
212,220
213,221
214,222
215,223
216,224
217,506
218,380
218,493
219,225
220,226
221,227
222,229
223,228
223,232
223,234
223,235
223,237
224,230
224,231
224,232
224,236
225,233
226,240
227,238
228,239
229,241
230,381
230,524
231,701
232,414
232,496
233,245
233,246
234,244
234,270
234,493
235,242
236,254
236,267
237,243
238,247
239,250
240,249
241,248
241,253
241,254
242,251
242,253
243,252
243,253
243,254
243,258
244,256
244,349
245,253
245,255
246,257
246,490
247,265
248,259
249,260
250,261
251,262
252,263
253,269
253,271
254,264
254,265
256,267
256,393
257,264
257,270
257,487
258,266
258,268
258,377
259,278
260,276
261,273
262,274
263,275
264,272
264,491
264,614
264,705
265,279
265,281
266,277
266,436
267,278
268,280
269,278
269,283
269,285
269,325
270,414
270,533
271,282
271,284
272,286
273,287
274,288
275,289
276,291
277,290
278,292
278,381
278,474
279,294
279,298
280,296
280,297
281,293
281,295
281,455
282,298
283,293
283,338
284,295
285,599
286,299
287,308
288,301
289,300
290,310
291,305
292,307
293,302
293,306
293,309
293,451
294,303
294,314
294,366
295,304
295,621
296,313
297,308
297,393
297,460
298,311
298,312
298,341
298,342
299,315
300,317
301,318
302,319
303,320
304,321
305,323
306,322
307,323
308,581
309,316
310,325
310,327
311,326
312,349
313,324
313,333
314,712
315,334
316,329
317,330
318,328
319,331
320,336
321,332
322,337
323,633
324,335
324,339
324,340
325,333
325,338
325,341
325,342
326,333
326,334
327,709
328,345
329,349
330,350
331,347
332,346
333,343
333,348
333,426
334,728
335,344
335,350
336,505
337,347
337,351
338,492
338,711
339,437
339,481
340,347
342,515
343,353
344,355
345,356
346,360
347,352
347,357
347,358
347,359
347,361
347,364
347,461
348,354
348,366
349,362
349,365
349,492
350,362
350,363
350,367
350,390
351,362
351,363
352,368
353,370
354,369
355,371
356,376
357,372
358,373
359,374
360,377
361,375
362,379
362,413
362,596
363,473
363,601
364,462
364,602
365,404
365,443
366,378
366,380
367,376
367,381
368,383
369,386
370,382
371,389
372,390
373,384
374,385
375,387
376,388
377,597
378,391
378,644
379,391
379,482
380,392
380,393
381,394
381,415
381,440
381,532
382,396
383,395
384,400
385,400
386,397
387,398
388,399
389,549
390,403
392,401
392,405
392,413
393,402
394,404
394,406
394,476
395,407
396,409
397,408
398,412
399,411
400,414
401,410
401,415
401,450
402,413
403,412
403,413
403,454
404,723
405,624
405,631
405,722
406,703
407,418
408,419
409,416
410,422
411,417
412,420
412,421
412,423
412,442
412,463
413,424
413,425
414,425
414,426
415,427
415,490
415,522
416,428
417,429
418,436
419,430
420,431
421,432
422,433
423,434
424,435
425,440
425,441
425,442
425,612
426,439
426,462
426,586
426,714
427,437
427,438
427,443
428,444
429,445
430,446
431,449
432,450
433,451
434,447
435,448
436,456
436,523
437,454
437,455
438,675
439,492
439,657
440,452
440,558
441,495
442,561
443,453
444,460
445,461
446,457
447,458
448,459
449,464
449,466
450,549
451,640
451,726
452,463
452,465
453,592
454,462
454,547
454,644
455,601
455,671
456,486
457,470
458,468
459,469
460,469
460,473
461,472
462,467
463,588
463,641
464,474
465,475
465,592
466,471
466,474
466,475
466,476
467,478
468,479
469,477
469,482
469,487
470,481
471,583
472,480
473,520
473,595
474,491
475,613
475,614
475,656
475,702
476,483
477,484
478,485
479,486
480,488
480,492
480,493
480,525
481,487
481,489
481,490
481,495
482,494
482,496
483,491
483,685
483,713
484,497
485,500
486,498
486,503
486,504
486,700
487,499
487,505
488,501
488,713
489,502
489,696
490,684
491,701
491,740
492,613
493,588
494,506
495,514
496,505
496,521
497,514
498,507
499,508
500,509
501,510
502,511
503,512
504,513
505,515
507,517
508,516
509,518
510,519
511,521
512,519
513,519
514,520
514,522
514,525
514,558
515,519
515,523
515,524
515,525
516,527
517,529
518,530
519,526
520,528
520,531
522,536
522,670
523,531
523,533
523,534
523,583
523,631
524,532
525,534
525,535
525,582
526,537
527,540
528,538
529,539
530,541
531,542
531,545
532,592
532,600
532,652
533,701
533,746
534,549
535,543
535,544
535,547
536,546
536,548
536,747
537,556
538,557
539,558
540,552
541,553
542,555
543,550
544,551
544,559
545,554
545,561
546,611
546,728
547,597
548,614
548,749
549,560
549,594
549,625
550,562
551,563
552,564
553,566
554,567
555,568
556,569
557,573
557,726
557,744
558,580
558,659
558,660
559,565
559,569
560,570
560,572
561,571
561,574
561,633
562,579
563,579
564,575
565,576
566,577
567,582
568,578
569,583
569,587
570,580
570,581
570,585
570,600
570,634
571,584
571,588
573,589
574,586
575,593
576,592
577,596
578,597
579,598
580,590
580,601
581,591
581,602
582,600
582,695
584,594
585,595
586,629
587,599
588,663
588,739
589,746
590,604
591,605
592,603
592,608
592,610
592,611
593,612
594,606
594,610
594,613
595,607
595,627
596,630
596,656
597,642
597,745
598,630
599,610
599,614
601,712
602,609
602,694
603,615
604,616
605,620
606,617
607,618
608,619
609,623
609,649
610,622
610,624
610,704
611,712
612,625
612,736
613,624
614,621
615,627
616,626
617,627
618,628
619,627
621,631
621,692
622,628
622,629
623,629
623,632
623,633
624,634
624,693
625,630
626,635
627,637
627,638
627,642
627,650
627,671
627,745
628,644
629,636
629,748
630,641
630,746
632,640
633,639
634,643
635,648
636,645
637,646
638,647
639,746
640,652
641,748
642,649
642,651
644,650
645,655
646,653
647,656
648,658
648,663
648,691
649,654
649,659
649,723
650,657
650,660
650,661
650,662
651,741
653,664
654,667
655,671
656,665
656,726
656,738
657,666
658,668
659,669
659,673
660,672
660,673
660,674
661,670
661,675
662,694
663,736
664,683
665,677
666,678
667,680
668,679
669,681
670,676
670,684
671,738
671,739
672,682
675,685
676,686
677,687
678,691
679,688
680,689
681,692
682,690
683,695
684,694
684,696
685,693
685,724
686,697
687,699
688,698
689,700
690,701
692,728
694,702
694,705
695,704
696,703
696,705
697,706
698,707
699,708
700,713
701,714
702,711
704,709
704,712
705,710
705,741
706,715
707,718
708,720
709,716
709,719
709,728
710,717
710,721
710,723
710,727
711,724
712,722
712,724
712,726
714,725
715,735
716,729
717,730
718,732
719,733
720,734
721,731
721,742
722,740
723,737
724,741
725,738
725,739
726,736
726,749
728,735
729,744
730,744
731,743
732,745
733,744
734,744
735,746
736,748
737,747
737,749
740,750

<end>
