<number of tasks>
750

<cycle time>
1000

<order strength>
0.596


<task times>
1 85
2 294
3 25
4 134
5 286
6 196
7 38
8 89
9 30
10 289
11 370
12 221
13 235
14 156
15 156
16 233
17 575
18 370
19 513
20 276
21 294
22 33
23 278
24 288
25 316
26 142
27 213
28 139
29 155
30 320
31 193
32 559
33 109
34 525
35 67
36 424
37 137
38 233
39 208
40 151
41 34
42 388
43 111
44 569
45 272
46 460
47 63
48 93
49 137
50 577
51 205
52 24
53 111
54 390
55 608
56 133
57 95
58 295
59 127
60 119
61 164
62 95
63 175
64 232
65 376
66 428
67 27
68 411
69 49
70 193
71 534
72 260
73 109
74 294
75 216
76 102
77 58
78 87
79 426
80 87
81 218
82 23
83 506
84 330
85 63
86 269
87 116
88 123
89 366
90 51
91 229
92 261
93 348
94 96
95 159
96 81
97 59
98 94
99 196
100 54
101 270
102 97
103 354
104 160
105 369
106 180
107 172
108 314
109 319
110 223
111 273
112 115
113 304
114 38
115 233
116 191
117 211
118 593
119 76
120 249
121 157
122 295
123 283
124 420
125 103
126 47
127 71
128 380
129 420
130 160
131 411
132 160
133 76
134 275
135 192
136 215
137 24
138 152
139 92
140 23
141 421
142 150
143 185
144 301
145 151
146 515
147 564
148 503
149 533
150 371
151 445
152 357
153 159
154 347
155 53
156 249
157 71
158 178
159 344
160 296
161 278
162 174
163 284
164 24
165 518
166 139
167 475
168 523
169 115
170 70
171 519
172 211
173 85
174 218
175 170
176 129
177 509
178 331
179 202
180 124
181 288
182 192
183 101
184 334
185 544
186 302
187 124
188 87
189 100
190 481
191 209
192 197
193 505
194 250
195 163
196 192
197 286
198 178
199 430
200 296
201 160
202 145
203 276
204 270
205 365
206 125
207 44
208 247
209 200
210 185
211 144
212 316
213 143
214 212
215 162
216 207
217 130
218 199
219 375
220 560
221 445
222 239
223 314
224 551
225 125
226 101
227 418
228 306
229 88
230 451
231 171
232 283
233 575
234 132
235 496
236 489
237 90
238 253
239 29
240 394
241 206
242 337
243 70
244 20
245 209
246 193
247 59
248 405
249 531
250 22
251 85
252 390
253 235
254 112
255 59
256 209
257 181
258 173
259 430
260 29
261 185
262 402
263 381
264 102
265 113
266 134
267 162
268 39
269 182
270 56
271 109
272 190
273 203
274 27
275 168
276 89
277 25
278 210
279 97
280 169
281 331
282 48
283 540
284 24
285 143
286 66
287 249
288 307
289 44
290 168
291 109
292 495
293 149
294 433
295 198
296 189
297 130
298 169
299 167
300 240
301 140
302 70
303 543
304 550
305 263
306 194
307 152
308 30
309 564
310 99
311 164
312 233
313 113
314 256
315 102
316 575
317 145
318 468
319 524
320 237
321 26
322 239
323 350
324 219
325 174
326 519
327 330
328 131
329 178
330 73
331 153
332 74
333 266
334 378
335 412
336 35
337 76
338 469
339 310
340 267
341 333
342 239
343 106
344 56
345 70
346 541
347 174
348 34
349 187
350 61
351 536
352 57
353 86
354 117
355 461
356 501
357 553
358 34
359 255
360 104
361 193
362 61
363 544
364 315
365 89
366 319
367 314
368 297
369 89
370 531
371 49
372 294
373 278
374 74
375 424
376 191
377 53
378 477
379 156
380 318
381 265
382 140
383 298
384 543
385 49
386 27
387 532
388 158
389 45
390 214
391 146
392 129
393 39
394 585
395 69
396 219
397 149
398 350
399 67
400 255
401 256
402 25
403 143
404 271
405 148
406 545
407 421
408 83
409 245
410 147
411 92
412 133
413 136
414 209
415 471
416 184
417 404
418 231
419 178
420 248
421 102
422 254
423 189
424 535
425 33
426 486
427 385
428 138
429 265
430 133
431 63
432 58
433 151
434 544
435 104
436 419
437 140
438 90
439 142
440 45
441 73
442 26
443 197
444 103
445 166
446 156
447 127
448 59
449 297
450 428
451 179
452 259
453 68
454 164
455 290
456 127
457 469
458 181
459 513
460 125
461 89
462 35
463 578
464 187
465 216
466 138
467 49
468 96
469 153
470 198
471 30
472 88
473 167
474 259
475 449
476 456
477 400
478 317
479 40
480 202
481 183
482 108
483 95
484 76
485 555
486 183
487 179
488 158
489 512
490 156
491 195
492 37
493 35
494 21
495 375
496 27
497 341
498 172
499 204
500 113
501 594
502 498
503 172
504 116
505 64
506 75
507 272
508 39
509 251
510 190
511 488
512 240
513 307
514 201
515 92
516 36
517 67
518 53
519 58
520 193
521 112
522 44
523 51
524 181
525 240
526 582
527 227
528 162
529 128
530 151
531 221
532 451
533 187
534 40
535 27
536 295
537 244
538 94
539 324
540 398
541 299
542 496
543 21
544 126
545 231
546 21
547 134
548 122
549 176
550 271
551 225
552 496
553 88
554 245
555 220
556 304
557 28
558 152
559 22
560 269
561 108
562 130
563 195
564 243
565 143
566 49
567 178
568 118
569 407
570 232
571 333
572 439
573 48
574 117
575 238
576 177
577 313
578 58
579 469
580 148
581 42
582 534
583 407
584 570
585 89
586 135
587 523
588 166
589 244
590 87
591 309
592 48
593 255
594 125
595 160
596 60
597 27
598 585
599 114
600 498
601 491
602 509
603 451
604 67
605 269
606 234
607 620
608 128
609 147
610 25
611 70
612 569
613 169
614 175
615 167
616 21
617 271
618 121
619 151
620 123
621 59
622 72
623 150
624 74
625 88
626 165
627 258
628 57
629 153
630 356
631 130
632 64
633 99
634 99
635 174
636 242
637 583
638 171
639 92
640 268
641 261
642 273
643 180
644 331
645 74
646 109
647 123
648 200
649 102
650 82
651 334
652 82
653 44
654 25
655 436
656 25
657 124
658 249
659 363
660 623
661 306
662 67
663 157
664 262
665 240
666 459
667 199
668 215
669 332
670 351
671 72
672 490
673 136
674 158
675 262
676 516
677 93
678 168
679 294
680 90
681 512
682 144
683 132
684 126
685 53
686 53
687 473
688 256
689 121
690 282
691 310
692 181
693 311
694 103
695 171
696 41
697 114
698 22
699 75
700 221
701 550
702 105
703 223
704 85
705 273
706 100
707 31
708 103
709 93
710 117
711 152
712 104
713 203
714 82
715 191
716 81
717 79
718 107
719 132
720 480
721 251
722 302
723 27
724 91
725 55
726 123
727 196
728 385
729 453
730 328
731 267
732 364
733 111
734 92
735 121
736 138
737 300
738 26
739 233
740 47
741 125
742 287
743 140
744 228
745 224
746 196
747 515
748 25
749 79
750 316

<precedence relations>
1,9
2,124
2,147
3,176
3,216
4,604
5,10
5,60
6,15
6,17
6,18
7,10
8,11
8,12
8,13
8,14
8,16
9,20
10,24
10,44
11,19
11,56
12,652
13,58
14,23
15,19
15,20
15,21
15,22
15,23
16,19
16,20
16,22
16,58
16,59
17,19
17,20
17,22
17,25
17,59
18,19
18,31
19,26
19,27
19,30
20,33
21,28
21,30
21,31
21,32
21,33
22,29
22,180
22,223
23,30
23,31
23,32
23,33
24,30
25,30
26,34
27,35
28,37
29,38
30,36
30,39
30,43
31,40
31,41
31,42
31,43
31,44
31,45
31,46
32,40
32,42
32,46
33,40
33,45
34,53
35,47
36,48
37,50
38,49
39,51
40,52
40,53
40,54
40,56
41,53
41,54
42,55
42,59
43,53
43,54
43,57
43,70
44,58
45,60
45,71
46,57
47,61
48,66
49,62
50,63
51,68
52,64
53,65
53,66
53,67
53,68
53,69
54,69
54,71
55,292
56,67
56,116
57,69
58,65
58,66
59,70
60,65
61,73
62,77
63,75
64,76
65,72
65,79
65,80
65,81
65,82
66,80
66,81
67,74
67,102
68,80
69,78
69,109
70,80
70,81
71,80
71,81
72,83
73,84
74,85
75,86
76,87
77,90
78,88
79,89
80,90
80,91
80,92
80,93
81,90
81,94
82,95
83,96
84,99
85,98
86,99
87,99
88,97
89,100
90,459
90,464
91,119
92,105
92,108
92,109
92,117
93,99
93,104
93,106
94,101
94,102
94,115
95,103
95,107
95,110
96,112
97,111
98,113
99,138
100,114
100,184
101,491
102,117
103,119
105,661
106,233
107,394
107,713
107,722
108,115
108,116
108,119
109,118
109,135
110,517
111,120
112,121
113,122
114,124
114,294
115,126
115,130
116,139
116,222
117,123
118,127
118,128
118,129
118,259
119,123
119,124
119,125
119,126
120,135
121,131
122,132
123,133
123,134
123,138
123,139
124,270
125,137
126,135
127,213
127,296
128,369
129,382
129,392
130,136
131,143
132,140
133,141
134,142
135,143
135,183
136,143
136,144
136,146
137,143
137,144
137,145
137,148
138,143
138,147
138,160
139,291
139,329
140,149
141,150
142,151
143,152
143,154
143,155
143,202
144,153
144,158
144,159
145,156
145,160
145,260
146,411
146,423
147,158
147,180
148,156
148,157
148,158
148,161
149,162
150,163
151,164
152,165
153,166
154,168
155,169
156,167
156,309
158,171
159,383
159,405
160,170
161,170
161,171
162,173
163,176
164,172
165,174
166,178
167,175
168,176
169,176
170,180
170,181
170,182
170,183
170,184
170,290
171,177
171,179
171,243
172,190
173,188
174,186
175,191
176,185
176,193
176,194
177,187
177,224
178,624
178,727
179,189
179,192
180,190
180,372
181,196
181,336
182,261
182,529
183,214
183,309
184,195
184,295
185,197
186,198
187,199
188,202
189,200
190,309
190,440
190,458
191,203
191,205
192,296
193,201
193,204
193,206
194,232
195,329
196,421
197,207
198,208
199,210
200,212
201,209
201,211
201,214
202,216
202,239
203,213
203,382
203,443
203,521
204,244
204,292
204,328
205,222
206,215
207,217
208,219
209,220
210,218
210,222
211,221
211,222
212,222
213,323
213,493
213,609
214,222
214,224
214,258
215,223
215,225
216,450
217,232
218,227
219,228
220,230
221,231
222,226
222,229
222,235
223,233
223,234
224,352
224,510
225,232
225,233
226,236
227,238
228,238
229,237
230,238
231,238
232,238
232,239
232,242
232,246
233,241
233,245
233,248
234,243
234,244
234,246
234,247
235,239
235,240
236,253
237,254
238,250
238,251
238,253
238,338
238,419
239,249
239,256
239,259
240,252
240,270
240,408
241,255
242,258
242,261
243,257
243,543
243,723
243,747
244,257
244,260
245,379
245,748
246,271
247,310
247,322
247,458
248,350
248,381
248,441
249,262
250,263
251,264
252,267
253,265
253,272
254,310
255,266
255,268
256,268
256,271
257,372
257,590
258,269
258,447
258,469
259,332
260,270
261,273
261,419
261,623
261,624
261,627
262,275
263,276
264,277
265,278
266,279
267,281
268,274
268,280
268,282
268,296
269,281
269,418
269,419
269,457
270,321
270,350
271,371
271,372
271,394
272,283
274,284
275,285
276,286
277,287
278,288
279,290
280,289
281,295
281,628
282,291
282,292
282,293
282,294
283,296
284,297
285,299
286,300
287,303
288,298
289,301
290,302
290,304
290,309
291,305
292,310
292,312
292,319
292,337
293,306
293,590
294,362
295,306
295,614
295,750
296,307
296,308
296,311
297,319
298,313
299,314
300,319
301,315
302,316
303,319
304,317
305,318
307,321
308,450
309,607
309,615
310,320
310,323
310,324
311,322
311,443
312,327
313,326
314,328
315,326
316,326
317,325
318,326
319,326
319,332
319,393
319,450
320,327
320,329
320,331
321,326
321,330
322,442
323,326
323,722
324,723
325,337
326,335
326,551
327,333
327,338
328,336
329,334
329,421
330,336
330,337
331,340
331,341
331,371
332,339
332,340
332,510
333,342
334,343
335,348
336,344
336,345
336,347
337,542
337,554
338,346
338,351
339,349
339,352
340,350
341,349
342,359
343,353
344,354
345,355
346,357
347,358
348,360
349,356
349,505
350,362
350,364
351,359
351,360
352,359
352,361
352,363
353,365
354,366
355,371
356,367
357,372
358,368
359,370
359,520
359,521
362,368
362,369
362,471
362,478
362,521
363,368
364,373
364,542
364,615
365,374
366,376
367,379
368,375
368,380
368,392
369,377
369,379
369,422
370,378
370,382
371,379
371,381
371,383
371,404
372,577
372,602
373,404
373,417
373,507
374,385
375,387
376,384
377,389
378,390
379,386
379,388
380,391
380,394
380,541
381,532
382,395
383,392
383,393
383,410
384,396
385,398
386,399
387,397
388,400
389,401
390,405
391,402
392,403
392,407
392,411
395,404
395,406
395,408
395,409
395,410
395,472
395,480
396,412
397,413
398,419
399,417
400,420
401,415
402,417
403,416
404,414
404,554
404,746
405,423
405,490
406,418
406,421
406,422
409,529
410,456
412,430
413,425
414,427
415,428
416,429
417,424
418,426
418,431
419,551
421,432
422,429
422,467
423,593
423,701
424,433
425,437
426,435
427,437
428,436
429,434
429,438
429,439
430,442
430,443
431,441
431,505
432,440
432,466
432,471
433,445
434,444
435,446
436,446
437,704
438,448
438,592
439,618
439,713
440,449
440,459
441,446
442,450
443,447
444,454
445,453
446,451
446,459
446,533
447,452
447,458
447,518
448,540
449,456
449,541
450,455
450,457
451,460
452,461
453,465
454,465
454,466
454,528
454,541
455,462
455,464
455,471
455,472
455,578
456,467
456,468
456,469
457,463
458,472
459,470
459,481
459,493
459,540
460,477
461,478
462,476
463,473
463,481
464,474
464,480
464,483
464,548
464,635
465,477
465,533
465,562
465,579
466,475
466,485
467,485
467,490
468,616
469,482
469,484
470,496
471,479
471,651
471,737
472,496
472,623
473,486
474,487
475,489
476,488
478,492
479,703
480,490
481,494
481,495
482,492
482,496
482,682
483,491
484,493
484,663
485,577
486,500
487,502
488,504
489,497
490,498
490,505
490,508
491,499
491,510
492,501
492,509
492,673
493,503
494,506
494,507
495,537
497,512
498,513
499,514
500,519
501,515
502,520
503,516
504,521
505,511
505,540
505,565
505,687
506,523
506,617
506,625
507,517
507,518
508,522
508,533
509,519
509,740
510,518
510,618
511,524
512,527
513,528
514,527
515,527
516,530
517,525
517,531
517,532
517,543
518,526
519,529
519,683
519,734
521,528
521,533
522,550
523,648
523,651
523,702
524,537
525,534
526,535
527,539
527,576
527,590
528,540
529,536
529,539
529,543
530,542
530,682
531,541
532,538
534,546
535,545
536,547
537,550
538,544
539,552
539,622
540,615
540,628
540,673
541,548
541,549
541,553
541,606
543,551
543,554
543,703
544,555
545,556
546,557
547,558
548,559
548,563
548,565
548,566
549,560
549,562
549,660
550,561
550,579
550,703
551,564
551,625
551,705
553,671
555,567
556,568
557,569
558,570
559,571
560,572
561,574
562,573
562,575
562,578
563,580
564,577
566,576
566,579
566,739
567,582
568,583
569,590
570,584
571,592
572,586
573,587
574,585
575,589
576,581
576,738
577,588
577,591
578,683
578,684
580,593
580,629
580,634
581,594
582,595
583,596
584,597
585,599
586,601
587,602
588,600
589,603
590,606
590,609
591,598
591,604
591,635
591,638
592,713
593,605
593,607
593,608
593,661
593,725
594,614
595,610
596,611
597,615
598,612
599,614
600,616
601,613
602,716
603,636
605,649
605,740
606,617
606,618
606,734
610,619
611,620
612,621
613,623
615,622
615,629
616,628
616,689
617,624
618,625
618,626
618,627
619,630
620,632
621,631
622,633
623,634
623,635
625,716
628,638
629,636
629,637
629,728
630,639
631,640
632,649
633,646
634,641
634,642
634,643
634,644
634,645
634,648
634,652
635,647
636,650
636,651
637,723
638,652
639,660
640,660
641,654
642,655
643,656
644,657
645,658
646,660
647,659
648,653
648,664
649,715
649,735
651,750
652,661
652,662
652,663
653,665
654,666
655,669
656,670
657,668
658,671
659,671
660,672
661,667
661,736
662,737
663,684
664,673
664,674
665,675
666,676
667,677
668,682
669,678
670,679
671,680
671,689
671,691
672,686
672,688
673,681
673,684
673,690
674,683
674,685
674,687
675,692
676,700
677,693
678,696
679,695
680,698
681,694
681,697
681,699
681,703
684,701
684,704
689,702
690,705
692,708
693,712
694,706
695,707
696,710
697,709
698,713
699,711
700,715
701,726
703,746
704,714
705,716
706,717
707,718
708,719
709,722
710,720
711,723
712,721
712,724
712,728
713,727
714,726
716,725
717,729
718,731
719,732
720,734
721,730
721,733
722,736
722,740
723,739
724,735
725,737
726,749
727,738
729,745
730,741
731,742
732,743
733,744
736,748
736,749
737,746
739,750
740,747

<end>
