<number of tasks>
750

<cycle time>
1000

<order strength>
0.318


<task times>
1 227
2 273
3 44
4 525
5 250
6 519
7 239
8 176
9 113
10 193
11 127
12 142
13 33
14 21
15 85
16 115
17 592
18 149
19 480
20 47
21 57
22 101
23 186
24 55
25 82
26 230
27 66
28 529
29 178
30 129
31 509
32 68
33 330
34 221
35 61
36 88
37 194
38 179
39 48
40 91
41 262
42 83
43 104
44 39
45 474
46 91
47 106
48 230
49 196
50 134
51 61
52 370
53 489
54 177
55 49
56 487
57 84
58 479
59 141
60 62
61 103
62 501
63 568
64 86
65 98
66 62
67 177
68 341
69 150
70 161
71 261
72 38
73 165
74 46
75 210
76 126
77 408
78 74
79 186
80 162
81 505
82 110
83 158
84 518
85 300
86 225
87 40
88 234
89 107
90 97
91 163
92 95
93 345
94 108
95 177
96 35
97 283
98 182
99 61
100 140
101 119
102 42
103 269
104 104
105 116
106 131
107 86
108 142
109 519
110 534
111 197
112 217
113 351
114 194
115 91
116 134
117 105
118 119
119 492
120 178
121 429
122 31
123 178
124 93
125 205
126 205
127 139
128 253
129 294
130 67
131 128
132 89
133 89
134 189
135 121
136 80
137 56
138 45
139 309
140 456
141 526
142 245
143 146
144 213
145 38
146 356
147 486
148 198
149 215
150 352
151 38
152 481
153 61
154 60
155 175
156 500
157 136
158 196
159 51
160 72
161 215
162 460
163 21
164 147
165 182
166 92
167 258
168 275
169 601
170 265
171 125
172 138
173 145
174 148
175 275
176 65
177 132
178 103
179 293
180 238
181 165
182 196
183 449
184 241
185 352
186 194
187 521
188 432
189 124
190 228
191 171
192 152
193 206
194 528
195 93
196 564
197 243
198 188
199 64
200 143
201 161
202 93
203 130
204 75
205 45
206 59
207 469
208 230
209 107
210 297
211 144
212 220
213 112
214 58
215 567
216 565
217 75
218 504
219 110
220 495
221 267
222 73
223 260
224 570
225 80
226 215
227 189
228 365
229 231
230 45
231 240
232 487
233 101
234 300
235 48
236 554
237 618
238 35
239 224
240 123
241 103
242 164
243 36
244 290
245 303
246 148
247 237
248 179
249 39
250 28
251 116
252 270
253 601
254 76
255 119
256 203
257 68
258 30
259 449
260 232
261 490
262 408
263 107
264 367
265 55
266 488
267 372
268 171
269 145
270 36
271 84
272 164
273 30
274 181
275 39
276 552
277 176
278 84
279 192
280 102
281 97
282 189
283 93
284 205
285 308
286 529
287 242
288 498
289 213
290 76
291 66
292 100
293 337
294 197
295 71
296 87
297 96
298 307
299 425
300 443
301 249
302 461
303 319
304 455
305 474
306 227
307 41
308 169
309 259
310 55
311 234
312 143
313 309
314 136
315 68
316 259
317 554
318 43
319 131
320 191
321 404
322 232
323 131
324 82
325 128
326 264
327 74
328 54
329 24
330 220
331 79
332 28
333 475
334 182
335 87
336 317
337 142
338 153
339 275
340 93
341 477
342 96
343 446
344 401
345 103
346 40
347 258
348 152
349 211
350 536
351 388
352 137
353 48
354 510
355 491
356 225
357 78
358 191
359 70
360 548
361 80
362 308
363 550
364 333
365 373
366 489
367 39
368 137
369 446
370 118
371 105
372 48
373 183
374 98
375 228
376 93
377 396
378 480
379 227
380 145
381 91
382 54
383 259
384 185
385 148
386 124
387 63
388 214
389 67
390 77
391 121
392 39
393 214
394 246
395 130
396 157
397 164
398 262
399 156
400 160
401 581
402 110
403 252
404 433
405 270
406 146
407 478
408 21
409 23
410 288
411 283
412 120
413 269
414 357
415 60
416 340
417 150
418 92
419 232
420 117
421 178
422 363
423 240
424 59
425 252
426 465
427 189
428 99
429 90
430 437
431 142
432 56
433 229
434 73
435 151
436 125
437 169
438 98
439 348
440 536
441 34
442 138
443 184
444 260
445 298
446 101
447 154
448 162
449 193
450 209
451 471
452 245
453 251
454 457
455 25
456 515
457 526
458 212
459 160
460 122
461 211
462 304
463 71
464 104
465 454
466 150
467 73
468 112
469 489
470 58
471 215
472 434
473 296
474 147
475 314
476 137
477 211
478 141
479 257
480 565
481 93
482 568
483 123
484 201
485 300
486 128
487 96
488 70
489 178
490 212
491 547
492 593
493 592
494 119
495 101
496 99
497 92
498 328
499 179
500 22
501 212
502 58
503 176
504 585
505 116
506 59
507 151
508 338
509 122
510 606
511 209
512 151
513 334
514 476
515 110
516 275
517 40
518 38
519 97
520 179
521 233
522 264
523 74
524 22
525 195
526 147
527 103
528 312
529 104
530 163
531 202
532 243
533 157
534 135
535 108
536 449
537 52
538 517
539 131
540 522
541 84
542 80
543 198
544 170
545 183
546 258
547 468
548 135
549 238
550 212
551 287
552 136
553 218
554 361
555 510
556 353
557 131
558 156
559 102
560 212
561 84
562 93
563 149
564 26
565 275
566 183
567 264
568 32
569 54
570 381
571 189
572 32
573 317
574 495
575 528
576 524
577 97
578 509
579 506
580 516
581 39
582 500
583 559
584 329
585 32
586 208
587 93
588 294
589 43
590 241
591 193
592 79
593 57
594 121
595 49
596 182
597 93
598 101
599 242
600 455
601 134
602 177
603 487
604 56
605 520
606 248
607 175
608 242
609 130
610 228
611 108
612 132
613 169
614 104
615 157
616 266
617 436
618 31
619 145
620 317
621 496
622 88
623 557
624 292
625 524
626 528
627 81
628 572
629 94
630 456
631 492
632 64
633 421
634 414
635 274
636 291
637 325
638 161
639 68
640 39
641 495
642 284
643 116
644 499
645 241
646 186
647 526
648 131
649 98
650 96
651 586
652 186
653 50
654 61
655 177
656 351
657 29
658 541
659 206
660 24
661 309
662 132
663 192
664 165
665 230
666 386
667 535
668 312
669 234
670 303
671 212
672 508
673 464
674 47
675 248
676 46
677 449
678 120
679 313
680 481
681 175
682 533
683 45
684 472
685 153
686 145
687 312
688 26
689 347
690 33
691 506
692 259
693 588
694 63
695 201
696 336
697 93
698 553
699 264
700 192
701 53
702 205
703 228
704 326
705 94
706 381
707 61
708 140
709 30
710 154
711 45
712 24
713 94
714 271
715 33
716 236
717 133
718 100
719 345
720 452
721 466
722 34
723 118
724 270
725 163
726 169
727 463
728 215
729 182
730 137
731 257
732 245
733 166
734 541
735 222
736 255
737 123
738 525
739 206
740 172
741 112
742 42
743 484
744 55
745 116
746 94
747 124
748 132
749 480
750 293

<precedence relations>
1,333
2,58
3,58
4,41
5,278
6,101
7,101
8,615
9,441
10,149
11,27
12,28
13,22
13,23
13,25
13,32
14,16
14,19
14,21
14,24
14,29
14,30
14,31
14,33
15,17
15,18
15,20
15,26
15,34
15,35
16,58
17,41
18,41
19,41
20,41
21,41
22,101
23,125
24,125
25,149
26,264
27,49
28,36
29,44
29,46
29,50
30,42
30,51
31,47
31,55
32,37
33,38
33,39
33,53
33,56
34,43
34,45
34,48
34,52
34,54
35,40
36,58
37,58
38,58
39,58
40,58
41,57
41,59
41,60
41,61
41,62
41,63
41,64
41,65
41,66
41,69
41,78
42,101
43,101
44,101
45,101
46,615
47,149
48,149
49,72
50,75
51,73
51,77
52,67
52,74
52,79
53,76
56,68
56,70
56,71
57,333
58,80
58,81
58,82
58,83
58,84
59,632
60,455
61,149
62,264
64,86
64,98
65,93
65,95
65,96
67,441
68,149
69,263
70,263
71,264
72,88
73,89
74,90
75,91
76,92
78,85
78,87
78,94
78,97
80,278
81,278
82,101
83,264
84,100
84,103
84,111
84,113
84,114
85,264
86,264
87,264
88,99
89,115
90,99
91,99
92,112
93,106
93,110
93,117
94,109
95,102
95,105
96,104
96,107
96,108
96,118
98,116
99,278
100,278
101,120
101,121
101,122
101,123
101,124
101,126
102,615
103,125
104,125
105,125
106,683
107,149
108,149
109,264
110,128
111,129
112,131
113,132
114,133
115,135
115,136
116,130
117,119
117,134
117,138
118,127
118,137
119,405
120,632
121,455
122,149
123,150
123,153
124,140
124,151
125,142
125,143
125,144
125,145
125,146
125,147
125,148
125,157
126,149
127,149
128,152
129,139
130,154
131,155
132,156
133,139
134,141
136,158
136,159
136,160
139,509
140,278
141,615
142,179
143,163
147,161
149,165
149,166
149,167
149,168
149,169
149,170
149,171
149,172
149,173
149,174
149,175
150,263
151,264
152,178
153,176
154,180
155,177
156,162
158,164
158,182
158,184
159,183
160,181
161,405
162,615
163,632
164,455
165,189
168,195
171,188
171,197
172,196
176,193
177,185
179,190
179,198
180,186
180,192
180,194
181,191
184,187
185,333
186,405
187,455
188,683
189,206
190,208
191,209
192,205
192,207
192,211
193,203
193,212
194,199
194,202
194,214
195,201
195,204
195,210
196,213
198,200
199,615
200,632
201,441
202,568
203,264
204,264
205,221
206,227
207,222
208,223
209,226
210,218
210,224
210,225
210,230
211,215
211,233
212,228
213,217
213,219
213,220
213,231
214,216
214,229
214,232
215,405
216,405
217,632
218,441
219,264
220,264
221,234
222,240
223,237
224,238
225,239
226,234
227,244
228,247
229,236
229,242
230,235
231,241
231,246
232,243
233,245
234,278
235,683
236,263
237,248
238,253
239,255
240,256
241,250
241,257
242,259
243,252
244,251
245,254
246,258
247,249
247,260
248,333
249,455
250,263
251,264
252,264
253,270
254,265
254,266
254,268
255,271
255,273
255,275
256,261
256,262
256,267
256,272
257,274
258,269
259,276
260,277
261,278
262,683
263,281
263,282
263,283
263,284
263,285
263,286
264,287
264,288
264,289
264,290
264,291
264,292
264,293
264,302
264,304
265,294
266,296
267,297
268,298
269,295
269,299
270,300
271,279
274,303
275,305
275,306
276,280
276,301
278,309
278,310
278,311
278,312
278,313
278,314
278,315
278,316
278,317
278,318
278,319
278,320
278,321
278,322
278,323
278,324
278,330
279,663
280,568
292,331
292,332
294,325
295,326
296,328
297,329
298,307
299,327
300,308
307,333
308,333
317,339
319,337
320,340
321,341
325,334
326,336
327,335
332,338
333,342
333,343
333,344
333,345
333,346
333,347
334,460
335,351
336,350
337,352
337,359
338,353
339,356
339,357
340,348
340,349
340,354
340,355
341,358
342,683
343,361
343,363
343,364
347,368
348,455
349,441
350,460
351,360
352,362
353,367
354,369
355,366
359,365
360,370
361,374
362,376
363,375
363,379
363,386
364,377
364,378
364,383
366,382
367,372
367,381
367,384
368,373
368,380
368,385
369,371
370,405
371,405
372,455
373,460
374,389
375,391
376,390
377,392
378,398
379,402
380,395
380,400
381,387
381,401
382,388
382,399
382,403
383,393
383,397
384,394
385,396
387,405
388,405
389,407
390,412
391,409
392,415
393,408
393,413
394,410
395,411
398,404
399,414
399,417
400,416
403,406
404,509
405,418
405,419
405,420
405,421
405,422
405,432
405,437
406,455
407,424
408,425
409,426
410,428
411,429
412,423
413,430
414,427
414,431
415,438
416,433
416,434
417,435
417,436
418,441
419,446
420,453
421,443
423,568
424,448
425,439
426,449
427,444
428,445
429,439
430,439
431,447
433,440
433,452
434,454
435,442
435,450
437,451
439,509
440,455
441,456
441,457
441,458
441,459
442,460
443,568
444,465
445,466
446,462
447,463
448,461
448,464
449,468
450,467
450,470
452,469
455,471
455,472
455,473
455,474
455,475
455,476
455,477
455,478
455,479
455,480
456,489
460,481
460,482
460,483
460,484
460,485
460,492
461,486
462,488
463,491
464,490
466,494
467,487
469,493
471,502
472,498
473,506
474,507
478,508
480,496
485,497
485,505
486,499
487,500
488,503
489,501
490,495
494,504
495,509
496,509
497,615
498,683
499,510
500,513
501,511
502,512
504,519
506,515
508,514
508,516
508,517
508,518
509,520
509,521
509,522
509,523
509,524
509,525
509,526
509,531
509,533
509,537
510,663
511,527
512,528
514,529
515,535
517,534
517,538
518,530
519,532
519,536
520,542
520,543
520,544
523,539
524,552
527,547
528,545
529,540
530,541
531,546
531,548
532,550
533,551
535,549
536,553
539,632
540,555
541,556
542,557
543,558
544,559
545,562
546,560
547,563
548,554
548,561
550,565
550,566
551,564
554,568
555,569
556,570
557,572
558,573
559,575
560,567
561,571
561,579
562,577
565,576
566,574
566,578
566,580
567,615
568,582
568,583
568,584
568,585
568,586
568,587
568,597
569,592
570,589
571,590
572,581
573,591
574,588
574,593
574,595
576,594
576,598
577,599
580,596
581,663
583,607
583,608
583,614
584,609
586,612
588,601
589,602
590,606
591,604
592,610
593,603
594,605
594,611
595,600
596,613
600,615
601,621
602,622
603,617
604,618
605,620
606,619
607,623
607,624
611,626
611,627
612,616
612,625
615,628
615,629
615,630
615,631
615,635
616,632
617,636
618,633
619,634
620,637
622,640
622,642
623,639
623,644
624,638
626,641
626,643
628,655
628,658
631,645
632,647
632,648
632,649
632,650
632,651
632,652
632,653
632,654
633,657
634,659
635,656
635,661
636,662
640,660
641,646
645,663
646,663
647,667
649,669
649,670
652,675
655,665
656,666
657,664
658,668
659,673
659,674
660,672
661,671
663,676
663,677
663,678
663,679
663,680
663,681
663,682
664,683
665,687
666,688
667,685
668,686
669,684
669,691
672,689
675,690
678,701
678,711
678,712
679,705
679,707
680,706
680,709
682,710
683,692
683,693
683,694
683,695
683,696
683,697
683,698
684,699
685,703
686,700
687,708
689,704
691,702
692,716
692,727
695,723
696,720
697,722
697,724
697,728
699,717
700,715
701,713
702,714
705,721
705,725
709,726
710,718
710,719
713,729
714,731
715,730
715,733
716,732
718,734
720,738
721,740
722,736
724,739
725,735
728,737
729,741
730,742
731,745
732,743
733,744
735,750
738,746
739,747
740,748
740,749

<end>
