<number of tasks>
750

<cycle time>
1000

<order strength>
0.595


<task times>
1 22
2 22
3 197
4 274
5 160
6 64
7 91
8 186
9 61
10 139
11 79
12 151
13 121
14 24
15 168
16 149
17 41
18 260
19 97
20 33
21 265
22 160
23 67
24 124
25 195
26 125
27 165
28 31
29 118
30 27
31 174
32 149
33 119
34 278
35 35
36 287
37 243
38 185
39 95
40 40
41 283
42 187
43 166
44 23
45 81
46 67
47 153
48 192
49 129
50 95
51 213
52 178
53 220
54 260
55 107
56 45
57 48
58 343
59 223
60 150
61 333
62 164
63 92
64 98
65 23
66 257
67 109
68 127
69 345
70 327
71 109
72 172
73 42
74 131
75 50
76 221
77 208
78 68
79 50
80 196
81 139
82 59
83 50
84 270
85 111
86 154
87 73
88 127
89 136
90 347
91 69
92 52
93 65
94 366
95 209
96 71
97 35
98 260
99 267
100 56
101 89
102 97
103 151
104 245
105 207
106 150
107 118
108 77
109 114
110 201
111 83
112 125
113 66
114 208
115 178
116 102
117 251
118 106
119 177
120 141
121 40
122 181
123 77
124 349
125 120
126 44
127 159
128 264
129 172
130 253
131 100
132 159
133 312
134 214
135 168
136 157
137 300
138 222
139 82
140 123
141 182
142 156
143 93
144 109
145 115
146 111
147 142
148 78
149 117
150 128
151 178
152 46
153 72
154 41
155 187
156 79
157 138
158 289
159 215
160 298
161 133
162 137
163 257
164 180
165 23
166 224
167 190
168 118
169 77
170 28
171 192
172 172
173 129
174 85
175 110
176 83
177 223
178 72
179 70
180 188
181 175
182 241
183 178
184 214
185 83
186 98
187 77
188 246
189 168
190 131
191 211
192 30
193 78
194 113
195 41
196 156
197 328
198 273
199 47
200 60
201 172
202 113
203 48
204 147
205 261
206 31
207 137
208 156
209 194
210 192
211 204
212 78
213 43
214 130
215 30
216 103
217 75
218 94
219 53
220 27
221 123
222 136
223 220
224 39
225 115
226 104
227 126
228 44
229 50
230 52
231 104
232 77
233 101
234 49
235 45
236 235
237 129
238 109
239 131
240 131
241 65
242 153
243 70
244 242
245 77
246 162
247 244
248 61
249 66
250 151
251 300
252 76
253 328
254 46
255 176
256 84
257 233
258 76
259 248
260 119
261 158
262 83
263 166
264 97
265 58
266 41
267 100
268 141
269 117
270 139
271 68
272 176
273 172
274 36
275 246
276 287
277 43
278 161
279 35
280 102
281 31
282 67
283 152
284 176
285 126
286 92
287 25
288 83
289 96
290 60
291 259
292 127
293 94
294 225
295 63
296 58
297 290
298 157
299 21
300 68
301 86
302 350
303 123
304 112
305 204
306 49
307 152
308 117
309 231
310 177
311 26
312 51
313 303
314 82
315 165
316 46
317 178
318 65
319 52
320 32
321 38
322 58
323 41
324 173
325 129
326 270
327 141
328 224
329 42
330 59
331 165
332 34
333 147
334 107
335 91
336 77
337 86
338 257
339 149
340 89
341 47
342 109
343 65
344 294
345 187
346 156
347 42
348 141
349 116
350 104
351 99
352 173
353 227
354 219
355 186
356 215
357 131
358 61
359 222
360 176
361 324
362 320
363 26
364 131
365 137
366 35
367 77
368 166
369 160
370 46
371 26
372 82
373 164
374 95
375 206
376 82
377 138
378 112
379 99
380 101
381 144
382 36
383 167
384 193
385 65
386 88
387 194
388 215
389 37
390 227
391 193
392 142
393 56
394 219
395 244
396 56
397 94
398 190
399 157
400 168
401 164
402 84
403 121
404 95
405 39
406 237
407 195
408 168
409 139
410 143
411 310
412 34
413 30
414 215
415 85
416 115
417 346
418 67
419 147
420 46
421 54
422 104
423 226
424 51
425 282
426 51
427 114
428 60
429 24
430 121
431 30
432 127
433 78
434 204
435 173
436 92
437 175
438 325
439 56
440 132
441 221
442 128
443 78
444 42
445 190
446 179
447 256
448 200
449 32
450 251
451 86
452 40
453 248
454 26
455 153
456 187
457 151
458 113
459 72
460 101
461 237
462 147
463 82
464 151
465 82
466 257
467 169
468 117
469 100
470 161
471 78
472 197
473 54
474 79
475 195
476 130
477 28
478 84
479 165
480 227
481 247
482 68
483 148
484 114
485 132
486 101
487 121
488 90
489 168
490 54
491 113
492 168
493 133
494 268
495 232
496 114
497 195
498 134
499 68
500 68
501 249
502 87
503 114
504 37
505 77
506 164
507 291
508 48
509 147
510 252
511 195
512 84
513 76
514 169
515 92
516 224
517 133
518 135
519 157
520 96
521 66
522 83
523 216
524 51
525 145
526 86
527 41
528 154
529 282
530 45
531 217
532 118
533 63
534 75
535 113
536 29
537 208
538 68
539 57
540 121
541 129
542 208
543 169
544 111
545 57
546 38
547 70
548 178
549 132
550 71
551 170
552 264
553 145
554 43
555 143
556 282
557 198
558 119
559 347
560 23
561 198
562 163
563 138
564 207
565 149
566 308
567 69
568 101
569 131
570 222
571 56
572 228
573 32
574 124
575 216
576 151
577 264
578 164
579 68
580 77
581 123
582 164
583 218
584 68
585 54
586 115
587 131
588 64
589 152
590 76
591 182
592 80
593 134
594 180
595 191
596 74
597 59
598 158
599 239
600 332
601 64
602 164
603 208
604 165
605 119
606 71
607 385
608 228
609 248
610 76
611 89
612 200
613 128
614 63
615 103
616 148
617 148
618 213
619 229
620 65
621 45
622 172
623 167
624 139
625 102
626 77
627 107
628 76
629 232
630 224
631 138
632 188
633 95
634 167
635 186
636 41
637 105
638 92
639 266
640 270
641 144
642 266
643 99
644 149
645 34
646 177
647 84
648 22
649 167
650 79
651 31
652 77
653 122
654 123
655 152
656 86
657 58
658 262
659 295
660 68
661 125
662 121
663 117
664 46
665 176
666 178
667 274
668 99
669 137
670 226
671 23
672 103
673 171
674 205
675 127
676 166
677 25
678 114
679 21
680 236
681 108
682 87
683 180
684 103
685 30
686 223
687 207
688 188
689 101
690 256
691 25
692 268
693 144
694 160
695 255
696 45
697 37
698 81
699 137
700 374
701 153
702 38
703 226
704 254
705 173
706 90
707 109
708 182
709 75
710 102
711 72
712 29
713 174
714 97
715 25
716 223
717 89
718 162
719 196
720 180
721 204
722 185
723 61
724 73
725 62
726 181
727 22
728 265
729 210
730 204
731 198
732 154
733 187
734 75
735 146
736 87
737 128
738 164
739 100
740 127
741 113
742 64
743 45
744 66
745 80
746 140
747 374
748 95
749 68
750 318

<precedence relations>
1,122
2,122
3,122
4,311
5,548
6,191
7,191
8,360
9,72
10,167
11,111
12,420
13,104
14,18
14,19
14,20
14,21
14,22
14,26
14,27
14,29
14,31
14,32
15,16
15,17
15,23
15,24
15,25
15,28
15,30
16,48
17,48
18,48
19,48
20,191
21,243
22,360
23,578
24,72
25,72
26,72
27,688
28,632
29,104
30,33
30,35
30,37
30,43
31,34
31,36
31,38
31,39
31,41
31,44
31,46
32,40
32,42
32,45
32,47
33,48
34,48
35,48
36,48
37,48
38,48
39,162
40,394
41,720
42,523
43,549
44,360
45,167
46,50
46,51
46,54
46,55
46,56
46,59
46,60
47,49
47,52
47,53
47,57
47,58
47,137
48,61
48,62
48,63
48,64
48,65
48,66
48,67
48,68
48,69
48,75
49,724
50,336
51,336
52,72
53,273
54,111
55,632
56,104
57,104
58,498
58,579
59,99
59,526
60,70
60,71
60,73
60,74
60,219
61,122
62,548
63,167
64,111
65,632
66,104
67,80
67,89
67,90
68,78
69,311
70,311
71,444
72,79
72,82
72,83
72,84
72,85
72,86
72,87
73,167
74,77
74,81
74,109
75,76
75,88
76,481
77,673
78,191
79,191
80,336
81,379
82,167
83,111
84,104
85,92
85,110
86,96
86,101
86,103
87,91
87,95
87,100
88,290
89,97
89,99
89,102
89,105
90,93
90,94
90,98
90,106
91,481
92,122
93,162
94,311
95,191
96,720
97,593
98,360
99,688
100,167
101,290
102,111
103,111
104,113
104,114
104,115
104,116
104,117
104,118
104,119
105,108
105,109
105,110
105,120
105,121
106,107
106,112
106,127
107,122
108,162
109,523
110,549
111,123
111,130
111,131
111,132
111,133
111,135
112,632
113,135
113,147
113,249
114,122
114,166
115,122
115,123
115,124
115,166
116,123
116,125
116,129
116,237
117,134
117,314
117,342
118,122
118,127
118,128
119,147
119,269
119,272
120,137
120,236
120,271
121,122
121,126
121,136
122,138
122,139
122,140
122,141
122,142
122,143
122,144
123,311
124,394
125,444
126,243
127,243
128,243
129,578
130,149
131,147
131,158
132,148
132,170
133,444
134,271
134,345
134,359
134,398
134,422
135,145
135,146
135,295
136,145
136,146
136,151
137,148
137,272
138,336
139,167
140,650
141,157
142,154
143,158
143,161
143,169
144,150
144,156
144,159
145,406
146,273
147,167
148,153
148,155
148,160
148,168
148,233
149,150
149,151
149,152
150,162
151,191
152,191
153,593
154,243
155,546
156,406
157,167
158,573
159,168
160,165
160,166
160,169
161,163
161,164
161,170
161,171
162,172
162,173
162,174
162,175
162,176
162,177
162,178
162,179
162,180
163,191
164,523
165,243
166,379
167,181
167,182
167,183
167,184
167,185
167,186
167,189
168,420
169,188
169,234
169,282
170,187
170,271
171,479
171,486
172,191
173,573
174,196
175,197
175,367
176,692
177,560
178,297
179,219
179,249
179,282
179,359
180,190
180,294
180,408
181,194
181,198
182,210
183,344
183,532
184,192
184,195
184,247
185,231
185,318
185,338
186,190
186,193
186,217
187,617
188,624
188,670
189,393
189,515
190,548
191,199
191,200
191,201
191,202
191,203
191,204
191,205
191,206
191,207
191,208
191,212
191,213
191,214
191,215
192,444
193,243
194,379
195,546
196,210
196,211
196,244
197,433
198,209
198,234
199,593
200,689
201,222
202,412
203,217
203,219
203,228
204,218
204,221
204,227
205,226
206,224
207,365
207,398
207,424
208,223
208,225
208,312
209,243
210,360
211,336
212,420
213,216
213,354
213,391
214,216
214,220
214,332
215,341
216,481
217,311
218,243
219,360
220,336
221,456
222,290
223,420
224,235
224,237
225,229
225,230
225,231
225,316
226,232
226,234
226,236
226,333
227,233
227,239
227,240
228,238
228,242
229,481
230,673
231,311
232,394
233,459
234,619
235,243
236,336
237,241
237,244
237,245
237,246
237,249
238,247
239,243
240,241
240,242
240,243
240,248
240,250
240,251
241,619
242,444
243,252
243,253
243,254
243,255
243,256
243,257
243,258
243,259
243,260
243,261
243,262
243,263
243,264
243,265
243,266
244,336
245,456
246,290
247,290
248,632
249,267
249,270
250,268
250,269
251,271
251,272
252,673
253,273
254,290
256,446
256,625
257,346
258,381
258,396
258,400
259,273
259,277
260,275
260,318
260,369
260,382
260,391
261,273
261,274
261,275
261,276
261,293
261,295
263,279
264,278
265,681
266,405
266,548
267,360
268,360
269,273
270,632
271,312
271,397
272,274
272,308
273,283
273,284
273,285
273,286
273,287
273,288
273,289
273,291
274,290
275,294
275,319
275,398
276,292
277,281
277,282
277,293
277,295
278,280
278,331
279,296
279,546
279,601
280,311
281,379
282,406
283,308
283,392
284,296
284,310
284,353
285,297
285,300
286,314
286,422
287,298
287,446
288,633
289,680
290,296
290,299
290,301
290,302
290,303
290,304
290,305
290,306
290,307
291,420
292,308
292,572
292,635
292,679
293,314
294,309
294,494
295,635
295,649
295,674
296,673
297,311
298,459
299,456
300,689
301,312
302,441
302,506
303,313
303,626
304,468
305,317
305,332
306,390
307,311
307,315
307,316
309,367
310,314
310,318
310,319
311,320
311,321
311,322
311,323
311,324
311,325
311,326
311,330
311,332
312,394
313,523
314,360
315,336
316,420
317,327
317,328
317,331
318,329
319,527
319,578
320,724
321,337
322,341
323,334
323,344
324,335
325,340
326,339
326,342
327,619
328,360
329,336
330,379
331,335
331,338
331,341
332,333
332,336
333,394
334,394
335,619
336,343
336,347
336,348
336,349
336,350
336,354
337,379
338,379
339,344
339,345
339,346
339,352
340,342
341,351
341,353
341,354
342,724
343,394
344,523
345,360
346,578
347,379
348,365
349,468
350,357
350,366
350,367
351,379
352,355
352,359
352,362
352,363
353,358
353,440
354,356
354,361
354,364
355,481
356,394
357,619
358,444
359,444
360,368
360,369
360,370
360,371
360,372
360,373
360,374
360,375
360,376
360,377
360,378
361,379
362,379
363,546
364,406
365,408
366,381
366,577
366,618
367,380
367,714
368,444
369,495
370,573
371,390
372,382
373,612
374,382
375,391
376,410
377,710
378,393
379,383
379,384
379,385
379,386
379,387
379,388
379,389
379,390
379,392
380,440
380,709
381,484
382,394
383,507
384,399
384,421
385,395
385,398
386,396
387,486
388,397
388,422
389,434
390,500
391,393
392,393
393,481
394,401
394,402
394,403
394,404
395,406
396,420
397,405
397,514
397,521
398,407
398,410
399,400
399,408
399,409
400,481
401,420
402,412
402,424
402,495
403,432
403,493
404,421
404,423
405,688
406,411
406,413
406,414
406,415
406,416
406,417
406,418
406,419
407,420
408,411
408,422
408,439
409,746
410,468
411,459
412,619
413,546
416,497
417,439
419,601
419,649
420,425
420,426
420,427
420,428
420,429
420,430
421,711
422,438
423,605
424,534
424,548
424,611
425,436
425,438
426,437
426,441
426,518
426,604
427,434
427,478
428,432
428,435
428,437
428,482
428,485
429,431
429,433
429,440
429,484
430,439
430,442
431,724
432,593
433,444
434,495
435,578
436,456
437,688
438,497
439,443
439,445
439,446
440,693
440,718
441,443
442,447
442,476
442,477
443,724
444,451
444,452
444,453
444,454
444,455
445,456
446,545
446,712
447,448
447,449
447,450
447,457
448,673
449,459
450,523
451,458
451,616
452,546
452,560
453,460
454,602
455,495
456,461
456,462
456,463
456,464
456,465
456,466
457,459
457,467
458,724
459,469
459,470
459,471
459,472
459,473
459,474
459,475
460,549
462,480
462,481
464,476
465,468
465,477
465,479
465,486
466,478
467,507
467,611
468,481
469,670
471,482
471,719
471,723
472,483
472,497
473,487
474,485
475,484
476,573
476,622
476,674
477,496
477,524
478,484
478,486
480,691
481,488
481,489
481,490
481,491
481,492
482,673
483,578
484,688
485,494
486,493
486,500
487,493
488,593
489,688
490,496
491,497
491,499
492,498
492,500
493,495
495,501
495,502
495,503
495,504
495,506
496,505
496,506
496,507
496,516
497,505
497,508
497,509
497,519
498,521
498,623
499,572
499,604
500,508
500,519
501,573
502,708
504,510
504,515
505,688
506,514
507,580
508,511
508,513
508,521
508,591
509,512
510,724
511,650
512,516
512,520
512,522
513,518
514,517
515,519
515,521
516,523
517,549
518,632
519,533
520,526
520,527
520,529
520,581
521,524
521,525
521,531
522,528
522,530
522,532
522,534
523,536
523,537
523,538
523,539
523,540
523,541
523,542
523,543
523,544
523,547
523,591
524,549
525,546
526,689
527,650
528,632
529,535
529,575
530,615
530,692
532,548
533,535
533,545
533,546
534,579
535,548
538,560
538,716
538,744
540,558
541,634
542,559
545,549
546,550
546,551
546,552
546,553
546,554
546,555
546,556
546,557
546,615
547,617
547,706
548,561
548,562
548,563
548,564
548,565
548,566
549,567
549,568
549,569
549,570
549,571
551,576
553,574
554,604
554,724
555,572
556,575
558,573
559,654
561,578
562,579
562,601
563,579
564,689
565,592
566,577
566,591
567,651
570,589
570,590
572,632
573,582
573,583
573,584
573,585
573,586
573,587
573,588
573,679
574,712
575,580
575,602
576,581
577,593
578,594
578,595
578,596
578,597
578,598
578,599
578,600
579,689
580,632
581,632
583,604
583,617
584,605
585,601
588,710
590,648
590,667
591,602
591,667
592,603
593,606
593,607
593,608
593,609
593,610
596,636
597,709
598,621
599,612
599,626
599,668
601,688
602,650
603,632
604,714
605,611
605,672
605,676
607,615
607,617
608,748
610,613
610,614
610,616
612,618
612,670
613,673
614,619
615,619
616,622
616,624
616,625
617,620
617,621
617,623
618,652
619,626
619,627
619,628
619,629
619,630
619,631
619,633
620,632
621,635
622,677
622,711
623,634
623,720
626,720
628,636
632,637
632,638
632,639
632,640
632,641
632,642
632,643
632,644
632,645
632,646
632,647
633,636
633,653
634,648
635,691
636,650
638,651
638,652
638,744
639,716
640,709
642,653
643,692
644,654
644,656
644,732
645,649
647,655
649,673
650,659
650,660
650,661
650,662
650,663
650,664
650,665
650,666
651,670
651,671
652,669
652,672
652,745
653,672
654,658
654,668
654,716
655,657
655,667
657,673
658,673
659,677
660,675
660,681
662,679
663,680
663,723
664,689
665,674
666,745
668,707
668,710
670,676
672,678
673,682
673,683
673,684
673,685
673,686
673,687
673,692
674,688
675,689
676,691
676,750
677,688
678,733
679,749
680,693
681,690
688,694
688,695
688,696
688,697
688,698
689,699
689,700
689,701
689,702
689,703
689,704
689,705
692,720
693,706
697,707
701,714
703,708
704,710
705,709
707,715
707,717
707,718
708,712
708,714
709,713
709,716
709,748
710,711
711,720
712,721
713,723
715,719
717,722
719,724
720,725
720,726
720,727
720,728
720,729
720,730
720,731
721,733
723,732
723,749
724,734
724,735
724,736
724,737
724,738
724,739
724,740
724,741
724,742
724,743
726,744
727,746
729,745
741,747
743,748
743,749
743,750

<end>
