<number of tasks>
750

<cycle time>
1000

<order strength>
0.198


<task times>
1 603
2 518
3 563
4 834
5 686
6 330
7 507
8 705
9 533
10 554
11 586
12 387
13 430
14 487
15 443
16 753
17 324
18 557
19 598
20 527
21 607
22 634
23 305
24 788
25 518
26 483
27 373
28 261
29 488
30 553
31 646
32 591
33 540
34 448
35 440
36 595
37 555
38 452
39 617
40 463
41 479
42 338
43 691
44 468
45 514
46 147
47 426
48 614
49 475
50 446
51 447
52 450
53 292
54 632
55 318
56 562
57 619
58 643
59 351
60 739
61 848
62 364
63 499
64 551
65 567
66 567
67 606
68 777
69 535
70 539
71 408
72 311
73 460
74 582
75 361
76 631
77 519
78 452
79 360
80 447
81 448
82 587
83 378
84 488
85 484
86 480
87 472
88 592
89 559
90 514
91 680
92 596
93 616
94 540
95 523
96 751
97 426
98 541
99 753
100 479
101 718
102 750
103 400
104 579
105 609
106 509
107 425
108 589
109 747
110 626
111 318
112 401
113 426
114 664
115 516
116 479
117 383
118 518
119 465
120 424
121 710
122 546
123 690
124 323
125 563
126 506
127 660
128 417
129 419
130 434
131 612
132 493
133 496
134 559
135 465
136 300
137 169
138 480
139 397
140 756
141 327
142 515
143 466
144 620
145 654
146 522
147 515
148 527
149 118
150 786
151 489
152 434
153 378
154 346
155 617
156 575
157 416
158 359
159 463
160 597
161 519
162 285
163 291
164 719
165 424
166 701
167 509
168 337
169 414
170 611
171 524
172 550
173 593
174 550
175 546
176 491
177 420
178 552
179 558
180 518
181 569
182 398
183 399
184 468
185 590
186 572
187 616
188 296
189 243
190 636
191 411
192 378
193 361
194 270
195 586
196 659
197 388
198 539
199 402
200 495
201 475
202 418
203 656
204 538
205 515
206 480
207 616
208 361
209 488
210 562
211 580
212 747
213 341
214 448
215 454
216 584
217 358
218 504
219 625
220 507
221 313
222 381
223 223
224 615
225 461
226 464
227 573
228 392
229 429
230 311
231 370
232 361
233 442
234 386
235 536
236 595
237 430
238 544
239 503
240 484
241 311
242 603
243 330
244 442
245 523
246 608
247 426
248 458
249 460
250 735
251 550
252 597
253 345
254 465
255 463
256 542
257 518
258 375
259 518
260 378
261 633
262 526
263 393
264 470
265 499
266 540
267 636
268 383
269 574
270 372
271 717
272 541
273 492
274 451
275 551
276 456
277 605
278 634
279 377
280 730
281 496
282 405
283 823
284 432
285 325
286 474
287 482
288 408
289 763
290 239
291 658
292 522
293 372
294 635
295 500
296 297
297 578
298 371
299 447
300 265
301 381
302 514
303 554
304 396
305 692
306 520
307 482
308 565
309 528
310 498
311 528
312 486
313 365
314 238
315 665
316 416
317 650
318 381
319 378
320 554
321 402
322 507
323 600
324 729
325 389
326 380
327 607
328 541
329 684
330 471
331 354
332 369
333 422
334 425
335 360
336 486
337 381
338 417
339 487
340 368
341 522
342 352
343 717
344 630
345 452
346 416
347 229
348 662
349 540
350 698
351 532
352 540
353 374
354 531
355 554
356 398
357 348
358 508
359 829
360 527
361 318
362 551
363 552
364 250
365 590
366 603
367 557
368 494
369 316
370 688
371 471
372 415
373 444
374 304
375 455
376 559
377 219
378 574
379 706
380 578
381 405
382 420
383 324
384 482
385 425
386 695
387 614
388 609
389 364
390 528
391 637
392 640
393 553
394 366
395 536
396 482
397 627
398 602
399 570
400 326
401 491
402 732
403 559
404 472
405 621
406 537
407 643
408 753
409 358
410 616
411 527
412 487
413 466
414 575
415 516
416 539
417 439
418 544
419 633
420 624
421 522
422 443
423 556
424 422
425 449
426 516
427 380
428 417
429 538
430 659
431 561
432 604
433 430
434 469
435 638
436 451
437 525
438 706
439 405
440 544
441 644
442 641
443 242
444 604
445 525
446 423
447 482
448 717
449 447
450 703
451 583
452 508
453 795
454 631
455 402
456 469
457 332
458 661
459 447
460 341
461 312
462 483
463 333
464 559
465 336
466 615
467 561
468 348
469 725
470 516
471 475
472 521
473 336
474 505
475 467
476 537
477 527
478 309
479 491
480 504
481 324
482 605
483 516
484 519
485 479
486 513
487 562
488 733
489 474
490 272
491 494
492 494
493 481
494 553
495 795
496 614
497 433
498 696
499 369
500 459
501 552
502 751
503 521
504 592
505 587
506 539
507 592
508 450
509 817
510 549
511 366
512 424
513 598
514 683
515 492
516 594
517 295
518 450
519 543
520 569
521 527
522 412
523 488
524 669
525 284
526 497
527 784
528 510
529 375
530 314
531 408
532 608
533 420
534 501
535 510
536 605
537 426
538 598
539 186
540 584
541 282
542 464
543 419
544 303
545 565
546 392
547 364
548 332
549 551
550 491
551 631
552 647
553 463
554 463
555 346
556 404
557 822
558 435
559 549
560 495
561 392
562 414
563 463
564 782
565 469
566 500
567 498
568 575
569 584
570 533
571 342
572 458
573 384
574 540
575 627
576 660
577 490
578 453
579 470
580 605
581 364
582 561
583 636
584 652
585 547
586 686
587 351
588 394
589 654
590 435
591 719
592 526
593 708
594 489
595 318
596 448
597 216
598 415
599 462
600 661
601 510
602 564
603 624
604 575
605 607
606 432
607 436
608 475
609 518
610 451
611 398
612 578
613 578
614 650
615 393
616 647
617 496
618 367
619 565
620 311
621 412
622 544
623 449
624 530
625 675
626 243
627 723
628 720
629 407
630 777
631 367
632 309
633 428
634 545
635 400
636 402
637 627
638 706
639 335
640 824
641 682
642 597
643 398
644 380
645 456
646 328
647 590
648 465
649 342
650 400
651 596
652 540
653 437
654 676
655 568
656 356
657 613
658 530
659 581
660 595
661 536
662 451
663 524
664 522
665 674
666 484
667 397
668 535
669 636
670 397
671 467
672 365
673 610
674 460
675 461
676 522
677 388
678 417
679 591
680 428
681 298
682 374
683 547
684 402
685 394
686 512
687 504
688 470
689 476
690 369
691 432
692 530
693 616
694 531
695 469
696 747
697 563
698 541
699 279
700 431
701 365
702 420
703 408
704 716
705 493
706 408
707 387
708 297
709 601
710 379
711 661
712 379
713 282
714 305
715 495
716 381
717 510
718 597
719 457
720 678
721 402
722 447
723 492
724 435
725 550
726 516
727 307
728 353
729 651
730 552
731 516
732 379
733 357
734 610
735 380
736 380
737 514
738 315
739 623
740 588
741 201
742 527
743 680
744 315
745 432
746 457
747 345
748 347
749 525
750 426

<precedence relations>
1,16
2,18
3,19
4,20
5,23
6,25
7,17
7,21
7,22
7,24
7,216
8,27
8,341
8,499
9,26
9,33
9,35
11,28
11,30
11,469
12,34
14,31
14,670
15,29
15,32
16,45
17,36
18,46
19,37
20,38
21,39
22,42
23,40
24,43
25,44
26,41
26,51
27,54
28,47
28,52
29,221
30,53
30,173
31,125
32,48
32,221
32,578
33,49
33,50
34,391
36,56
37,55
38,57
39,66
40,59
41,62
42,58
43,64
44,65
45,60
45,61
45,432
46,68
47,63
47,125
47,143
48,394
50,67
51,237
52,96
52,341
53,289
53,324
54,155
54,225
55,69
56,74
57,75
58,70
59,75
60,71
61,72
62,76
63,73
64,75
65,77
66,78
66,79
66,85
67,80
67,81
67,82
67,84
67,86
67,126
68,83
68,217
69,88
70,89
71,92
72,93
73,90
74,91
75,87
76,97
76,218
76,745
77,99
77,357
78,160
78,321
79,100
80,95
80,98
81,430
82,94
83,409
84,96
84,289
85,217
85,744
86,390
86,727
87,101
88,102
89,104
90,108
91,106
92,105
93,103
93,115
94,427
94,452
95,107
95,112
95,190
96,109
96,116
97,111
97,113
98,111
98,603
99,110
100,114
101,121
102,117
103,119
104,122
105,121
106,118
106,726
107,120
107,564
108,126
108,173
109,129
109,291
110,123
111,127
112,428
113,124
113,125
113,128
113,328
114,452
114,483
117,131
118,130
119,136
120,132
121,133
121,134
121,140
121,254
121,342
121,427
122,143
123,135
123,142
123,151
123,271
124,746
126,141
128,152
129,137
129,138
129,139
129,144
130,145
131,146
132,147
133,148
134,149
135,150
136,159
137,158
137,256
138,152
138,160
140,156
140,244
141,155
141,199
142,619
142,658
143,154
144,151
144,153
144,157
144,565
145,163
146,161
147,164
148,166
149,167
150,168
151,162
151,169
151,172
152,165
152,240
153,600
154,170
154,173
157,176
157,292
158,177
158,257
159,174
159,175
160,171
161,178
162,179
163,183
164,180
165,181
166,182
167,184
168,185
169,186
170,190
171,286
172,470
173,189
173,191
175,187
175,321
177,188
177,325
177,577
178,192
179,196
180,194
181,197
182,198
183,195
184,198
185,200
186,198
187,193
187,203
187,469
189,201
189,204
189,205
190,199
190,206
191,202
192,214
193,207
194,208
195,209
196,211
197,212
198,213
198,727
199,210
199,215
200,221
200,222
200,224
201,219
202,218
202,435
202,502
203,215
203,216
203,671
204,598
205,217
205,225
205,416
206,220
206,223
206,226
207,227
208,229
209,228
210,230
211,232
212,232
213,231
214,240
214,566
215,238
216,236
216,244
217,260
219,377
220,470
221,241
221,242
221,243
221,244
222,234
222,235
222,239
225,233
226,237
226,241
227,245
228,248
229,246
230,249
231,247
232,250
232,433
232,472
233,470
233,631
234,254
234,257
235,256
235,258
236,260
237,251
237,255
238,253
238,271
241,308
242,259
242,261
242,523
242,650
242,741
243,252
243,747
245,262
246,263
247,264
248,267
249,271
250,266
251,265
251,269
251,270
252,268
252,354
253,274
253,691
254,275
255,273
256,566
257,272
259,325
259,482
262,277
263,276
264,278
265,279
266,280
267,282
268,283
269,285
270,281
270,284
270,291
271,295
272,287
272,295
273,288
273,290
273,371
273,499
274,286
274,289
274,292
274,293
274,294
274,575
274,580
276,296
277,297
278,298
279,302
280,299
281,300
282,305
283,301
284,303
285,304
286,324
286,553
287,637
289,615
290,309
290,310
292,707
294,308
294,535
295,306
295,307
295,311
296,312
297,313
298,314
299,315
300,316
301,322
302,317
303,323
304,318
305,320
305,321
306,328
307,325
307,391
309,326
309,329
309,431
310,340
311,319
311,324
311,327
311,330
312,331
313,333
314,340
315,334
316,337
317,338
318,339
319,332
320,335
321,336
324,524
326,343
326,346
326,356
327,345
328,342
328,710
329,341
329,344
329,353
331,351
332,347
333,351
334,348
335,349
336,350
337,351
338,353
339,351
340,356
341,357
341,360
343,354
343,359
343,539
343,600
344,358
345,352
345,355
345,361
345,467
347,367
348,369
349,370
350,365
351,362
351,363
351,364
351,373
351,376
352,366
352,637
353,525
355,375
355,620
356,368
357,374
357,540
357,747
358,372
358,378
358,458
359,377
360,402
361,371
362,382
363,383
364,384
365,379
366,386
367,380
367,385
367,389
367,390
368,381
368,598
369,392
370,388
371,387
371,393
371,632
372,413
372,580
373,455
374,523
374,583
374,617
375,391
375,749
376,673
378,394
379,395
380,396
381,397
382,401
383,403
384,401
385,399
386,401
387,400
388,398
388,406
388,412
388,413
389,405
389,407
389,651
389,656
389,746
390,402
390,408
390,410
390,411
390,415
391,472
392,404
392,409
392,499
394,414
394,416
395,425
396,417
397,418
398,419
399,421
400,424
402,420
403,595
404,422
404,429
404,437
405,423
405,715
405,716
406,431
406,735
406,743
408,428
408,430
410,433
410,435
410,436
411,427
411,650
412,432
412,434
412,601
412,713
413,633
415,426
417,438
418,440
419,442
420,443
421,441
422,447
423,448
424,449
425,444
425,445
425,452
426,439
426,451
427,446
427,453
427,455
433,450
434,454
434,456
436,740
437,457
437,458
438,461
439,459
440,467
441,460
442,468
443,462
444,463
445,464
446,465
447,467
448,470
449,466
451,473
451,501
453,472
453,595
454,469
454,615
455,471
457,707
459,475
460,482
461,474
462,476
463,477
464,479
465,484
466,480
469,478
470,487
470,489
471,481
471,483
471,485
471,488
472,525
473,486
474,491
475,493
476,494
477,498
478,496
479,497
480,490
481,492
481,503
482,539
483,495
483,501
483,504
484,499
485,502
486,505
489,500
490,506
491,507
492,508
493,516
494,517
495,509
496,510
497,511
498,514
499,512
499,513
499,515
499,526
500,521
501,525
502,520
502,524
504,518
504,519
505,522
505,523
505,526
506,527
507,528
508,534
509,529
510,531
511,534
512,532
513,533
514,536
515,530
515,535
516,540
516,567
518,632
520,670
520,708
521,539
521,540
523,746
525,537
526,538
527,541
528,542
529,544
530,545
531,546
532,550
533,543
534,548
534,549
535,547
535,553
536,551
537,554
539,552
540,618
541,562
542,555
543,556
544,558
545,563
546,561
547,557
548,559
549,560
550,564
551,565
551,567
551,569
553,568
554,566
555,570
556,576
557,574
558,571
559,572
560,578
561,573
562,575
562,577
562,580
563,583
563,585
566,581
566,582
566,584
566,586
569,579
570,588
571,594
572,595
573,596
574,591
575,587
575,592
575,600
576,744
577,589
578,602
578,735
579,590
579,598
579,715
580,603
580,708
581,597
582,601
583,593
583,649
584,599
586,670
587,604
588,605
589,608
590,610
591,612
592,606
592,609
592,611
592,707
593,607
593,613
597,614
597,619
598,742
599,616
599,618
599,714
600,617
601,615
602,620
603,650
604,621
605,631
606,622
607,624
608,626
609,628
610,627
611,629
612,630
613,623
613,637
614,625
614,635
616,638
617,636
617,692
618,633
619,632
619,711
620,634
621,642
622,639
623,640
624,648
625,641
626,644
627,643
628,649
629,645
630,646
631,650
631,651
631,654
632,655
632,656
632,657
635,659
636,647
636,652
636,655
638,653
638,658
639,660
640,662
641,663
642,664
643,671
644,665
645,668
646,666
647,661
648,672
650,667
650,669
653,674
655,689
655,743
658,673
659,670
660,676
661,678
662,679
663,680
664,677
665,682
666,683
667,684
668,686
669,675
669,689
669,690
670,681
671,692
672,685
672,687
672,688
672,691
672,693
672,694
675,695
676,706
677,697
678,698
679,707
680,699
681,700
682,702
683,708
684,709
685,703
686,705
687,696
687,704
687,711
687,714
687,715
688,701
688,713
689,710
690,717
691,712
691,716
695,718
696,719
697,725
698,720
699,721
700,726
701,722
702,723
703,725
704,724
705,727
706,730
707,728
707,734
707,735
708,729
709,731
710,734
711,732
715,733
716,726
718,736
719,739
720,737
721,740
722,739
723,738
724,739
725,741
726,742
728,743
729,750
730,747
731,745
732,748
734,746
735,744
735,749

<end>
