<number of tasks>
750

<cycle time>
1000

<order strength>
0.596


<task times>
1 524
2 636
3 601
4 450
5 529
6 760
7 516
8 450
9 533
10 601
11 483
12 509
13 265
14 461
15 485
16 528
17 480
18 539
19 535
20 544
21 367
22 512
23 452
24 625
25 391
26 483
27 298
28 628
29 592
30 578
31 349
32 603
33 340
34 540
35 449
36 541
37 322
38 575
39 381
40 472
41 574
42 357
43 537
44 168
45 495
46 390
47 525
48 634
49 342
50 406
51 387
52 734
53 481
54 401
55 536
56 736
57 449
58 634
59 500
60 489
61 565
62 526
63 327
64 485
65 420
66 497
67 283
68 539
69 494
70 510
71 780
72 355
73 263
74 666
75 750
76 370
77 533
78 571
79 375
80 503
81 497
82 629
83 638
84 436
85 421
86 359
87 532
88 503
89 940
90 500
91 485
92 681
93 450
94 535
95 700
96 488
97 549
98 450
99 460
100 562
101 393
102 361
103 357
104 350
105 579
106 399
107 360
108 477
109 445
110 426
111 616
112 497
113 622
114 442
115 303
116 449
117 562
118 373
119 511
120 513
121 389
122 476
123 490
124 414
125 823
126 532
127 481
128 398
129 440
130 656
131 665
132 676
133 304
134 452
135 550
136 659
137 471
138 314
139 581
140 635
141 407
142 587
143 449
144 567
145 480
146 340
147 515
148 573
149 515
150 512
151 527
152 553
153 396
154 552
155 539
156 387
157 327
158 577
159 386
160 646
161 447
162 376
163 398
164 387
165 545
166 605
167 642
168 346
169 535
170 565
171 564
172 593
173 385
174 283
175 603
176 565
177 440
178 477
179 432
180 650
181 372
182 498
183 344
184 376
185 441
186 568
187 386
188 682
189 578
190 605
191 581
192 383
193 358
194 751
195 390
196 320
197 237
198 524
199 483
200 540
201 561
202 492
203 255
204 174
205 530
206 509
207 472
208 657
209 648
210 630
211 382
212 473
213 674
214 733
215 588
216 384
217 574
218 514
219 579
220 396
221 587
222 539
223 606
224 314
225 549
226 331
227 272
228 549
229 307
230 490
231 672
232 269
233 195
234 332
235 277
236 431
237 571
238 517
239 653
240 462
241 544
242 476
243 625
244 599
245 536
246 438
247 609
248 586
249 602
250 485
251 636
252 491
253 417
254 353
255 496
256 789
257 416
258 742
259 407
260 350
261 441
262 219
263 336
264 469
265 401
266 444
267 473
268 774
269 460
270 662
271 399
272 448
273 386
274 639
275 616
276 603
277 448
278 532
279 565
280 247
281 617
282 287
283 724
284 405
285 563
286 450
287 593
288 512
289 567
290 464
291 568
292 502
293 372
294 409
295 549
296 663
297 519
298 531
299 574
300 372
301 316
302 673
303 639
304 564
305 603
306 259
307 587
308 632
309 242
310 564
311 474
312 428
313 671
314 642
315 452
316 616
317 431
318 438
319 363
320 382
321 445
322 397
323 676
324 541
325 484
326 346
327 493
328 632
329 371
330 639
331 733
332 509
333 573
334 541
335 544
336 419
337 616
338 505
339 428
340 717
341 520
342 719
343 492
344 536
345 520
346 499
347 505
348 588
349 601
350 460
351 561
352 569
353 648
354 600
355 511
356 506
357 399
358 427
359 629
360 593
361 499
362 445
363 472
364 758
365 549
366 437
367 190
368 631
369 444
370 657
371 471
372 292
373 382
374 335
375 490
376 249
377 441
378 493
379 601
380 534
381 663
382 512
383 698
384 390
385 533
386 512
387 376
388 494
389 702
390 681
391 598
392 361
393 448
394 314
395 404
396 719
397 612
398 432
399 440
400 481
401 352
402 565
403 580
404 518
405 497
406 442
407 383
408 460
409 349
410 642
411 439
412 584
413 638
414 577
415 515
416 416
417 469
418 459
419 365
420 568
421 535
422 528
423 543
424 500
425 402
426 680
427 552
428 259
429 464
430 473
431 571
432 248
433 371
434 847
435 522
436 687
437 426
438 647
439 450
440 451
441 598
442 394
443 697
444 726
445 529
446 617
447 449
448 383
449 357
450 187
451 399
452 656
453 668
454 500
455 592
456 550
457 355
458 569
459 448
460 754
461 574
462 507
463 731
464 442
465 332
466 375
467 658
468 705
469 525
470 388
471 677
472 507
473 560
474 593
475 573
476 481
477 369
478 519
479 323
480 337
481 336
482 353
483 368
484 560
485 455
486 699
487 353
488 515
489 588
490 565
491 605
492 514
493 555
494 444
495 551
496 468
497 438
498 655
499 539
500 514
501 645
502 563
503 366
504 627
505 419
506 718
507 672
508 395
509 433
510 690
511 372
512 517
513 503
514 336
515 544
516 576
517 348
518 700
519 576
520 537
521 502
522 421
523 510
524 450
525 537
526 690
527 395
528 732
529 572
530 282
531 368
532 540
533 730
534 638
535 659
536 411
537 538
538 354
539 528
540 395
541 430
542 765
543 550
544 684
545 617
546 545
547 465
548 557
549 363
550 483
551 476
552 381
553 523
554 392
555 384
556 255
557 407
558 381
559 380
560 533
561 654
562 398
563 421
564 595
565 585
566 506
567 418
568 356
569 286
570 624
571 579
572 566
573 549
574 351
575 496
576 679
577 492
578 288
579 473
580 554
581 529
582 340
583 566
584 503
585 393
586 529
587 346
588 354
589 737
590 490
591 578
592 516
593 398
594 437
595 580
596 672
597 622
598 305
599 609
600 416
601 467
602 532
603 420
604 518
605 471
606 631
607 667
608 495
609 351
610 540
611 533
612 404
613 658
614 334
615 578
616 384
617 696
618 622
619 559
620 562
621 437
622 447
623 630
624 372
625 724
626 361
627 491
628 693
629 317
630 509
631 626
632 564
633 613
634 670
635 250
636 610
637 565
638 641
639 270
640 545
641 564
642 573
643 501
644 220
645 437
646 534
647 527
648 581
649 418
650 657
651 429
652 404
653 452
654 633
655 379
656 533
657 436
658 433
659 423
660 509
661 373
662 510
663 526
664 593
665 458
666 476
667 486
668 698
669 568
670 489
671 452
672 524
673 616
674 544
675 578
676 538
677 497
678 538
679 364
680 492
681 593
682 512
683 603
684 399
685 295
686 563
687 544
688 531
689 300
690 539
691 485
692 657
693 278
694 622
695 188
696 499
697 647
698 554
699 622
700 774
701 519
702 495
703 359
704 436
705 446
706 584
707 548
708 536
709 545
710 731
711 349
712 514
713 602
714 221
715 626
716 479
717 628
718 271
719 453
720 380
721 557
722 503
723 458
724 451
725 297
726 520
727 404
728 329
729 293
730 552
731 525
732 554
733 624
734 359
735 802
736 589
737 248
738 483
739 414
740 402
741 551
742 523
743 380
744 533
745 517
746 717
747 578
748 439
749 591
750 282

<precedence relations>
1,8
2,9
3,11
4,7
4,10
4,12
4,16
4,17
4,18
5,13
5,14
5,15
5,44
6,19
6,52
7,20
8,26
9,22
10,25
11,23
12,21
12,26
12,31
13,24
14,319
15,29
16,27
16,28
17,26
17,30
18,26
18,32
19,26
20,39
21,35
22,36
23,37
24,38
25,34
26,91
27,33
27,39
27,40
27,41
27,44
27,45
28,39
28,40
28,41
28,42
28,43
28,44
28,62
29,39
29,40
29,41
29,42
29,43
30,122
31,39
32,95
33,47
34,48
35,46
36,49
37,50
38,49
39,49
39,50
40,51
41,49
41,52
42,49
42,50
43,49
43,53
44,211
44,410
45,54
46,55
47,60
48,56
49,57
49,58
49,59
50,260
50,269
50,280
50,285
50,363
51,60
52,60
53,60
53,61
54,62
54,79
55,63
56,67
57,64
58,65
59,66
60,67
60,68
60,69
60,70
60,71
60,72
60,73
61,68
61,73
62,355
63,74
64,79
65,76
66,75
67,152
67,236
68,77
69,178
69,180
70,78
71,78
71,116
72,78
72,79
72,80
73,78
73,79
73,80
73,81
74,89
75,85
76,83
77,88
78,82
78,84
78,87
78,92
78,93
78,120
79,89
79,91
80,86
80,89
80,94
80,95
81,89
81,90
82,96
83,98
84,99
85,97
86,100
87,101
88,103
89,102
89,104
90,104
90,105
90,106
90,120
91,104
91,105
91,106
92,201
92,249
92,263
93,105
93,181
94,148
94,264
95,104
95,105
96,108
97,107
98,111
99,112
100,113
101,109
102,110
103,111
104,111
104,112
104,115
105,111
105,114
106,116
107,117
108,118
109,119
110,120
111,121
111,125
111,126
112,122
112,123
112,149
113,120
113,356
113,511
114,124
114,234
114,250
114,279
115,160
115,535
116,181
116,246
116,365
117,128
118,128
119,127
120,160
121,214
121,285
122,128
123,131
123,409
123,533
124,191
125,129
126,130
126,278
126,392
127,134
128,132
128,133
128,135
128,141
128,150
129,136
129,137
129,138
129,139
129,140
129,141
130,136
130,251
130,496
131,592
131,604
132,142
133,143
134,146
135,145
136,144
136,151
136,401
137,307
137,332
137,333
137,409
138,150
138,182
139,147
139,149
139,152
140,154
140,178
141,146
141,148
141,153
142,157
143,158
144,155
145,159
146,161
146,163
147,156
147,164
148,263
148,436
148,459
149,160
149,162
149,219
150,342
150,625
151,165
151,318
152,284
153,268
153,459
154,171
155,167
156,166
157,170
157,662
158,201
158,496
158,686
159,190
160,167
160,173
161,167
161,180
162,168
163,167
163,169
163,171
163,174
164,172
165,279
166,176
167,175
167,201
168,178
168,214
168,225
169,331
169,423
169,443
170,181
171,206
172,177
172,179
172,180
172,182
173,183
173,317
174,200
174,284
175,185
176,184
177,186
177,298
177,343
178,200
178,216
179,187
179,190
179,232
180,187
180,188
180,189
181,343
181,403
181,567
181,636
181,659
182,189
182,191
183,501
184,193
185,195
186,196
187,192
187,200
187,206
188,194
188,198
188,200
188,202
188,299
189,197
189,201
189,309
190,198
190,199
190,200
190,201
190,203
190,204
190,205
191,198
191,199
191,266
192,207
193,211
194,209
195,211
196,212
197,210
198,208
199,217
199,485
200,311
200,354
200,363
200,366
201,646
202,213
202,214
202,215
202,247
202,268
202,279
202,298
203,219
203,249
203,299
204,216
204,218
205,211
205,212
206,211
206,297
206,458
207,221
208,220
209,222
210,223
211,317
212,225
213,420
213,430
214,226
215,309
215,330
216,223
216,224
217,511
217,703
218,422
218,440
218,499
218,659
219,224
219,251
220,228
221,227
222,230
223,229
223,230
223,231
223,234
223,235
223,237
224,230
224,231
224,233
224,236
225,230
226,230
226,232
227,245
228,238
229,243
230,239
230,244
230,250
231,240
231,245
231,246
232,241
232,251
233,242
234,496
235,246
235,249
236,252
236,332
236,344
237,245
237,247
237,248
237,295
238,261
239,254
240,255
241,256
242,257
243,263
244,259
245,268
245,368
246,253
246,262
247,258
247,260
247,363
248,264
249,260
249,265
249,267
249,278
250,260
250,261
250,266
251,269
251,589
252,346
253,271
254,270
255,278
256,274
257,275
258,276
259,277
260,272
260,281
260,282
260,357
260,365
261,366
261,459
261,511
262,273
262,278
262,279
262,286
263,278
263,279
263,280
264,278
264,283
265,286
266,278
266,284
266,307
266,459
267,285
267,333
267,369
267,511
268,278
268,280
269,391
269,446
270,287
271,294
272,288
273,290
274,289
275,291
276,296
277,293
278,300
278,511
279,292
279,294
279,341
280,414
280,441
281,297
281,300
281,366
282,318
283,299
284,410
284,535
285,295
286,298
287,301
288,306
289,303
290,304
291,309
292,305
293,310
294,380
294,434
295,302
295,307
295,399
296,406
296,514
296,627
298,318
298,329
299,342
300,308
300,311
301,312
302,313
303,315
304,317
305,317
306,317
306,435
306,443
307,314
307,330
308,316
308,321
309,318
309,319
309,378
311,320
312,322
313,323
314,324
315,329
316,326
317,325
318,327
318,331
318,333
319,328
319,332
320,330
320,486
321,358
321,517
322,335
323,334
324,340
325,336
326,340
327,338
328,339
329,341
329,342
329,344
329,346
330,337
330,421
331,354
331,421
332,343
333,345
334,353
335,347
336,348
337,349
338,354
339,351
340,352
340,353
340,445
341,350
341,485
341,527
342,355
343,691
344,356
344,358
345,366
346,353
346,357
347,363
348,359
349,362
350,360
351,365
352,361
353,362
353,367
353,380
353,440
354,432
355,401
356,366
357,364
357,368
357,369
359,371
360,372
361,377
362,370
362,376
362,590
363,711
364,373
364,378
364,442
364,535
365,375
365,379
366,374
366,375
366,376
366,377
366,380
367,569
368,379
369,381
369,561
370,382
371,383
372,384
373,386
374,388
375,385
375,389
376,387
378,495
378,518
379,392
380,390
380,393
381,391
381,702
382,394
383,399
384,395
385,396
386,399
387,397
388,399
389,398
390,400
390,662
391,627
392,401
393,497
393,537
393,684
394,402
395,403
396,404
397,408
398,403
399,407
399,412
399,423
400,406
400,411
400,535
401,405
401,409
401,410
401,411
401,413
401,414
402,415
403,627
404,421
404,425
405,416
405,420
405,434
405,500
406,417
406,558
406,702
406,704
406,705
407,418
407,495
408,422
408,423
408,431
408,495
409,424
409,579
410,419
411,446
411,634
413,688
415,426
416,427
417,428
418,429
419,430
419,435
419,456
420,514
421,431
421,615
421,616
422,433
422,473
423,430
423,638
425,432
425,434
425,436
426,438
427,443
428,444
429,440
430,437
430,441
430,446
431,439
432,440
433,441
434,728
435,442
436,445
436,638
437,447
438,449
439,453
440,448
440,452
440,457
441,450
442,451
442,455
442,458
442,604
442,638
443,455
443,459
444,703
444,715
445,454
445,456
445,460
445,526
446,455
446,494
447,462
448,465
449,464
450,466
451,467
452,469
453,472
454,471
455,461
455,572
455,641
455,664
456,463
456,502
457,468
457,625
458,470
458,473
458,474
459,472
459,615
460,474
461,475
462,477
463,478
464,479
465,476
466,483
467,480
468,481
469,485
470,482
471,486
472,484
472,561
472,687
473,497
473,570
473,579
473,612
473,614
474,640
475,487
476,489
477,488
478,495
479,496
480,490
481,494
482,491
483,492
484,493
485,497
485,501
485,502
485,503
485,549
486,498
486,499
486,500
487,504
488,506
489,510
490,511
491,513
492,509
493,514
494,505
494,686
494,710
495,516
495,676
496,678
496,717
497,507
497,517
497,619
497,688
498,508
498,664
498,738
499,518
499,614
500,515
501,513
502,512
504,520
505,519
506,526
507,521
508,523
509,524
510,525
511,690
512,522
513,559
513,691
515,571
515,671
516,527
518,570
518,613
519,528
520,529
521,531
522,530
523,535
524,533
525,532
526,536
526,537
527,534
527,579
528,538
529,539
530,543
531,542
532,544
533,540
533,545
533,546
533,548
533,633
534,541
534,548
535,548
535,687
536,549
536,662
536,671
537,547
538,558
539,550
540,551
541,552
542,555
543,556
544,553
544,554
544,590
545,557
546,715
547,571
548,560
549,559
549,561
549,744
550,562
551,566
552,567
553,563
554,564
555,568
556,569
557,565
558,674
560,570
560,571
560,715
561,572
561,580
561,628
562,574
563,576
564,575
565,577
566,573
567,689
567,717
569,579
569,581
569,628
569,634
570,578
570,580
570,730
572,636
573,582
574,585
575,583
576,588
577,584
577,586
577,587
577,591
577,593
578,729
579,592
579,647
580,672
581,589
581,590
582,603
583,595
584,596
585,594
586,599
587,600
588,598
589,597
589,602
590,601
590,605
591,604
593,605
594,606
595,612
596,607
597,608
598,609
599,614
600,612
601,610
602,611
603,618
603,679
604,613
604,615
604,616
604,617
605,617
605,618
605,619
605,629
605,646
605,697
606,620
607,623
608,624
609,625
610,622
611,623
612,629
613,621
613,626
614,661
614,740
615,628
615,637
615,689
616,690
619,627
619,672
620,630
621,631
622,632
623,635
624,633
625,638
626,634
626,636
626,640
627,641
628,639
629,637
629,743
630,642
631,643
632,647
633,644
633,705
634,645
634,646
634,649
635,651
635,672
636,651
637,648
637,650
637,717
641,685
642,659
643,653
644,654
645,656
646,652
646,657
646,658
646,717
647,663
647,672
648,655
648,662
648,663
648,664
649,661
649,690
651,660
651,715
652,665
653,671
654,673
655,666
656,674
657,668
658,669
659,678
659,705
659,716
660,667
661,670
661,672
661,676
661,678
662,675
662,679
664,676
664,677
665,684
666,682
667,681
668,684
669,684
670,683
671,688
672,680
672,686
673,749
674,689
675,690
675,744
677,749
677,750
678,691
679,685
679,687
679,691
680,692
681,697
682,695
683,696
685,693
685,704
686,694
688,698
692,699
693,700
694,701
695,702
696,703
697,705
697,706
697,707
698,704
698,743
699,708
700,710
701,708
702,711
702,713
702,714
702,715
703,709
703,711
703,719
704,718
705,712
705,717
705,719
705,720
706,750
707,710
707,713
707,716
708,721
708,722
708,725
708,728
708,748
709,723
711,724
712,726
712,748
713,729
714,730
719,727
720,728
720,730
721,731
722,732
723,733
724,734
725,735
726,737
727,736
727,738
728,739
730,740
731,741
732,743
733,743
734,744
735,745
736,742
737,743
738,746
738,747
738,748
738,750
740,749

<end>
