<number of tasks>
750

<cycle time>
1000

<order strength>
0.298


<task times>
1 822
2 416
3 342
4 493
5 407
6 623
7 332
8 600
9 413
10 421
11 517
12 446
13 508
14 373
15 517
16 516
17 461
18 557
19 566
20 464
21 615
22 481
23 667
24 632
25 418
26 558
27 409
28 408
29 344
30 423
31 417
32 238
33 537
34 445
35 335
36 548
37 470
38 484
39 408
40 489
41 532
42 453
43 623
44 398
45 520
46 646
47 509
48 465
49 699
50 384
51 543
52 525
53 561
54 326
55 499
56 443
57 418
58 430
59 628
60 619
61 541
62 606
63 523
64 705
65 505
66 559
67 461
68 532
69 609
70 419
71 372
72 466
73 650
74 496
75 530
76 623
77 452
78 564
79 583
80 355
81 510
82 519
83 649
84 510
85 402
86 459
87 394
88 630
89 604
90 611
91 532
92 504
93 453
94 580
95 373
96 374
97 280
98 517
99 505
100 481
101 508
102 502
103 261
104 686
105 695
106 389
107 673
108 344
109 455
110 503
111 385
112 566
113 524
114 286
115 615
116 468
117 525
118 435
119 338
120 518
121 593
122 544
123 729
124 537
125 472
126 463
127 335
128 655
129 531
130 608
131 299
132 440
133 450
134 522
135 330
136 471
137 352
138 487
139 582
140 318
141 458
142 372
143 496
144 494
145 690
146 507
147 566
148 402
149 566
150 439
151 206
152 836
153 307
154 766
155 507
156 577
157 467
158 396
159 484
160 742
161 553
162 256
163 552
164 626
165 537
166 415
167 432
168 332
169 400
170 441
171 458
172 316
173 354
174 473
175 586
176 425
177 459
178 507
179 460
180 675
181 423
182 671
183 573
184 408
185 587
186 665
187 411
188 893
189 452
190 471
191 546
192 495
193 418
194 367
195 552
196 503
197 472
198 405
199 518
200 483
201 419
202 478
203 242
204 316
205 450
206 462
207 630
208 549
209 386
210 472
211 567
212 360
213 641
214 534
215 410
216 441
217 445
218 544
219 668
220 530
221 483
222 523
223 405
224 439
225 421
226 508
227 373
228 495
229 636
230 440
231 505
232 701
233 302
234 580
235 434
236 509
237 510
238 369
239 504
240 594
241 425
242 409
243 447
244 663
245 415
246 538
247 683
248 653
249 481
250 546
251 579
252 243
253 557
254 377
255 271
256 593
257 569
258 452
259 521
260 434
261 435
262 575
263 470
264 838
265 384
266 892
267 491
268 564
269 441
270 526
271 444
272 586
273 490
274 559
275 687
276 468
277 475
278 454
279 276
280 592
281 769
282 505
283 670
284 638
285 756
286 573
287 517
288 543
289 695
290 399
291 550
292 660
293 623
294 539
295 438
296 425
297 439
298 492
299 359
300 683
301 324
302 310
303 216
304 505
305 478
306 396
307 602
308 637
309 318
310 528
311 617
312 514
313 508
314 372
315 405
316 564
317 409
318 718
319 115
320 388
321 533
322 444
323 382
324 185
325 484
326 543
327 324
328 365
329 702
330 581
331 435
332 641
333 563
334 356
335 540
336 643
337 537
338 649
339 419
340 524
341 723
342 677
343 500
344 308
345 476
346 352
347 379
348 559
349 367
350 346
351 450
352 474
353 563
354 669
355 552
356 618
357 401
358 606
359 415
360 417
361 489
362 372
363 478
364 637
365 449
366 308
367 569
368 462
369 400
370 376
371 518
372 427
373 455
374 514
375 543
376 529
377 205
378 631
379 497
380 530
381 451
382 544
383 621
384 465
385 567
386 589
387 466
388 488
389 291
390 538
391 597
392 365
393 466
394 545
395 525
396 278
397 470
398 486
399 436
400 507
401 447
402 596
403 444
404 605
405 649
406 393
407 451
408 360
409 310
410 308
411 500
412 620
413 486
414 568
415 537
416 239
417 509
418 501
419 576
420 601
421 441
422 516
423 459
424 320
425 444
426 471
427 486
428 578
429 629
430 639
431 533
432 495
433 468
434 726
435 699
436 617
437 572
438 574
439 244
440 470
441 539
442 534
443 311
444 379
445 361
446 542
447 492
448 461
449 455
450 463
451 380
452 353
453 327
454 616
455 559
456 530
457 357
458 317
459 723
460 417
461 478
462 430
463 621
464 312
465 487
466 427
467 497
468 560
469 562
470 594
471 658
472 511
473 518
474 520
475 257
476 642
477 711
478 442
479 573
480 692
481 362
482 511
483 806
484 647
485 720
486 457
487 432
488 465
489 333
490 603
491 489
492 343
493 523
494 355
495 325
496 445
497 609
498 597
499 604
500 371
501 657
502 489
503 414
504 392
505 312
506 616
507 456
508 530
509 569
510 410
511 653
512 653
513 654
514 560
515 714
516 551
517 599
518 527
519 594
520 466
521 506
522 532
523 490
524 482
525 655
526 571
527 740
528 480
529 461
530 633
531 608
532 604
533 383
534 639
535 289
536 396
537 586
538 423
539 625
540 428
541 513
542 390
543 494
544 469
545 566
546 376
547 587
548 685
549 532
550 523
551 593
552 481
553 647
554 549
555 147
556 621
557 327
558 637
559 436
560 638
561 568
562 594
563 486
564 424
565 373
566 406
567 288
568 409
569 551
570 390
571 580
572 231
573 506
574 355
575 542
576 525
577 599
578 699
579 432
580 638
581 304
582 573
583 323
584 592
585 609
586 538
587 581
588 267
589 496
590 450
591 584
592 569
593 524
594 700
595 441
596 668
597 755
598 438
599 543
600 555
601 264
602 481
603 359
604 437
605 461
606 557
607 213
608 574
609 239
610 565
611 557
612 557
613 511
614 415
615 295
616 546
617 350
618 628
619 514
620 468
621 615
622 316
623 653
624 412
625 632
626 540
627 347
628 385
629 529
630 398
631 428
632 525
633 412
634 433
635 528
636 521
637 346
638 455
639 549
640 562
641 698
642 599
643 511
644 430
645 764
646 511
647 351
648 541
649 634
650 370
651 433
652 504
653 554
654 563
655 695
656 498
657 472
658 351
659 577
660 484
661 399
662 435
663 277
664 456
665 566
666 525
667 639
668 487
669 380
670 545
671 300
672 382
673 541
674 278
675 700
676 244
677 558
678 549
679 469
680 427
681 353
682 273
683 398
684 510
685 513
686 485
687 569
688 516
689 626
690 255
691 565
692 700
693 491
694 457
695 598
696 540
697 536
698 520
699 476
700 613
701 623
702 572
703 616
704 508
705 541
706 611
707 748
708 609
709 410
710 479
711 339
712 542
713 505
714 287
715 573
716 500
717 536
718 629
719 631
720 319
721 853
722 577
723 568
724 638
725 303
726 678
727 391
728 580
729 607
730 756
731 567
732 362
733 431
734 200
735 540
736 467
737 572
738 738
739 478
740 592
741 468
742 559
743 517
744 538
745 370
746 402
747 353
748 401
749 704
750 540

<precedence relations>
1,507
2,108
3,148
4,148
5,412
6,580
7,194
8,194
9,63
10,63
11,63
12,63
13,63
14,28
15,29
15,32
15,36
16,30
16,34
17,24
18,23
19,31
19,33
20,25
20,27
21,22
21,26
21,35
22,675
23,208
24,208
25,208
26,580
27,194
28,45
29,47
30,40
30,46
31,41
32,42
32,44
32,50
33,51
34,37
34,38
34,39
35,48
35,49
36,43
37,108
38,108
39,471
40,208
41,148
42,148
43,194
44,63
45,65
46,67
47,69
48,52
48,58
48,62
48,64
48,66
48,68
48,72
49,54
49,56
49,70
49,71
49,73
49,74
50,55
50,57
50,60
50,61
51,53
51,59
52,564
53,471
54,208
55,412
56,191
57,191
58,581
59,598
60,414
61,194
62,194
63,78
63,81
63,82
63,83
63,84
63,85
64,331
65,88
66,86
67,75
68,87
68,90
70,77
70,79
70,80
72,76
72,91
74,89
75,208
76,412
77,581
78,598
79,598
80,194
81,97
84,95
85,100
86,96
87,98
88,92
88,93
88,94
88,102
91,99
91,101
91,103
91,104
91,105
91,106
92,108
93,725
94,414
95,537
96,107
97,116
98,107
99,114
100,113
100,115
100,123
101,117
103,109
103,111
103,119
103,122
104,118
104,120
104,121
105,110
105,112
107,507
108,125
108,126
108,127
108,128
108,129
108,139
108,141
108,143
109,471
110,208
111,580
112,191
113,194
114,131
115,134
116,132
117,136
118,133
119,130
119,135
120,137
121,138
121,140
122,124
122,142
124,367
125,208
126,148
127,581
128,194
129,146
129,161
129,162
130,191
131,158
132,152
133,153
134,159
135,154
136,144
137,155
138,157
139,149
139,156
139,160
140,147
141,145
141,150
141,151
141,164
142,163
142,165
144,507
145,471
146,675
147,208
148,167
148,168
148,169
148,170
148,171
148,172
148,173
148,174
148,175
149,581
150,414
151,194
152,183
153,166
154,179
155,185
156,181
157,182
158,178
159,188
160,176
160,180
163,177
163,186
163,187
164,184
166,367
167,191
172,190
172,200
174,192
174,205
176,412
177,598
178,194
179,198
180,196
181,197
182,189
183,193
183,201
183,203
184,195
185,199
186,202
188,204
189,507
190,208
191,210
191,211
191,212
191,213
191,234
192,581
193,414
194,214
194,215
194,216
194,217
194,218
194,219
194,220
194,221
194,222
194,223
194,224
194,225
194,226
194,227
194,228
194,229
194,233
195,230
196,232
197,206
201,207
201,231
203,209
206,564
207,471
208,236
208,237
208,238
208,239
208,240
208,241
208,242
209,412
210,414
211,243
211,244
211,247
213,235
215,250
215,253
226,248
226,252
229,251
230,246
231,245
231,249
235,564
236,331
237,264
237,273
238,255
240,272
242,270
243,262
244,265
245,266
246,267
247,268
248,261
249,263
249,271
250,257
250,260
250,269
252,259
253,254
253,256
253,258
254,471
255,412
256,581
257,581
258,414
259,537
260,331
261,276
262,277
263,278
264,279
265,282
266,274
267,283
268,281
269,280
269,287
270,286
270,288
271,289
272,275
272,285
273,284
274,412
275,580
276,290
277,290
278,290
279,290
280,292
281,293
282,298
282,300
282,302
282,303
282,304
283,291
284,294
285,295
286,297
287,296
288,299
289,301
290,367
291,331
292,310
293,311
294,308
295,307
295,309
296,305
296,313
297,315
299,306
299,314
300,312
300,316
304,317
305,471
306,580
307,324
308,323
309,325
310,328
312,327
313,320
313,322
314,321
315,319
316,318
317,326
318,367
319,367
320,725
321,580
322,331
323,332
324,333
325,335
326,334
326,337
326,338
326,339
326,341
326,342
327,330
327,340
328,329
328,336
328,343
328,344
329,471
330,412
331,348
331,349
331,350
331,351
331,352
331,353
331,354
331,355
331,363
332,362
333,357
334,347
334,356
334,358
334,359
334,360
334,361
338,345
339,366
343,346
344,364
344,365
345,367
346,412
347,537
348,381
349,374
349,382
351,376
351,377
354,383
355,375
355,379
355,380
356,368
357,369
358,370
359,371
360,372
361,373
364,378
367,384
367,385
367,386
367,387
367,388
367,389
367,390
367,391
367,392
367,393
367,408
368,406
369,398
370,399
371,400
372,403
373,401
374,402
374,404
374,405
374,407
375,397
375,410
378,396
379,394
379,395
379,409
381,411
384,412
385,428
386,426
386,429
391,427
392,425
394,471
395,412
396,581
397,414
398,415
399,423
400,424
401,417
402,418
403,413
404,421
405,422
407,416
408,419
409,420
412,431
412,432
412,433
412,434
412,435
412,436
412,437
413,580
414,438
414,439
414,440
414,441
414,442
415,451
416,446
417,443
418,444
419,447
420,448
421,449
422,452
423,450
423,453
423,454
425,445
429,430
430,675
431,466
432,456
436,461
437,465
438,468
438,469
443,457
444,458
445,459
446,462
447,463
448,464
449,455
450,460
452,467
455,471
456,471
457,474
458,470
459,478
460,476
461,475
462,479
463,485
464,481
465,483
466,472
466,482
467,480
468,473
468,484
469,477
470,507
471,486
471,489
471,490
471,491
471,492
471,493
471,494
471,495
471,496
471,497
471,506
472,725
473,537
474,501
475,498
476,500
477,499
479,487
482,488
482,504
482,505
483,503
485,502
486,564
487,507
488,507
489,508
492,515
495,512
496,513
496,514
498,509
499,510
500,511
501,518
502,517
505,516
507,519
507,520
507,521
507,522
507,523
507,524
507,525
507,526
507,527
507,533
508,529
509,530
510,531
514,534
517,528
517,532
520,536
521,540
521,544
523,542
524,538
525,541
525,543
528,537
529,535
530,539
534,545
535,564
536,581
537,548
537,549
537,550
537,551
537,552
537,553
537,554
537,555
537,556
537,557
537,558
537,559
537,561
537,563
538,547
538,560
540,546
541,562
546,564
547,598
548,570
548,571
548,572
550,573
553,566
554,574
558,569
560,567
561,568
563,565
564,575
564,576
564,577
564,578
564,579
564,582
565,580
566,581
567,584
568,583
570,585
573,586
575,600
575,601
579,604
580,587
580,588
580,589
580,590
580,591
580,592
580,593
581,594
581,595
581,596
581,597
582,598
583,602
584,605
585,599
586,603
587,616
590,606
591,617
591,621
596,618
598,607
598,608
598,609
598,610
598,611
598,612
599,613
600,614
601,615
602,619
602,620
606,675
607,622
608,632
608,633
608,637
609,634
610,627
610,635
611,630
612,628
613,624
614,629
615,626
616,625
617,623
618,631
619,636
622,639
623,641
624,643
625,644
626,645
627,638
627,640
628,642
630,656
631,653
632,647
632,654
633,650
633,652
634,657
635,646
635,649
635,651
636,648
636,655
638,725
639,659
640,661
641,660
642,663
643,662
644,658
645,658
646,664
646,670
646,672
648,669
650,667
650,674
652,665
653,668
656,671
656,673
657,666
658,675
659,680
660,676
661,681
662,678
663,682
664,679
665,677
667,687
670,685
671,686
673,683
674,684
675,688
675,689
675,690
675,691
675,692
675,697
676,695
677,693
678,694
679,696
680,700
682,699
685,701
686,698
688,703
690,710
692,705
692,709
693,702
694,704
695,707
698,706
699,708
700,711
702,714
703,716
704,717
705,715
705,720
705,721
705,723
708,712
708,718
708,722
708,724
710,719
711,713
712,725
713,725
714,726
715,727
716,729
717,728
719,734
720,730
720,732
722,733
722,735
723,731
725,736
725,737
725,738
725,739
725,740
725,741
725,742
725,743
725,744
725,745
726,746
727,746
728,747
729,748
732,749
735,750

<end>
