<number of tasks>
750

<cycle time>
1000

<order strength>
0.895


<task times>
1 305
2 165
3 185
4 222
5 274
6 102
7 180
8 172
9 148
10 45
11 235
12 80
13 75
14 58
15 102
16 104
17 134
18 96
19 124
20 208
21 59
22 162
23 158
24 216
25 76
26 54
27 71
28 166
29 183
30 53
31 218
32 103
33 69
34 83
35 155
36 134
37 109
38 127
39 177
40 138
41 265
42 97
43 140
44 120
45 93
46 186
47 98
48 26
49 109
50 37
51 127
52 88
53 115
54 163
55 139
56 206
57 166
58 214
59 209
60 63
61 208
62 105
63 403
64 39
65 163
66 130
67 205
68 194
69 191
70 75
71 105
72 216
73 91
74 153
75 125
76 137
77 27
78 324
79 45
80 74
81 123
82 156
83 102
84 171
85 102
86 131
87 30
88 218
89 182
90 104
91 131
92 154
93 72
94 236
95 63
96 147
97 140
98 45
99 40
100 68
101 125
102 23
103 195
104 236
105 162
106 103
107 114
108 70
109 34
110 38
111 107
112 52
113 110
114 41
115 102
116 36
117 255
118 31
119 91
120 193
121 121
122 145
123 171
124 70
125 231
126 98
127 44
128 259
129 170
130 140
131 122
132 75
133 196
134 54
135 132
136 229
137 45
138 92
139 190
140 84
141 156
142 169
143 90
144 141
145 164
146 134
147 58
148 169
149 155
150 28
151 120
152 54
153 29
154 320
155 84
156 110
157 81
158 346
159 187
160 34
161 166
162 42
163 108
164 112
165 72
166 275
167 284
168 226
169 159
170 152
171 83
172 280
173 147
174 69
175 61
176 137
177 56
178 238
179 325
180 135
181 185
182 59
183 40
184 291
185 65
186 114
187 110
188 233
189 177
190 115
191 161
192 203
193 124
194 72
195 101
196 44
197 87
198 94
199 207
200 78
201 158
202 75
203 189
204 132
205 85
206 179
207 197
208 30
209 140
210 29
211 23
212 99
213 118
214 61
215 122
216 311
217 110
218 176
219 99
220 168
221 158
222 159
223 29
224 175
225 41
226 250
227 272
228 133
229 30
230 292
231 370
232 107
233 26
234 228
235 201
236 231
237 131
238 70
239 182
240 78
241 210
242 90
243 116
244 108
245 87
246 98
247 220
248 133
249 173
250 99
251 168
252 38
253 76
254 198
255 122
256 60
257 87
258 154
259 46
260 214
261 33
262 34
263 224
264 115
265 325
266 65
267 167
268 221
269 211
270 106
271 190
272 157
273 167
274 228
275 62
276 141
277 229
278 139
279 95
280 32
281 210
282 137
283 111
284 162
285 100
286 315
287 57
288 87
289 49
290 109
291 128
292 120
293 195
294 197
295 42
296 131
297 140
298 56
299 180
300 51
301 99
302 149
303 252
304 118
305 306
306 32
307 130
308 108
309 54
310 115
311 115
312 217
313 44
314 84
315 198
316 123
317 244
318 266
319 125
320 74
321 89
322 57
323 46
324 248
325 92
326 94
327 34
328 211
329 226
330 149
331 52
332 97
333 118
334 32
335 113
336 112
337 166
338 183
339 100
340 138
341 254
342 168
343 26
344 139
345 26
346 100
347 102
348 98
349 130
350 134
351 117
352 238
353 193
354 138
355 220
356 86
357 234
358 102
359 91
360 81
361 144
362 53
363 137
364 75
365 161
366 123
367 227
368 123
369 111
370 248
371 311
372 229
373 128
374 251
375 35
376 58
377 268
378 135
379 164
380 196
381 233
382 112
383 43
384 79
385 183
386 52
387 64
388 34
389 127
390 230
391 327
392 198
393 234
394 55
395 106
396 217
397 153
398 102
399 293
400 98
401 139
402 76
403 197
404 161
405 30
406 135
407 92
408 65
409 331
410 185
411 240
412 70
413 77
414 97
415 83
416 108
417 159
418 166
419 69
420 249
421 188
422 285
423 116
424 27
425 144
426 45
427 122
428 117
429 73
430 149
431 252
432 98
433 207
434 115
435 65
436 68
437 97
438 103
439 74
440 142
441 196
442 82
443 50
444 191
445 24
446 193
447 61
448 217
449 108
450 75
451 114
452 85
453 25
454 174
455 202
456 187
457 189
458 55
459 210
460 92
461 85
462 147
463 227
464 85
465 55
466 37
467 88
468 169
469 171
470 117
471 267
472 107
473 85
474 147
475 196
476 76
477 200
478 125
479 63
480 54
481 217
482 30
483 100
484 61
485 92
486 208
487 245
488 53
489 44
490 100
491 249
492 83
493 305
494 122
495 90
496 65
497 220
498 278
499 44
500 33
501 102
502 58
503 225
504 187
505 153
506 221
507 188
508 84
509 53
510 118
511 263
512 86
513 31
514 132
515 145
516 186
517 198
518 57
519 69
520 217
521 69
522 181
523 65
524 133
525 76
526 122
527 180
528 232
529 61
530 139
531 159
532 21
533 29
534 212
535 102
536 102
537 279
538 22
539 80
540 189
541 59
542 125
543 307
544 66
545 33
546 160
547 33
548 342
549 26
550 46
551 265
552 105
553 80
554 147
555 124
556 261
557 230
558 197
559 146
560 79
561 129
562 190
563 157
564 76
565 175
566 278
567 79
568 260
569 217
570 56
571 73
572 118
573 180
574 242
575 212
576 32
577 205
578 103
579 132
580 171
581 132
582 56
583 169
584 242
585 93
586 88
587 208
588 35
589 36
590 143
591 56
592 170
593 58
594 124
595 202
596 115
597 178
598 95
599 96
600 52
601 76
602 126
603 75
604 72
605 58
606 91
607 36
608 26
609 73
610 58
611 105
612 70
613 161
614 62
615 97
616 112
617 179
618 350
619 58
620 21
621 34
622 181
623 108
624 157
625 207
626 121
627 78
628 104
629 269
630 61
631 34
632 310
633 215
634 119
635 61
636 157
637 60
638 230
639 24
640 191
641 186
642 212
643 30
644 50
645 204
646 96
647 134
648 355
649 257
650 140
651 112
652 31
653 133
654 39
655 113
656 68
657 38
658 130
659 98
660 90
661 248
662 170
663 80
664 127
665 43
666 128
667 264
668 51
669 105
670 215
671 128
672 101
673 28
674 50
675 197
676 179
677 77
678 156
679 120
680 146
681 283
682 197
683 218
684 232
685 66
686 34
687 54
688 58
689 130
690 143
691 111
692 170
693 148
694 360
695 124
696 155
697 121
698 211
699 59
700 215
701 43
702 156
703 186
704 74
705 198
706 141
707 142
708 175
709 149
710 158
711 283
712 179
713 215
714 96
715 25
716 290
717 90
718 184
719 131
720 190
721 50
722 149
723 75
724 271
725 32
726 98
727 159
728 160
729 251
730 96
731 279
732 85
733 228
734 235
735 224
736 116
737 195
738 56
739 76
740 181
741 143
742 262
743 80
744 160
745 235
746 42
747 142
748 133
749 94
750 259

<precedence relations>
1,6
1,10
1,17
1,18
1,20
2,6
2,7
2,8
2,9
2,10
2,11
2,12
2,13
3,6
3,7
3,8
3,9
3,13
3,17
4,6
4,7
4,8
4,11
5,6
5,7
5,8
5,9
5,10
5,11
6,42
7,14
7,15
7,20
7,21
8,14
8,18
8,20
8,21
9,14
9,15
9,21
10,14
10,15
10,19
10,21
11,14
11,15
11,16
11,17
11,18
11,19
11,20
11,21
12,14
12,15
12,16
12,17
12,18
12,19
12,20
12,21
13,14
13,16
13,19
13,20
13,21
14,22
14,23
14,24
14,25
15,22
15,23
15,24
15,25
16,88
16,89
16,90
16,91
16,92
16,93
16,94
17,22
17,23
17,24
17,25
18,22
18,23
18,24
18,25
19,22
19,23
19,24
19,25
20,22
20,23
20,24
20,25
21,22
21,23
21,24
21,25
22,26
22,27
22,28
22,29
23,26
23,27
23,28
23,29
24,26
24,27
24,28
24,29
25,26
25,27
25,28
25,29
26,30
26,31
26,32
26,33
26,34
26,35
26,36
27,30
27,31
27,32
27,33
27,34
27,35
27,36
28,30
28,31
28,32
28,33
29,30
29,36
30,37
30,39
31,357
31,416
31,420
32,37
33,39
33,40
34,37
34,38
34,39
34,40
35,37
35,38
35,40
36,37
36,38
36,47
37,41
37,42
37,43
37,44
37,45
37,46
38,60
38,125
39,41
39,42
39,43
39,44
39,45
39,46
40,41
40,42
40,43
40,44
40,45
40,46
40,47
41,48
41,49
41,50
41,51
41,52
41,53
41,54
42,48
42,49
42,59
43,48
43,49
43,50
43,51
43,52
43,53
44,51
45,48
45,49
45,50
45,54
46,257
47,50
48,55
48,56
48,57
48,58
48,60
49,55
49,56
49,57
49,58
50,55
50,56
50,57
50,58
50,59
50,60
51,55
51,56
51,57
51,58
51,59
51,60
52,55
52,56
52,57
52,58
52,59
52,60
53,55
53,56
53,60
54,55
54,56
54,57
54,59
54,60
55,61
55,62
55,63
55,68
56,61
56,62
56,63
56,64
56,65
56,66
56,67
56,68
57,61
57,62
57,63
57,66
57,67
57,68
58,61
58,62
58,63
58,64
58,66
58,68
59,61
59,62
59,65
60,67
60,173
61,69
61,70
61,71
61,72
62,69
62,75
63,69
63,70
63,71
63,72
64,151
65,69
65,70
65,71
66,127
66,128
66,129
66,130
67,473
67,546
68,71
68,316
69,74
69,76
69,77
70,73
70,74
70,75
70,76
71,478
71,494
71,512
72,73
72,74
72,76
72,77
73,78
73,86
74,78
74,79
74,80
74,81
75,78
75,79
75,80
75,81
76,78
76,79
77,78
77,88
78,276
79,82
79,83
79,84
79,85
79,86
80,356
80,368
80,369
81,86
82,87
82,88
82,93
82,94
83,87
83,88
83,91
83,94
84,87
84,88
84,89
84,90
85,88
85,89
85,92
85,93
85,94
86,87
86,88
86,89
87,95
87,96
88,196
89,95
90,95
90,96
91,95
91,96
92,95
92,96
93,95
93,96
94,95
94,96
95,97
95,98
95,99
95,100
95,101
96,97
96,98
96,99
96,100
96,101
97,102
97,103
97,104
97,105
97,106
97,107
98,102
98,103
98,104
98,107
99,102
99,105
100,102
100,103
100,104
100,105
100,106
101,102
101,104
102,111
102,140
102,146
103,108
103,112
103,115
103,116
103,122
104,108
104,124
104,128
105,108
105,114
105,128
106,108
106,109
106,110
106,111
106,112
106,113
107,108
107,114
107,116
107,121
108,117
108,118
108,119
108,129
109,117
109,118
109,121
109,124
110,117
110,118
110,119
110,128
110,129
111,143
112,117
112,118
113,117
113,118
113,119
113,120
114,122
115,117
115,118
115,121
115,123
115,124
116,117
116,118
116,119
116,120
116,123
116,124
117,125
118,125
118,126
118,127
118,130
119,125
120,125
120,126
121,125
121,126
121,127
121,128
121,129
121,130
122,125
123,125
123,126
123,128
123,129
123,130
124,125
124,126
125,131
125,132
126,131
126,132
126,133
127,131
127,132
128,260
129,131
129,132
129,133
129,134
130,131
130,132
130,133
130,134
131,140
132,135
132,136
132,137
132,139
132,140
133,135
133,136
133,138
133,139
134,135
135,141
135,142
135,143
135,146
136,141
136,142
136,144
136,146
137,145
138,141
138,142
138,143
139,141
140,141
140,142
140,143
141,147
141,148
141,149
141,150
141,151
141,152
142,147
142,148
142,149
142,152
143,147
143,148
143,150
144,151
144,172
145,147
145,148
146,147
146,148
146,149
146,150
146,151
146,152
147,153
147,154
147,155
147,158
147,162
148,153
148,154
148,155
148,156
148,157
148,158
148,159
148,160
148,161
148,163
149,156
149,158
150,157
150,161
151,154
152,153
152,154
152,155
152,156
152,157
152,160
152,170
153,164
153,165
153,166
153,167
153,168
153,172
153,178
154,164
154,167
154,171
154,180
155,164
155,165
156,164
157,276
158,164
158,165
159,164
159,165
159,166
159,167
159,171
160,164
160,165
160,166
161,164
161,165
161,166
161,168
161,169
162,178
163,164
163,165
163,166
163,167
163,170
164,173
164,174
164,179
165,173
165,174
165,175
165,176
165,177
165,189
166,173
166,175
166,181
167,173
167,174
167,175
167,176
167,177
167,181
168,173
168,174
168,180
168,189
169,173
169,177
170,190
170,195
171,173
171,174
171,178
171,181
172,181
173,182
173,183
173,184
174,336
175,183
176,182
176,183
177,182
178,182
178,183
178,184
178,189
179,182
179,189
180,182
180,183
181,182
181,183
181,185
182,186
182,187
182,188
182,190
183,246
184,186
184,187
184,188
185,186
185,187
185,189
185,190
186,191
187,191
187,192
188,191
188,192
188,193
188,194
188,195
189,191
189,192
189,193
189,194
189,195
190,191
190,192
190,193
190,194
191,252
191,264
191,265
192,196
193,196
193,197
193,198
194,196
195,196
195,197
195,198
196,199
196,200
196,201
196,202
196,213
197,199
197,200
197,201
197,202
197,203
197,204
197,205
198,199
198,200
198,203
198,205
199,211
200,256
201,206
201,207
201,208
201,211
201,212
202,206
202,207
202,208
202,209
202,210
203,206
203,207
203,208
203,213
203,220
204,206
204,207
204,208
204,210
205,209
206,243
207,214
207,215
207,216
207,217
207,218
207,226
208,214
208,215
208,216
208,217
208,218
209,214
209,215
210,220
210,221
210,225
210,227
211,214
211,219
212,214
212,215
212,220
212,226
213,214
213,215
213,216
213,221
214,222
214,223
214,225
214,227
215,254
216,222
216,224
216,228
216,236
217,222
218,222
218,223
219,222
220,223
220,228
221,222
221,223
221,224
221,226
221,228
222,229
222,233
223,229
223,230
223,231
223,232
223,233
224,229
224,230
224,231
225,229
225,230
225,231
225,232
226,242
227,229
228,229
228,230
229,235
230,361
230,386
231,234
231,235
231,238
231,239
232,234
232,235
232,236
232,237
232,238
232,239
233,234
233,235
233,237
233,239
234,240
234,241
234,242
234,243
235,240
236,240
236,241
237,243
238,240
238,242
238,248
239,240
239,241
239,242
240,244
240,245
240,246
240,247
241,244
241,245
241,246
241,247
241,248
242,245
243,244
243,245
243,246
244,249
244,270
245,249
245,250
245,251
246,249
247,314
248,250
248,251
249,252
249,255
250,252
250,253
250,254
250,255
250,256
250,257
250,259
251,253
251,257
251,258
252,260
252,261
252,262
252,263
252,276
253,260
253,261
254,260
254,261
254,275
255,260
255,261
255,262
255,265
256,260
256,261
256,262
256,263
257,260
257,261
257,262
257,263
257,264
258,260
258,261
258,262
258,265
259,260
259,264
260,269
261,266
261,267
261,268
261,277
262,266
262,267
262,269
263,266
264,266
264,270
265,267
266,271
267,271
267,272
267,273
267,274
268,271
269,271
269,272
270,271
270,272
270,273
270,275
270,276
270,277
271,290
272,279
272,295
272,296
273,278
273,279
274,278
274,279
274,280
274,281
274,282
275,278
275,281
276,278
276,280
276,282
277,278
277,279
277,282
278,283
278,284
278,285
278,286
278,287
278,288
278,289
278,290
278,291
279,283
279,284
279,285
279,286
279,287
279,288
279,289
280,283
280,284
281,285
281,286
282,287
282,288
282,289
282,296
283,292
283,297
284,292
284,302
285,298
286,319
287,292
288,292
288,301
288,302
289,292
290,292
290,293
290,294
290,295
290,297
290,298
291,296
292,299
292,300
292,303
293,299
293,301
294,299
294,300
294,302
294,303
295,354
296,299
296,300
297,299
297,373
298,300
298,302
299,365
299,391
299,400
300,304
300,305
300,306
300,307
300,308
300,309
300,310
301,304
301,305
301,306
302,304
302,305
302,306
302,307
303,304
303,305
303,306
304,311
304,312
304,314
304,318
304,319
304,327
305,311
305,312
305,315
306,311
306,312
306,313
306,316
307,337
308,311
308,317
309,337
310,311
310,312
311,322
312,320
312,334
313,320
313,321
313,322
314,320
314,321
315,320
315,321
315,323
316,320
316,321
316,325
316,327
316,332
316,333
317,320
317,324
318,580
319,326
319,346
320,328
320,329
320,331
320,335
321,328
321,329
321,330
322,328
322,329
322,333
323,335
324,328
324,329
324,332
325,329
325,334
326,388
327,369
328,336
328,337
328,338
328,339
329,338
330,336
331,336
331,358
332,339
333,336
333,337
334,336
334,337
334,338
334,339
335,336
335,337
335,338
336,340
336,341
336,342
336,345
336,347
337,342
338,340
338,341
338,357
339,343
339,344
339,346
340,348
340,349
340,350
340,366
341,349
342,348
342,352
343,348
343,349
343,350
343,354
343,361
344,348
344,349
345,348
346,351
346,353
347,348
348,355
348,356
349,356
349,360
350,468
351,355
351,359
351,386
352,355
352,356
352,357
352,361
353,355
353,356
354,355
354,358
355,362
355,363
355,368
356,362
356,363
356,364
356,367
357,369
358,366
358,384
359,368
360,362
360,363
360,364
360,369
360,374
361,362
361,363
361,365
362,370
362,371
362,372
362,373
362,387
363,423
364,370
364,372
364,375
364,376
365,427
366,370
366,376
367,370
367,371
368,370
368,371
368,374
369,373
369,409
370,383
370,393
371,377
371,378
372,377
372,384
373,482
374,377
374,389
375,377
375,378
375,379
375,380
375,381
375,389
376,377
376,380
376,382
376,386
376,389
377,385
377,388
378,388
378,402
379,385
379,386
380,385
381,385
382,387
383,389
383,391
384,385
385,390
385,393
386,446
387,390
388,391
388,392
388,394
389,462
390,399
390,402
390,415
391,397
391,419
392,396
392,401
393,395
394,395
394,396
394,398
394,400
394,416
395,403
395,425
396,404
396,412
397,403
397,405
397,406
397,425
398,403
398,432
399,403
400,461
401,403
402,515
403,411
403,412
404,407
404,409
404,413
404,420
405,407
405,410
406,408
407,414
407,417
407,432
408,414
408,416
409,414
409,415
409,419
410,414
410,415
410,416
410,420
411,414
412,424
413,414
413,418
414,421
414,422
414,426
414,427
415,423
415,424
416,421
417,421
417,445
418,481
418,497
418,503
419,425
419,431
419,432
420,456
420,492
420,495
420,570
421,428
421,431
422,586
422,680
423,432
424,428
424,429
425,428
425,429
425,430
425,433
426,428
426,472
426,474
427,429
427,430
428,456
429,434
429,438
430,435
430,436
430,437
430,470
431,433
431,454
432,433
433,440
434,443
434,487
435,518
435,667
435,694
436,441
437,439
437,440
437,441
438,439
438,440
438,442
438,470
439,444
439,445
439,447
439,449
440,448
440,451
441,444
441,450
441,474
442,446
443,445
443,452
444,456
444,499
445,466
446,453
446,454
446,465
447,576
447,582
448,453
449,455
450,459
450,462
451,453
451,457
451,491
452,453
452,454
452,455
452,456
452,458
453,464
454,606
454,668
455,502
455,573
455,595
457,462
458,463
459,460
459,461
459,475
459,482
460,465
460,467
460,495
460,496
461,467
461,469
462,465
462,495
462,537
463,468
463,470
464,466
464,472
465,477
466,474
466,475
467,471
467,472
467,473
468,471
468,472
468,473
469,473
469,476
470,471
470,472
471,478
471,480
471,483
472,537
474,482
475,479
475,517
476,478
476,479
476,480
476,481
477,478
477,508
477,531
478,558
479,484
479,486
479,489
480,491
480,573
481,487
481,490
481,501
482,484
482,485
483,484
483,485
483,486
483,488
484,532
484,536
485,492
485,494
485,497
486,492
486,493
486,502
487,492
487,495
487,510
487,520
488,492
488,493
489,611
490,496
490,508
490,592
491,548
491,560
491,576
491,577
492,498
492,499
493,498
493,499
493,500
493,501
493,503
494,505
494,530
494,542
495,595
496,603
497,502
497,504
498,507
498,508
499,506
499,507
499,508
499,540
500,506
501,506
501,509
501,515
503,510
503,532
504,511
505,563
506,514
506,530
506,539
507,515
507,516
508,661
508,662
508,669
508,688
509,513
510,512
511,517
511,520
511,536
512,518
512,521
513,520
513,522
514,519
514,523
514,581
515,645
515,658
515,707
516,518
516,592
517,518
517,575
517,642
517,693
518,692
519,525
519,560
519,569
520,524
521,527
522,526
523,549
523,593
524,531
524,532
525,528
526,528
526,541
526,576
526,577
527,528
527,529
527,530
528,566
528,589
529,534
529,549
530,533
530,600
530,625
531,631
532,535
533,641
534,536
534,543
535,537
535,538
536,540
536,545
536,563
537,544
537,554
538,539
538,540
538,541
538,542
538,543
538,544
539,546
539,547
539,587
539,588
540,621
541,548
541,550
542,580
543,546
543,551
544,547
544,549
544,552
545,578
545,727
546,577
546,653
546,716
547,556
548,553
548,554
549,609
549,634
550,553
550,554
551,589
551,639
551,662
552,555
552,557
553,559
553,684
553,731
554,564
555,558
555,562
555,563
556,604
556,682
557,560
557,561
557,662
558,567
558,580
559,713
560,709
560,746
561,649
561,691
561,703
562,569
563,565
564,565
564,566
564,568
565,583
566,571
566,572
566,574
566,575
566,578
567,577
568,570
569,573
569,576
570,579
570,581
572,628
573,579
573,582
574,579
574,580
575,585
575,669
576,613
578,646
578,657
579,586
579,656
579,664
580,583
580,584
580,585
581,582
581,612
581,619
581,634
582,587
582,589
583,590
583,591
584,588
585,587
586,662
587,687
588,593
588,595
588,606
589,591
589,647
589,688
590,592
590,594
590,596
591,597
591,610
592,598
592,603
593,649
593,677
593,693
593,710
594,599
594,600
595,601
595,619
596,647
597,606
597,633
597,671
597,694
598,602
598,605
598,607
599,603
600,604
600,704
602,609
603,608
603,616
603,659
604,611
605,615
606,614
606,728
607,610
607,612
607,613
608,623
608,718
608,729
609,621
609,625
610,651
610,686
610,743
610,744
611,618
612,697
612,735
613,619
613,620
613,634
615,622
616,617
616,656
617,685
618,624
618,629
618,683
619,625
620,628
621,701
622,626
622,627
622,628
624,700
625,630
625,633
625,635
625,636
625,637
626,631
626,634
627,630
627,632
628,632
628,686
629,685
630,639
631,640
631,677
632,640
633,710
633,748
635,641
635,719
636,640
637,638
637,639
638,673
639,642
639,645
639,646
639,663
640,642
640,644
640,647
640,648
640,661
641,642
641,643
642,651
642,706
643,655
643,723
645,655
645,670
645,728
646,649
646,652
646,653
646,726
647,656
647,710
647,721
648,650
648,654
648,657
648,660
649,658
650,698
651,723
652,659
652,661
652,744
653,745
654,662
654,688
655,660
656,728
657,665
658,665
658,668
659,667
660,669
661,664
661,666
662,663
662,670
663,671
663,674
664,675
664,746
665,712
665,730
666,689
667,672
667,674
667,676
668,673
669,673
669,691
670,683
670,690
671,679
671,682
672,677
672,702
672,703
673,678
673,702
675,680
675,681
677,686
677,688
678,685
679,687
680,683
680,697
681,717
682,684
682,689
682,690
683,693
683,715
683,718
685,694
687,692
687,695
687,710
689,692
690,691
690,693
690,696
690,738
691,701
692,697
692,700
693,699
693,702
694,697
694,698
694,708
698,706
698,725
698,747
700,703
701,704
702,705
703,707
703,709
704,710
704,711
704,712
705,708
705,720
706,737
706,739
707,715
707,716
707,718
709,717
709,719
711,714
712,713
714,724
714,725
714,726
715,720
716,721
716,722
717,747
719,723
720,733
720,734
721,729
722,728
723,732
724,727
724,730
726,740
726,745
727,731
727,733
727,735
728,730
728,736
729,732
729,734
730,743
731,741
732,737
732,738
732,742
733,741
734,739
735,740
735,744
740,750
741,748
741,749
742,747
743,746
744,745

<end>
