<number of tasks>
750

<cycle time>
1000

<order strength>
0.195


<task times>
1 22
2 291
3 33
4 171
5 101
6 237
7 95
8 119
9 67
10 52
11 130
12 145
13 153
14 191
15 109
16 145
17 250
18 454
19 144
20 39
21 106
22 224
23 28
24 43
25 137
26 324
27 206
28 25
29 179
30 33
31 212
32 102
33 21
34 39
35 34
36 26
37 39
38 104
39 151
40 101
41 171
42 70
43 82
44 76
45 267
46 34
47 70
48 199
49 77
50 166
51 126
52 243
53 72
54 168
55 103
56 46
57 42
58 151
59 190
60 228
61 137
62 168
63 185
64 131
65 61
66 231
67 224
68 149
69 249
70 264
71 36
72 153
73 345
74 131
75 137
76 102
77 70
78 271
79 114
80 173
81 125
82 93
83 107
84 72
85 357
86 22
87 247
88 32
89 26
90 69
91 132
92 108
93 316
94 37
95 35
96 101
97 27
98 95
99 155
100 168
101 56
102 366
103 69
104 150
105 91
106 85
107 82
108 109
109 254
110 120
111 161
112 204
113 99
114 120
115 186
116 262
117 198
118 86
119 234
120 29
121 243
122 97
123 88
124 125
125 50
126 29
127 48
128 73
129 184
130 256
131 185
132 71
133 86
134 201
135 132
136 88
137 40
138 202
139 118
140 134
141 80
142 47
143 35
144 66
145 37
146 65
147 57
148 118
149 111
150 178
151 125
152 116
153 240
154 148
155 68
156 212
157 161
158 177
159 192
160 20
161 100
162 63
163 188
164 269
165 76
166 65
167 64
168 145
169 68
170 275
171 130
172 83
173 156
174 24
175 161
176 89
177 146
178 144
179 47
180 249
181 94
182 69
183 45
184 321
185 174
186 225
187 91
188 148
189 319
190 100
191 26
192 53
193 29
194 133
195 49
196 166
197 166
198 95
199 88
200 98
201 105
202 123
203 90
204 76
205 71
206 24
207 49
208 66
209 131
210 120
211 150
212 102
213 68
214 146
215 186
216 235
217 210
218 136
219 146
220 106
221 87
222 156
223 234
224 158
225 211
226 119
227 150
228 219
229 104
230 196
231 277
232 122
233 231
234 82
235 90
236 353
237 20
238 141
239 53
240 164
241 37
242 50
243 146
244 138
245 51
246 33
247 119
248 213
249 83
250 81
251 118
252 139
253 234
254 50
255 179
256 144
257 98
258 184
259 168
260 48
261 166
262 90
263 304
264 113
265 173
266 176
267 28
268 232
269 226
270 228
271 153
272 62
273 167
274 178
275 192
276 21
277 108
278 108
279 94
280 193
281 247
282 195
283 20
284 137
285 123
286 230
287 80
288 28
289 125
290 25
291 123
292 119
293 254
294 27
295 166
296 203
297 154
298 229
299 80
300 151
301 140
302 112
303 143
304 33
305 102
306 134
307 113
308 149
309 127
310 43
311 290
312 85
313 179
314 71
315 50
316 94
317 108
318 155
319 61
320 196
321 197
322 156
323 240
324 244
325 149
326 105
327 110
328 128
329 200
330 188
331 224
332 194
333 114
334 99
335 116
336 215
337 123
338 115
339 235
340 34
341 140
342 97
343 217
344 125
345 270
346 95
347 94
348 46
349 167
350 80
351 84
352 119
353 146
354 191
355 119
356 84
357 23
358 22
359 119
360 20
361 233
362 417
363 123
364 75
365 97
366 158
367 129
368 98
369 275
370 184
371 123
372 213
373 170
374 155
375 39
376 122
377 80
378 127
379 128
380 146
381 269
382 140
383 132
384 154
385 63
386 116
387 156
388 170
389 79
390 81
391 126
392 137
393 153
394 65
395 288
396 180
397 246
398 121
399 219
400 145
401 35
402 102
403 86
404 32
405 59
406 48
407 74
408 52
409 316
410 255
411 123
412 94
413 129
414 264
415 47
416 138
417 282
418 20
419 81
420 81
421 60
422 68
423 160
424 91
425 91
426 39
427 126
428 290
429 251
430 92
431 237
432 67
433 78
434 94
435 99
436 267
437 101
438 246
439 171
440 236
441 161
442 260
443 89
444 137
445 65
446 70
447 181
448 105
449 65
450 65
451 315
452 156
453 66
454 70
455 77
456 196
457 216
458 20
459 244
460 29
461 139
462 73
463 93
464 30
465 96
466 112
467 28
468 224
469 99
470 166
471 164
472 173
473 292
474 25
475 268
476 314
477 175
478 76
479 167
480 127
481 123
482 89
483 63
484 72
485 196
486 92
487 88
488 112
489 155
490 143
491 35
492 242
493 239
494 54
495 74
496 163
497 149
498 132
499 137
500 312
501 152
502 80
503 63
504 135
505 98
506 87
507 114
508 127
509 95
510 133
511 57
512 93
513 287
514 173
515 301
516 127
517 288
518 53
519 103
520 39
521 51
522 64
523 66
524 127
525 95
526 209
527 92
528 178
529 79
530 55
531 39
532 227
533 73
534 107
535 156
536 84
537 130
538 87
539 59
540 65
541 144
542 106
543 62
544 218
545 286
546 242
547 413
548 105
549 292
550 171
551 146
552 52
553 247
554 69
555 84
556 26
557 170
558 189
559 80
560 75
561 225
562 86
563 212
564 65
565 180
566 76
567 120
568 125
569 33
570 81
571 267
572 95
573 199
574 63
575 113
576 70
577 153
578 139
579 150
580 51
581 262
582 267
583 174
584 103
585 63
586 242
587 154
588 167
589 66
590 92
591 220
592 37
593 261
594 50
595 152
596 172
597 154
598 51
599 257
600 97
601 48
602 131
603 121
604 225
605 50
606 59
607 171
608 316
609 124
610 204
611 159
612 119
613 138
614 35
615 217
616 145
617 199
618 146
619 159
620 159
621 357
622 215
623 65
624 99
625 94
626 120
627 41
628 84
629 321
630 150
631 232
632 156
633 159
634 156
635 176
636 130
637 104
638 183
639 30
640 159
641 147
642 187
643 154
644 28
645 419
646 37
647 42
648 67
649 48
650 213
651 123
652 127
653 124
654 167
655 282
656 64
657 122
658 111
659 67
660 300
661 220
662 250
663 28
664 110
665 88
666 139
667 180
668 98
669 240
670 213
671 74
672 131
673 201
674 216
675 133
676 208
677 49
678 237
679 192
680 152
681 162
682 73
683 158
684 143
685 52
686 47
687 192
688 47
689 176
690 146
691 136
692 180
693 129
694 27
695 196
696 195
697 93
698 175
699 141
700 87
701 194
702 182
703 102
704 128
705 124
706 141
707 134
708 97
709 30
710 284
711 199
712 26
713 178
714 152
715 276
716 228
717 228
718 132
719 303
720 313
721 122
722 259
723 140
724 421
725 157
726 87
727 235
728 114
729 55
730 77
731 146
732 197
733 58
734 24
735 47
736 179
737 196
738 97
739 168
740 118
741 140
742 221
743 338
744 234
745 123
746 127
747 117
748 180
749 160
750 64

<precedence relations>
1,21
2,22
3,23
4,24
5,30
6,19
6,25
6,28
6,316
7,20
7,32
7,33
7,35
7,118
8,26
8,36
9,27
9,615
10,29
11,31
11,247
12,32
13,34
13,248
15,244
15,480
16,37
16,102
16,319
17,489
19,38
20,39
21,41
22,45
23,48
24,49
25,40
26,42
27,43
28,44
29,46
30,47
31,51
31,54
33,489
33,747
34,53
35,50
35,88
36,386
37,52
37,380
38,62
39,63
40,56
41,57
42,58
43,55
44,66
45,59
46,60
47,67
48,61
49,65
49,71
50,140
50,749
51,107
51,273
53,64
54,68
54,69
54,70
55,72
56,74
57,75
58,76
59,78
60,80
61,79
62,81
62,118
62,625
64,73
64,82
64,84
65,77
65,85
66,87
66,107
66,287
68,159
69,133
69,335
70,86
71,83
71,88
72,98
73,89
74,90
75,91
76,92
77,95
78,96
79,93
80,94
80,97
80,106
81,101
81,104
81,105
81,107
82,99
82,103
83,225
84,108
85,100
86,379
86,508
87,102
87,290
89,109
90,118
91,110
92,111
93,112
94,113
95,115
96,116
97,117
99,114
99,123
100,119
100,121
100,206
101,122
102,124
102,288
105,126
106,746
107,125
108,120
108,706
109,127
110,129
111,130
112,133
113,133
114,131
115,133
116,132
117,135
118,136
119,128
120,140
121,141
122,134
122,139
122,242
123,405
123,459
125,137
125,330
126,138
126,150
126,259
127,142
128,143
129,144
130,145
131,147
132,148
133,158
133,176
134,146
134,150
134,153
134,161
136,149
137,152
137,156
137,157
137,174
138,154
139,671
140,159
141,151
141,155
141,160
142,162
143,165
144,164
145,167
146,169
147,171
148,168
149,172
150,163
150,170
150,175
151,166
151,719
155,612
156,532
156,743
158,177
158,261
158,276
159,173
160,174
160,176
162,178
163,179
164,181
165,182
166,183
167,187
168,185
169,188
170,186
171,191
172,189
173,180
174,184
174,193
174,195
175,194
175,196
177,190
177,192
178,198
179,205
180,199
181,206
182,201
183,208
184,202
185,209
186,205
187,203
188,204
189,197
189,348
189,634
190,200
190,207
191,214
191,403
191,441
192,211
192,216
192,349
193,210
193,213
194,212
194,215
194,217
196,536
197,218
198,222
199,219
200,220
201,222
202,222
203,222
204,222
205,318
207,221
207,229
207,231
208,223
208,536
209,359
210,225
211,224
211,232
213,226
213,227
213,230
214,616
215,228
215,671
217,232
217,509
218,236
219,233
220,234
221,235
222,238
222,240
222,241
223,237
224,239
225,242
225,249
226,246
228,247
228,568
231,245
231,248
231,333
232,243
232,244
233,250
234,252
235,251
236,253
237,254
238,255
239,256
240,257
240,258
240,260
240,565
241,425
241,654
244,262
246,261
247,556
247,666
248,259
249,259
250,263
251,271
252,264
253,265
254,266
255,268
256,269
257,270
258,267
258,342
258,586
258,599
260,274
260,275
260,276
261,720
262,272
262,273
262,277
262,278
263,279
264,280
265,283
266,281
267,282
268,284
269,285
270,286
271,405
271,489
271,563
271,629
272,287
275,290
275,692
276,288
276,289
277,379
278,291
279,292
280,293
281,298
282,295
283,296
284,297
285,299
286,294
286,305
286,307
287,301
287,306
288,303
288,304
289,302
289,557
290,300
292,316
293,309
294,310
295,312
296,314
297,313
298,315
299,316
300,308
300,566
301,311
301,317
301,318
302,650
304,464
304,631
305,318
305,319
306,657
307,420
308,320
309,321
310,322
311,323
312,324
313,325
314,326
315,327
316,331
317,330
318,328
318,332
318,334
319,329
319,333
319,335
320,342
321,336
322,343
323,338
324,339
325,337
326,340
327,341
329,347
330,348
332,345
333,351
334,345
334,346
335,344
335,349
335,350
335,549
336,353
337,352
338,355
339,356
340,357
341,354
343,367
343,533
344,360
344,364
346,358
346,368
347,423
348,362
348,366
349,363
349,365
349,513
350,359
350,361
351,400
352,369
353,370
354,371
355,374
356,376
357,372
358,373
358,377
358,379
359,375
359,381
360,718
362,383
362,384
362,387
362,399
363,722
365,378
366,385
367,380
367,382
368,386
368,510
369,399
370,389
371,391
372,390
373,392
374,393
375,394
376,401
377,388
377,395
377,398
377,400
377,409
378,396
378,404
379,397
379,612
380,408
380,735
381,407
382,691
383,403
383,749
384,406
384,520
385,402
387,405
387,610
388,410
389,411
390,414
391,413
392,420
393,419
394,421
395,415
396,416
397,417
398,418
399,424
400,412
400,629
400,667
401,423
401,427
402,422
403,428
406,429
406,580
407,425
408,426
408,737
409,426
410,430
411,431
412,433
413,434
414,435
415,436
416,439
417,438
418,437
419,432
419,447
420,440
420,441
420,442
422,444
422,446
425,445
425,569
426,438
426,443
427,532
428,568
429,507
430,450
431,449
432,452
433,451
434,453
435,458
436,454
437,455
438,448
438,699
439,465
439,479
439,512
440,456
442,464
444,459
445,457
445,460
445,461
446,462
447,463
448,466
449,468
450,467
451,472
452,473
453,469
454,471
455,474
456,475
457,470
457,580
457,683
458,478
458,482
459,476
459,656
462,477
462,481
463,479
465,480
466,490
467,483
468,487
469,484
470,485
471,486
472,491
473,489
474,489
475,492
476,488
478,497
480,493
480,498
481,494
481,495
481,497
482,496
482,499
483,502
484,501
485,503
486,504
487,505
488,510
489,500
490,513
490,550
491,514
491,517
492,507
492,511
493,506
493,509
495,508
497,516
497,518
497,537
498,519
499,512
499,515
499,520
500,521
501,522
502,524
503,526
504,527
505,529
506,531
507,523
507,528
507,683
508,525
509,530
510,532
511,536
514,537
516,533
517,635
518,535
518,585
519,534
519,748
521,542
522,538
523,539
524,543
525,540
526,541
527,544
528,545
529,546
530,547
531,548
532,554
532,555
532,649
533,552
534,551
534,616
535,550
535,553
535,556
536,549
537,557
538,558
539,562
540,563
541,564
542,559
543,560
544,561
545,562
546,562
547,567
548,566
548,700
549,571
552,568
554,569
556,565
556,570
558,572
559,574
560,576
561,578
562,573
562,581
563,586
564,582
565,575
565,583
566,577
566,579
566,584
568,666
570,632
571,580
571,585
572,587
573,588
574,590
575,591
576,589
577,592
578,594
578,597
579,593
579,598
579,600
581,669
581,749
584,595
584,596
584,601
585,599
587,602
588,603
589,604
590,606
591,610
592,609
593,607
594,608
595,605
595,613
596,612
596,615
597,611
598,616
598,617
601,614
602,625
603,626
604,627
605,619
606,621
607,620
608,631
609,618
609,624
609,630
611,622
612,623
612,629
614,628
615,635
617,632
617,633
617,634
617,636
618,637
619,638
620,640
621,642
622,644
623,646
624,647
625,645
625,656
626,649
626,654
627,650
628,639
629,641
629,653
630,643
631,651
632,648
632,655
632,657
633,649
634,652
635,706
636,708
637,666
638,658
639,659
640,667
641,660
642,668
643,661
644,662
645,663
646,665
647,664
648,670
648,675
649,674
650,669
653,672
654,671
656,673
658,676
659,677
660,678
661,679
662,683
663,681
664,684
665,680
666,690
667,682
667,685
669,688
669,692
670,691
671,689
672,687
673,686
674,693
675,703
676,697
677,694
678,699
679,698
680,702
681,695
681,700
681,701
682,696
683,704
684,703
686,705
686,723
687,706
687,708
688,707
694,709
695,710
696,711
697,712
698,716
699,713
700,714
701,715
702,718
702,721
702,722
702,723
703,724
704,719
704,746
706,720
707,717
709,726
710,731
711,732
712,731
713,727
714,728
715,729
716,730
717,725
717,735
717,737
717,738
720,736
722,734
724,733
725,739
726,741
727,742
728,740
729,741
730,743
732,748
732,749
733,746
733,750
734,745
734,747
736,744

<end>
