<number of tasks>
750

<cycle time>
1000

<order strength>
0.596


<task times>
1 22
2 539
3 248
4 294
5 462
6 541
7 250
8 214
9 59
10 106
11 64
12 408
13 174
14 244
15 101
16 168
17 178
18 524
19 221
20 147
21 298
22 157
23 462
24 168
25 154
26 402
27 129
28 24
29 68
30 119
31 326
32 170
33 108
34 304
35 115
36 263
37 110
38 466
39 84
40 62
41 27
42 301
43 224
44 129
45 307
46 138
47 297
48 282
49 210
50 52
51 164
52 171
53 453
54 121
55 286
56 192
57 201
58 22
59 291
60 55
61 131
62 57
63 526
64 200
65 241
66 88
67 118
68 506
69 193
70 412
71 91
72 202
73 476
74 51
75 44
76 544
77 29
78 204
79 42
80 88
81 82
82 152
83 125
84 248
85 152
86 115
87 166
88 441
89 206
90 134
91 107
92 62
93 451
94 31
95 539
96 137
97 266
98 427
99 163
100 386
101 188
102 32
103 33
104 183
105 524
106 436
107 114
108 295
109 271
110 242
111 525
112 509
113 348
114 76
115 327
116 56
117 22
118 67
119 468
120 167
121 148
122 232
123 463
124 260
125 129
126 37
127 148
128 92
129 296
130 437
131 98
132 91
133 345
134 42
135 60
136 532
137 386
138 47
139 219
140 51
141 288
142 230
143 155
144 497
145 434
146 531
147 28
148 270
149 546
150 565
151 127
152 498
153 215
154 252
155 83
156 467
157 506
158 430
159 147
160 449
161 40
162 282
163 241
164 144
165 121
166 41
167 53
168 539
169 93
170 56
171 119
172 224
173 195
174 158
175 143
176 48
177 22
178 422
179 112
180 109
181 141
182 171
183 97
184 242
185 49
186 150
187 480
188 531
189 483
190 86
191 185
192 485
193 456
194 444
195 79
196 66
197 173
198 175
199 141
200 531
201 457
202 201
203 35
204 110
205 86
206 44
207 195
208 509
209 148
210 470
211 287
212 324
213 94
214 35
215 146
216 129
217 73
218 517
219 66
220 232
221 58
222 76
223 488
224 507
225 59
226 129
227 270
228 59
229 537
230 256
231 39
232 210
233 216
234 97
235 79
236 501
237 70
238 327
239 182
240 82
241 207
242 183
243 176
244 208
245 326
246 287
247 62
248 101
249 145
250 132
251 82
252 478
253 468
254 249
255 155
256 52
257 30
258 151
259 254
260 86
261 442
262 436
263 564
264 285
265 90
266 82
267 56
268 507
269 169
270 265
271 427
272 84
273 155
274 437
275 112
276 254
277 464
278 163
279 98
280 492
281 191
282 443
283 92
284 190
285 468
286 224
287 280
288 448
289 261
290 61
291 173
292 124
293 440
294 34
295 448
296 447
297 76
298 115
299 85
300 67
301 27
302 54
303 101
304 320
305 106
306 530
307 117
308 24
309 66
310 161
311 331
312 459
313 81
314 222
315 185
316 156
317 192
318 188
319 125
320 44
321 226
322 218
323 137
324 128
325 281
326 104
327 180
328 321
329 92
330 165
331 448
332 23
333 131
334 25
335 143
336 114
337 171
338 507
339 158
340 220
341 208
342 177
343 283
344 349
345 488
346 530
347 473
348 77
349 209
350 186
351 125
352 128
353 288
354 151
355 120
356 283
357 219
358 56
359 100
360 219
361 506
362 284
363 227
364 283
365 44
366 93
367 467
368 431
369 162
370 267
371 204
372 265
373 234
374 219
375 177
376 55
377 39
378 54
379 254
380 67
381 195
382 90
383 265
384 86
385 86
386 539
387 217
388 56
389 61
390 481
391 64
392 68
393 152
394 50
395 243
396 162
397 66
398 533
399 31
400 50
401 285
402 444
403 194
404 32
405 204
406 111
407 255
408 69
409 133
410 257
411 94
412 256
413 98
414 220
415 27
416 488
417 420
418 106
419 210
420 69
421 294
422 499
423 113
424 421
425 134
426 490
427 57
428 302
429 540
430 49
431 185
432 117
433 229
434 528
435 188
436 249
437 195
438 138
439 277
440 86
441 186
442 99
443 134
444 521
445 273
446 171
447 235
448 325
449 130
450 399
451 425
452 376
453 417
454 366
455 260
456 123
457 137
458 174
459 70
460 296
461 499
462 96
463 530
464 72
465 349
466 150
467 536
468 179
469 184
470 183
471 475
472 218
473 223
474 53
475 65
476 149
477 99
478 205
479 90
480 129
481 456
482 101
483 168
484 137
485 483
486 235
487 294
488 359
489 389
490 266
491 155
492 198
493 90
494 197
495 267
496 252
497 120
498 64
499 183
500 186
501 94
502 29
503 39
504 190
505 21
506 205
507 138
508 53
509 31
510 26
511 85
512 549
513 123
514 562
515 53
516 310
517 134
518 154
519 281
520 143
521 87
522 313
523 97
524 147
525 530
526 201
527 338
528 325
529 582
530 129
531 458
532 126
533 515
534 575
535 115
536 48
537 207
538 225
539 124
540 225
541 125
542 42
543 235
544 103
545 80
546 132
547 153
548 282
549 253
550 74
551 40
552 58
553 67
554 194
555 70
556 486
557 410
558 301
559 189
560 176
561 293
562 453
563 523
564 48
565 186
566 163
567 318
568 88
569 443
570 84
571 461
572 258
573 169
574 453
575 518
576 318
577 78
578 472
579 264
580 123
581 517
582 250
583 50
584 157
585 99
586 492
587 210
588 368
589 34
590 298
591 53
592 481
593 34
594 49
595 66
596 24
597 369
598 93
599 99
600 109
601 276
602 152
603 224
604 74
605 134
606 218
607 263
608 164
609 21
610 100
611 534
612 117
613 313
614 484
615 35
616 323
617 141
618 59
619 119
620 395
621 313
622 99
623 62
624 194
625 74
626 136
627 164
628 134
629 83
630 494
631 612
632 177
633 54
634 200
635 484
636 222
637 517
638 59
639 443
640 229
641 364
642 199
643 23
644 591
645 141
646 105
647 391
648 165
649 506
650 240
651 313
652 132
653 133
654 326
655 320
656 375
657 63
658 200
659 89
660 476
661 456
662 263
663 50
664 141
665 37
666 146
667 222
668 120
669 259
670 436
671 529
672 97
673 115
674 44
675 155
676 245
677 311
678 114
679 133
680 396
681 70
682 391
683 335
684 66
685 175
686 76
687 166
688 323
689 268
690 554
691 22
692 148
693 210
694 106
695 151
696 183
697 177
698 315
699 447
700 205
701 464
702 54
703 103
704 377
705 538
706 505
707 28
708 42
709 424
710 26
711 220
712 187
713 373
714 64
715 142
716 80
717 220
718 233
719 260
720 56
721 279
722 498
723 182
724 521
725 58
726 26
727 115
728 253
729 126
730 76
731 200
732 505
733 176
734 219
735 196
736 76
737 336
738 304
739 412
740 527
741 44
742 147
743 28
744 502
745 115
746 102
747 45
748 178
749 556
750 407

<precedence relations>
1,10
2,11
2,12
2,14
2,15
3,13
3,17
3,19
3,20
4,16
4,17
4,18
4,20
5,18
6,17
6,20
7,112
8,19
8,32
9,17
10,21
11,22
12,23
13,24
14,25
15,26
16,28
17,27
17,29
17,30
17,31
17,32
18,30
18,31
18,32
19,30
19,31
20,30
20,31
20,32
21,38
22,33
23,34
24,38
25,39
26,35
27,36
28,38
29,37
30,38
30,39
30,41
30,43
30,44
30,45
31,38
31,39
31,40
31,42
31,43
31,56
32,190
33,47
34,49
35,50
36,46
37,48
38,51
39,50
39,55
40,52
40,109
41,56
42,50
42,112
43,50
43,53
43,54
43,130
44,50
44,51
45,50
46,57
47,60
48,58
49,61
50,63
51,59
51,62
51,65
52,62
52,63
52,64
53,104
53,234
53,265
53,380
54,109
54,138
55,62
55,64
55,65
56,195
56,217
57,66
58,68
59,71
60,69
61,73
62,67
62,72
62,74
62,75
62,76
62,77
63,70
63,77
63,78
64,75
64,76
64,77
64,78
64,112
65,194
66,79
67,80
68,86
69,81
70,82
71,86
72,84
73,87
74,85
75,83
75,87
75,91
76,89
76,92
76,178
77,90
77,123
78,86
78,88
79,93
80,94
81,95
82,96
83,97
84,98
85,99
86,98
87,98
87,253
88,98
88,101
88,103
88,104
89,100
90,209
91,98
91,102
91,113
91,127
92,429
93,107
94,106
95,109
96,107
97,110
98,105
98,114
98,115
99,111
99,112
99,113
100,190
101,108
102,107
102,108
102,111
102,116
102,117
102,130
103,107
103,163
103,233
104,617
104,708
105,119
106,120
107,136
107,164
108,118
108,122
108,125
108,129
109,127
110,122
110,130
111,121
111,128
112,345
112,388
112,507
113,122
114,444
114,508
115,128
116,124
116,126
117,123
118,131
119,132
120,137
121,135
122,133
122,139
122,140
122,141
123,134
124,136
125,142
126,138
126,191
126,210
126,216
126,279
127,136
127,137
127,178
128,136
128,137
128,138
129,136
129,151
130,141
131,143
132,144
133,145
134,146
135,149
136,147
136,241
137,152
138,148
138,192
139,204
140,150
140,151
141,150
141,151
141,152
142,150
143,155
144,156
145,153
146,158
147,157
148,159
149,160
150,154
150,161
150,163
150,164
151,162
151,165
151,166
152,162
152,163
153,167
154,169
155,170
156,171
157,172
158,174
159,173
160,176
161,177
162,168
162,180
162,194
162,216
163,175
163,203
164,178
164,179
165,251
166,179
167,181
168,182
169,183
170,191
171,189
172,185
173,186
174,187
175,188
176,190
177,192
178,184
178,190
178,191
179,190
179,193
179,194
179,266
180,190
180,191
180,192
180,195
180,196
181,199
182,200
183,202
184,198
185,203
186,202
187,202
188,204
189,201
190,197
190,202
190,206
191,208
191,332
191,584
192,205
192,241
193,202
193,209
194,202
194,203
194,204
194,207
194,209
194,210
195,202
195,203
195,266
196,208
196,234
197,211
198,214
199,212
200,213
201,216
202,220
203,355
203,588
203,625
203,718
204,217
205,215
205,222
205,223
206,448
207,219
208,443
209,218
209,292
209,303
209,388
210,221
210,223
211,226
212,224
213,226
214,230
214,388
215,225
215,226
215,232
215,388
216,357
216,437
217,231
217,234
218,226
219,226
220,226
220,227
220,229
221,226
221,227
221,228
222,226
222,227
222,228
222,233
223,450
223,558
223,598
223,656
224,235
225,237
226,236
227,238
227,371
227,403
228,239
228,243
229,239
229,240
229,370
230,242
230,278
231,241
232,416
232,479
233,239
233,415
234,300
234,585
235,244
236,246
237,248
238,247
239,245
240,248
240,250
240,251
240,254
241,249
241,288
242,250
242,252
242,253
242,353
243,255
243,419
244,256
245,257
246,258
247,259
248,260
248,261
249,262
249,263
249,264
249,265
250,263
250,264
250,268
251,265
252,263
252,264
252,266
253,263
253,264
253,369
254,694
255,267
256,269
257,270
258,275
259,271
260,272
261,273
262,274
263,555
264,326
264,447
265,276
265,278
265,280
265,388
266,277
266,279
266,330
267,416
268,275
269,281
270,287
271,282
272,283
273,288
274,285
275,286
275,287
276,284
276,289
276,291
276,358
276,379
277,331
277,370
278,290
278,291
278,292
280,418
280,509
280,556
281,300
282,294
283,295
284,296
285,293
286,299
287,297
287,298
287,302
287,306
288,301
289,520
289,623
290,303
290,390
290,416
291,300
292,304
292,305
293,307
294,310
295,312
296,308
297,309
298,311
299,315
300,571
301,313
301,318
301,479
303,317
303,332
304,315
305,312
305,313
305,457
306,312
306,314
306,316
306,435
306,437
307,320
308,329
309,324
310,323
311,325
312,319
312,328
312,479
313,321
313,449
314,322
314,332
314,529
314,607
315,326
315,327
315,328
315,330
315,331
316,534
317,519
317,520
317,521
318,414
319,333
320,335
321,336
322,340
323,334
324,341
325,342
326,337
327,338
327,343
327,379
327,457
328,339
328,343
329,597
329,617
329,645
330,345
331,379
331,532
332,344
332,666
333,346
334,347
335,353
336,349
337,348
338,350
339,351
340,355
341,352
342,356
343,354
344,617
344,713
345,357
345,358
346,359
347,360
348,362
349,363
350,366
351,364
352,365
353,370
353,371
353,695
354,361
354,367
354,369
354,477
355,371
355,717
356,685
357,497
358,368
359,372
360,374
361,375
362,373
363,376
364,377
365,379
366,378
367,570
367,584
367,598
367,611
367,709
368,382
369,381
369,392
369,521
371,380
371,677
372,384
373,383
374,388
375,387
376,385
377,386
378,391
379,393
379,403
381,389
381,532
382,390
382,392
382,394
383,396
384,398
385,395
386,400
387,401
388,623
389,397
389,402
390,399
390,404
391,405
391,477
391,479
392,402
393,544
394,403
395,406
396,407
397,408
398,409
399,410
400,412
401,414
402,411
402,414
403,413
403,414
403,417
404,418
404,419
404,448
405,415
405,416
405,478
406,421
407,420
408,426
409,427
410,422
411,423
412,424
413,425
414,427
414,458
414,533
415,505
415,556
416,428
416,445
418,469
419,429
420,432
421,430
422,433
423,433
424,434
425,433
426,431
428,435
428,436
428,494
428,497
429,437
429,438
430,441
431,442
432,439
433,443
433,445
433,448
433,449
433,451
433,601
434,607
434,715
435,627
435,659
436,447
436,542
437,446
437,450
437,483
438,440
438,444
438,491
439,452
440,453
440,454
440,457
440,601
441,585
442,456
442,530
443,455
444,554
444,585
445,484
445,607
446,458
447,456
447,459
447,580
447,581
449,459
449,612
450,592
450,708
450,741
451,530
451,700
452,460
453,462
454,465
455,466
456,461
456,463
456,464
458,467
458,482
458,546
459,468
459,469
460,477
461,470
462,479
463,471
464,473
465,472
466,474
467,475
467,476
467,478
468,482
468,484
469,480
469,481
469,483
470,491
471,486
472,487
473,493
474,488
475,489
476,490
477,497
478,485
478,494
478,565
480,496
481,492
482,544
483,495
483,625
484,615
485,498
486,505
487,500
488,501
489,503
490,504
491,698
491,731
492,499
492,506
492,510
493,507
494,502
494,601
495,586
495,731
496,508
496,705
497,509
498,511
499,512
500,514
501,515
502,516
503,518
504,517
506,513
506,519
506,520
507,518
509,521
509,599
511,522
512,523
513,525
514,526
515,529
516,529
517,528
518,524
518,534
518,535
519,527
519,530
519,708
520,531
520,533
521,532
521,581
522,536
523,538
524,537
525,540
526,542
527,541
528,542
529,539
529,616
532,566
532,625
533,543
533,544
533,546
533,557
533,599
533,656
534,545
536,547
537,550
538,551
539,552
540,553
541,554
542,548
543,549
544,555
544,559
544,685
545,556
545,557
546,558
546,610
546,649
547,560
548,561
549,562
550,563
551,564
552,564
553,599
554,565
554,578
554,600
554,713
556,566
557,625
558,609
558,689
559,679
560,567
561,569
562,568
563,570
564,571
564,574
564,628
565,623
566,572
566,573
566,713
567,575
568,576
569,580
569,581
569,592
571,577
572,576
572,600
573,579
573,610
573,645
574,578
574,739
575,582
576,616
577,583
577,587
577,590
577,591
577,592
577,678
578,588
579,589
580,584
580,585
580,586
581,648
582,594
583,595
584,593
585,596
585,667
586,599
587,597
587,598
587,699
588,623
588,709
589,600
589,601
591,598
591,626
591,729
593,602
594,605
595,603
596,604
597,610
597,675
598,708
599,607
599,608
599,713
600,606
600,609
600,611
600,616
601,612
602,613
603,615
604,615
605,614
606,617
608,616
608,677
611,677
613,618
614,622
615,619
615,620
615,621
615,625
615,693
616,626
616,628
617,623
617,624
617,627
618,629
619,630
620,633
621,635
622,634
623,631
623,637
624,632
625,743
626,636
626,638
626,639
626,674
627,671
629,643
630,640
631,641
632,642
633,645
634,644
635,645
636,669
637,647
638,648
638,685
638,695
638,719
639,646
639,649
640,650
641,656
642,652
643,654
644,655
645,651
645,653
645,657
645,683
646,658
647,743
649,659
650,660
651,661
652,664
653,662
654,663
655,664
656,670
657,666
657,668
658,667
658,671
659,665
659,669
660,672
661,674
662,674
663,673
664,693
667,745
668,675
668,676
668,677
669,676
669,680
670,678
670,679
670,730
672,681
673,683
674,682
674,685
674,687
674,730
674,741
676,686
677,689
677,727
678,688
678,731
679,749
680,684
681,690
682,691
683,694
683,741
684,692
684,693
684,697
685,696
686,698
687,695
687,697
687,699
687,749
688,700
690,702
691,703
692,701
692,718
693,704
694,708
696,707
696,739
697,709
698,705
698,706
701,710
702,713
703,711
704,712
706,716
706,717
708,714
708,715
708,718
708,719
710,720
711,722
712,725
713,721
713,724
713,729
714,723
715,731
718,726
718,728
718,730
719,727
719,732
720,733
721,734
722,735
723,736
724,737
725,739
727,740
729,741
732,738
733,742
734,742
735,742
736,743
737,742
738,745
738,748
740,749
741,744
741,746
741,747
741,750

<end>
