<number of tasks>
750

<cycle time>
1000

<order strength>
0.288


<task times>
1 572
2 167
3 506
4 420
5 446
6 225
7 229
8 567
9 291
10 138
11 79
12 195
13 87
14 78
15 104
16 136
17 235
18 175
19 236
20 204
21 421
22 29
23 74
24 209
25 192
26 224
27 36
28 480
29 72
30 81
31 322
32 302
33 76
34 206
35 159
36 532
37 84
38 252
39 222
40 21
41 246
42 328
43 198
44 471
45 41
46 141
47 130
48 54
49 210
50 266
51 271
52 183
53 110
54 357
55 299
56 69
57 32
58 186
59 190
60 284
61 252
62 79
63 262
64 54
65 572
66 252
67 526
68 150
69 65
70 151
71 56
72 202
73 112
74 324
75 133
76 311
77 235
78 83
79 60
80 366
81 533
82 259
83 130
84 21
85 129
86 23
87 521
88 132
89 163
90 318
91 339
92 429
93 239
94 308
95 52
96 341
97 111
98 469
99 82
100 431
101 192
102 236
103 163
104 244
105 125
106 135
107 129
108 167
109 111
110 114
111 592
112 536
113 87
114 238
115 458
116 433
117 175
118 87
119 541
120 69
121 173
122 624
123 319
124 285
125 532
126 71
127 85
128 21
129 128
130 39
131 77
132 133
133 556
134 405
135 138
136 192
137 117
138 337
139 68
140 272
141 83
142 56
143 38
144 114
145 34
146 337
147 51
148 125
149 121
150 37
151 44
152 67
153 453
154 98
155 216
156 498
157 22
158 497
159 474
160 198
161 440
162 100
163 111
164 34
165 132
166 157
167 289
168 509
169 48
170 97
171 217
172 58
173 49
174 62
175 82
176 53
177 31
178 220
179 37
180 386
181 507
182 76
183 551
184 300
185 502
186 112
187 215
188 113
189 75
190 295
191 536
192 101
193 58
194 298
195 213
196 441
197 30
198 138
199 537
200 81
201 236
202 336
203 540
204 190
205 382
206 176
207 382
208 77
209 135
210 78
211 23
212 334
213 325
214 516
215 66
216 112
217 168
218 45
219 35
220 387
221 375
222 86
223 230
224 135
225 243
226 472
227 566
228 214
229 584
230 292
231 89
232 167
233 180
234 108
235 514
236 136
237 273
238 217
239 206
240 130
241 27
242 345
243 206
244 83
245 154
246 266
247 40
248 171
249 374
250 34
251 591
252 399
253 234
254 453
255 336
256 284
257 227
258 513
259 260
260 377
261 191
262 80
263 47
264 356
265 78
266 395
267 49
268 160
269 526
270 48
271 211
272 529
273 42
274 135
275 107
276 423
277 85
278 183
279 500
280 409
281 282
282 210
283 285
284 242
285 148
286 507
287 245
288 55
289 121
290 420
291 454
292 138
293 245
294 413
295 81
296 61
297 107
298 193
299 445
300 276
301 53
302 329
303 444
304 70
305 130
306 407
307 124
308 75
309 314
310 419
311 347
312 128
313 188
314 443
315 304
316 171
317 518
318 337
319 246
320 124
321 568
322 134
323 209
324 201
325 35
326 235
327 34
328 354
329 489
330 123
331 124
332 24
333 208
334 573
335 349
336 226
337 103
338 98
339 218
340 70
341 177
342 484
343 113
344 330
345 289
346 158
347 127
348 107
349 230
350 26
351 98
352 213
353 59
354 251
355 166
356 493
357 220
358 450
359 598
360 119
361 195
362 60
363 428
364 104
365 197
366 212
367 406
368 297
369 123
370 46
371 60
372 56
373 135
374 124
375 502
376 118
377 116
378 155
379 250
380 29
381 30
382 98
383 80
384 199
385 35
386 92
387 110
388 498
389 151
390 250
391 65
392 244
393 221
394 71
395 73
396 529
397 471
398 492
399 441
400 504
401 561
402 359
403 39
404 484
405 167
406 27
407 33
408 189
409 184
410 124
411 25
412 220
413 76
414 68
415 511
416 94
417 56
418 252
419 104
420 534
421 176
422 45
423 241
424 193
425 293
426 318
427 517
428 249
429 71
430 537
431 107
432 56
433 98
434 122
435 232
436 275
437 99
438 163
439 127
440 460
441 43
442 22
443 23
444 236
445 489
446 468
447 122
448 506
449 86
450 496
451 94
452 71
453 67
454 140
455 157
456 21
457 123
458 92
459 104
460 248
461 83
462 476
463 25
464 99
465 407
466 233
467 415
468 469
469 143
470 147
471 273
472 95
473 62
474 137
475 597
476 355
477 156
478 144
479 72
480 234
481 212
482 74
483 632
484 224
485 55
486 35
487 565
488 89
489 304
490 130
491 581
492 273
493 68
494 175
495 471
496 53
497 125
498 117
499 159
500 180
501 294
502 214
503 246
504 504
505 260
506 243
507 53
508 436
509 127
510 126
511 172
512 376
513 22
514 469
515 142
516 353
517 63
518 93
519 36
520 422
521 41
522 416
523 158
524 569
525 309
526 32
527 249
528 497
529 452
530 480
531 127
532 137
533 494
534 108
535 313
536 215
537 263
538 192
539 61
540 58
541 176
542 126
543 216
544 447
545 295
546 572
547 138
548 329
549 91
550 324
551 279
552 231
553 131
554 69
555 213
556 99
557 33
558 189
559 23
560 42
561 117
562 23
563 213
564 255
565 528
566 414
567 66
568 636
569 221
570 167
571 98
572 182
573 373
574 90
575 509
576 177
577 23
578 111
579 215
580 142
581 158
582 374
583 203
584 141
585 31
586 265
587 37
588 89
589 463
590 304
591 524
592 33
593 55
594 296
595 83
596 218
597 278
598 401
599 56
600 534
601 314
602 67
603 169
604 31
605 177
606 195
607 389
608 96
609 119
610 302
611 467
612 327
613 121
614 386
615 146
616 191
617 263
618 52
619 163
620 297
621 46
622 72
623 40
624 112
625 236
626 236
627 34
628 52
629 459
630 117
631 112
632 85
633 107
634 180
635 74
636 199
637 52
638 195
639 233
640 493
641 25
642 338
643 49
644 505
645 259
646 302
647 533
648 56
649 34
650 330
651 155
652 64
653 63
654 173
655 136
656 387
657 275
658 291
659 259
660 92
661 472
662 528
663 96
664 76
665 464
666 255
667 62
668 505
669 286
670 515
671 97
672 115
673 279
674 73
675 147
676 103
677 59
678 27
679 222
680 268
681 106
682 131
683 243
684 214
685 141
686 143
687 77
688 78
689 416
690 217
691 194
692 174
693 278
694 158
695 304
696 172
697 417
698 35
699 205
700 161
701 59
702 128
703 112
704 170
705 275
706 260
707 212
708 119
709 23
710 153
711 66
712 592
713 147
714 140
715 162
716 214
717 61
718 140
719 286
720 277
721 71
722 31
723 337
724 154
725 151
726 64
727 108
728 95
729 267
730 478
731 81
732 460
733 259
734 354
735 217
736 140
737 481
738 502
739 255
740 216
741 183
742 494
743 177
744 37
745 309
746 106
747 50
748 413
749 305
750 177

<precedence relations>
1,258
2,183
3,303
4,303
5,482
6,59
7,466
8,176
9,176
10,29
11,30
12,32
13,27
13,31
13,33
14,22
14,34
15,21
15,23
15,26
16,25
17,19
17,24
17,28
18,20
18,35
19,301
20,405
21,117
22,183
23,362
24,185
25,185
26,466
27,225
28,537
29,47
30,52
31,48
32,36
33,51
34,38
34,39
34,40
34,43
34,45
34,49
34,50
34,56
35,37
35,41
35,42
35,44
35,46
35,53
35,54
35,55
36,117
37,183
38,144
39,144
40,185
41,59
42,59
43,59
44,59
45,59
46,176
47,64
48,57
49,65
50,66
51,67
53,63
54,58
54,60
54,62
54,72
54,73
55,68
55,70
56,61
56,69
56,71
57,258
58,183
59,78
59,79
59,80
59,81
59,82
59,89
60,701
61,176
62,176
63,176
64,74
65,85
66,74
67,87
68,84
68,90
68,92
69,86
69,93
71,75
71,77
71,88
71,91
73,76
73,83
74,258
75,117
76,144
77,362
78,176
79,95
79,96
79,101
80,102
81,110
81,115
82,108
82,114
83,642
84,104
85,105
86,106
88,100
88,109
89,97
89,107
91,98
91,99
91,103
91,113
92,94
92,112
93,111
94,405
95,117
96,117
97,117
98,144
99,144
100,144
101,642
102,176
103,176
104,129
105,116
106,116
107,118
107,121
108,123
109,125
110,128
110,136
111,135
112,127
112,130
113,120
113,122
113,132
113,133
113,138
114,119
114,124
114,134
115,126
115,131
115,137
116,258
117,139
117,140
117,141
117,142
117,143
118,183
119,303
120,144
121,144
122,362
123,362
124,362
125,185
126,176
127,225
128,149
129,145
129,146
129,152
130,150
131,151
132,148
136,153
137,147
139,621
140,157
141,167
141,171
142,154
142,156
142,163
142,168
142,169
143,162
144,155
144,158
144,159
144,160
144,161
144,170
145,362
146,701
147,176
148,176
149,164
150,165
151,166
154,301
155,405
156,183
157,303
158,185
159,642
160,176
161,225
162,176
163,176
164,179
165,172
166,178
167,177
168,173
168,175
169,180
169,182
170,174
170,181
172,183
173,362
174,362
175,185
176,186
176,187
176,188
176,189
176,190
176,191
176,192
176,193
176,194
176,195
176,196
176,197
176,200
176,206
177,199
178,184
179,204
179,205
179,208
180,207
181,198
181,201
182,202
182,203
183,209
183,210
183,211
183,212
183,213
183,214
183,215
184,362
185,217
185,218
185,219
185,220
185,221
185,222
185,223
187,216
187,230
190,234
193,232
196,224
198,225
199,229
200,226
201,227
202,228
205,233
207,231
212,237
213,235
214,251
215,254
216,362
221,236
224,701
225,238
225,239
225,240
225,241
225,242
225,243
225,244
225,245
225,246
225,252
225,253
226,247
227,248
228,249
229,250
234,255
235,258
236,362
237,701
238,537
239,268
242,259
242,260
242,261
244,257
244,266
247,264
248,263
249,256
251,262
251,267
254,270
255,265
255,269
256,405
257,405
258,271
258,272
258,273
258,274
258,275
258,276
258,277
258,278
259,303
260,482
261,362
262,642
263,279
264,287
264,288
265,282
266,283
266,285
266,289
268,286
270,280
270,281
270,284
271,482
273,292
273,294
275,295
276,298
276,300
277,293
279,621
280,642
281,642
282,296
283,297
286,299
287,290
289,291
290,301
291,301
292,303
293,362
294,362
295,642
296,308
297,309
298,307
298,312
298,316
298,317
299,305
299,306
299,310
299,313
299,315
299,318
299,319
300,302
300,304
300,311
300,314
301,320
301,321
301,322
301,323
301,324
302,405
303,325
303,326
303,327
303,328
304,362
305,701
306,701
307,329
308,330
309,331
310,332
311,333
311,334
312,336
312,337
315,338
317,340
318,339
319,335
320,642
321,347
321,352
321,353
322,344
326,359
327,356
328,357
329,349
330,341
331,345
332,350
333,346
334,348
335,354
336,343
336,358
337,351
337,355
339,360
340,342
341,482
342,362
343,362
344,362
345,368
346,369
347,367
348,370
349,372
351,361
351,365
352,366
353,371
353,373
354,363
356,364
356,375
358,374
361,482
362,377
362,378
362,379
362,380
362,381
363,642
364,701
365,382
366,383
367,376
370,387
371,385
372,384
372,386
372,389
374,388
376,405
377,392
378,391
381,400
382,396
383,397
384,393
385,398
385,401
386,395
386,399
387,404
388,390
388,394
388,403
389,402
390,405
391,642
392,701
393,537
394,702
395,408
395,409
395,410
395,411
395,418
396,406
398,414
398,417
400,407
400,413
400,419
402,415
402,416
403,412
405,420
405,421
405,422
405,423
405,424
405,425
405,435
406,621
407,642
408,701
409,427
410,429
411,431
412,426
412,428
412,430
412,433
413,432
415,434
417,437
419,436
420,441
420,445
423,446
423,448
424,449
426,439
427,438
428,440
429,442
430,443
431,438
432,444
436,447
437,450
438,466
439,459
440,454
441,455
442,451
443,461
444,458
445,452
445,453
445,456
445,457
447,460
448,464
449,462
449,463
451,466
452,466
453,469
454,470
455,468
456,472
457,473
458,465
459,477
459,480
460,467
460,471
460,481
462,474
463,476
463,479
464,475
464,478
465,482
466,484
466,485
466,486
466,487
466,488
466,499
467,702
468,489
469,494
470,496
471,491
472,497
473,498
474,483
474,490
475,492
476,493
480,495
480,500
482,501
482,502
482,503
482,504
482,505
482,506
482,507
483,701
485,513
486,517
487,519
489,512
490,508
491,514
492,510
493,511
494,520
495,509
497,516
498,521
499,515
500,518
501,642
503,533
505,535
506,532
508,522
509,524
510,522
511,526
513,523
514,530
515,525
516,528
516,529
516,534
518,527
519,531
522,537
523,538
524,542
525,540
526,541
527,539
527,544
527,545
528,547
529,536
530,543
530,546
536,621
537,549
537,550
537,551
537,552
537,553
537,554
537,555
537,561
538,558
539,556
540,559
541,560
542,563
542,564
543,557
543,565
546,548
547,562
548,621
549,567
551,570
552,575
554,571
555,573
556,566
557,568
559,572
561,574
564,569
566,581
567,577
568,578
569,576
570,584
571,585
571,588
572,579
572,580
572,582
572,583
574,586
575,587
576,592
577,596
578,593
579,590
579,594
579,598
579,601
579,602
580,591
580,599
581,600
582,595
583,604
584,589
584,603
588,597
589,621
590,607
591,608
592,605
593,609
594,610
595,611
597,617
597,620
598,616
598,619
600,614
600,618
602,606
602,613
603,612
604,615
605,621
606,642
607,622
608,627
609,626
610,628
611,629
612,624
612,625
612,631
616,632
616,633
617,635
619,623
619,630
619,636
620,634
621,637
621,638
621,639
621,640
621,641
621,647
621,648
622,642
623,642
624,701
625,643
626,644
627,646
632,649
634,645
637,702
638,660
638,662
639,665
642,650
642,651
642,652
642,653
642,654
642,655
642,656
642,657
643,661
644,658
645,659
645,664
647,663
650,666
650,671
650,672
650,678
650,681
652,673
653,675
653,679
654,674
654,680
658,667
659,668
660,669
661,676
661,677
662,670
666,684
667,687
668,688
669,682
670,691
671,692
672,693
673,685
673,696
674,686
675,689
676,690
677,698
678,694
679,699
680,697
681,683
681,695
681,700
682,701
683,702
684,703
685,704
686,705
687,706
688,707
689,708
690,709
691,710
692,712
693,713
694,711
695,715
695,719
696,717
696,718
697,714
697,716
697,720
698,721
701,722
701,723
701,724
701,725
701,726
702,727
702,728
702,729
702,730
703,737
704,732
705,731
706,738
707,737
708,734
709,737
710,739
711,735
712,737
713,736
714,733
715,740
721,741
724,749
726,748
728,746
730,750
731,742
732,744
733,743
734,744
735,745
736,744
741,747

<end>
