<number of tasks>
750

<cycle time>
1000

<order strength>
0.228


<task times>
1 527
2 460
3 449
4 424
5 374
6 396
7 492
8 617
9 576
10 502
11 390
12 573
13 305
14 407
15 509
16 559
17 547
18 833
19 346
20 416
21 447
22 527
23 493
24 601
25 524
26 772
27 554
28 448
29 531
30 439
31 484
32 500
33 610
34 542
35 459
36 563
37 614
38 274
39 405
40 607
41 432
42 613
43 348
44 658
45 407
46 408
47 550
48 463
49 518
50 482
51 588
52 423
53 516
54 470
55 665
56 836
57 389
58 534
59 390
60 485
61 397
62 494
63 398
64 663
65 444
66 543
67 540
68 417
69 384
70 411
71 507
72 464
73 484
74 362
75 393
76 922
77 638
78 351
79 478
80 617
81 396
82 426
83 467
84 376
85 237
86 384
87 440
88 411
89 533
90 617
91 465
92 430
93 585
94 361
95 479
96 654
97 492
98 435
99 604
100 442
101 582
102 582
103 591
104 374
105 453
106 319
107 515
108 674
109 580
110 629
111 309
112 330
113 597
114 489
115 465
116 633
117 377
118 494
119 730
120 510
121 484
122 547
123 434
124 509
125 545
126 436
127 432
128 675
129 451
130 459
131 288
132 529
133 647
134 578
135 498
136 451
137 668
138 338
139 469
140 833
141 648
142 511
143 472
144 400
145 245
146 764
147 440
148 444
149 392
150 532
151 383
152 577
153 639
154 428
155 403
156 591
157 353
158 242
159 425
160 249
161 391
162 609
163 442
164 494
165 266
166 287
167 420
168 330
169 458
170 571
171 632
172 525
173 396
174 383
175 399
176 708
177 502
178 446
179 323
180 587
181 132
182 333
183 575
184 574
185 794
186 518
187 242
188 235
189 479
190 317
191 499
192 482
193 532
194 485
195 643
196 311
197 539
198 703
199 445
200 471
201 505
202 552
203 408
204 428
205 299
206 340
207 507
208 588
209 425
210 436
211 400
212 631
213 466
214 574
215 414
216 666
217 497
218 556
219 454
220 673
221 455
222 457
223 451
224 308
225 469
226 515
227 436
228 607
229 558
230 614
231 688
232 473
233 421
234 518
235 613
236 409
237 478
238 533
239 457
240 568
241 459
242 564
243 385
244 232
245 609
246 408
247 508
248 408
249 615
250 648
251 405
252 451
253 465
254 304
255 767
256 737
257 310
258 575
259 566
260 664
261 547
262 526
263 442
264 771
265 686
266 491
267 404
268 611
269 623
270 598
271 527
272 385
273 539
274 652
275 732
276 361
277 413
278 344
279 441
280 579
281 524
282 302
283 530
284 528
285 424
286 477
287 401
288 444
289 380
290 333
291 440
292 350
293 438
294 450
295 541
296 466
297 555
298 396
299 686
300 446
301 511
302 352
303 271
304 533
305 480
306 483
307 534
308 499
309 621
310 509
311 574
312 272
313 544
314 509
315 336
316 552
317 558
318 515
319 304
320 318
321 664
322 787
323 518
324 322
325 389
326 529
327 591
328 565
329 472
330 476
331 433
332 424
333 167
334 589
335 404
336 398
337 522
338 448
339 731
340 600
341 518
342 377
343 655
344 334
345 422
346 397
347 560
348 393
349 579
350 327
351 550
352 517
353 497
354 440
355 332
356 447
357 542
358 589
359 470
360 505
361 413
362 295
363 469
364 346
365 373
366 537
367 520
368 587
369 437
370 608
371 433
372 367
373 484
374 550
375 362
376 382
377 703
378 416
379 587
380 413
381 492
382 253
383 538
384 467
385 235
386 461
387 485
388 571
389 480
390 609
391 562
392 677
393 586
394 705
395 580
396 390
397 440
398 380
399 523
400 476
401 510
402 541
403 449
404 520
405 468
406 586
407 381
408 481
409 435
410 414
411 567
412 441
413 403
414 470
415 685
416 505
417 522
418 373
419 578
420 462
421 546
422 533
423 337
424 386
425 506
426 566
427 342
428 415
429 650
430 580
431 480
432 466
433 581
434 701
435 549
436 513
437 386
438 392
439 702
440 484
441 674
442 553
443 478
444 605
445 493
446 654
447 609
448 615
449 528
450 497
451 447
452 578
453 559
454 398
455 664
456 554
457 532
458 883
459 451
460 515
461 327
462 472
463 533
464 390
465 473
466 518
467 648
468 740
469 151
470 658
471 480
472 624
473 392
474 498
475 218
476 504
477 545
478 645
479 450
480 145
481 323
482 546
483 506
484 628
485 485
486 686
487 610
488 597
489 463
490 553
491 464
492 548
493 499
494 473
495 652
496 581
497 284
498 415
499 358
500 792
501 410
502 549
503 460
504 362
505 568
506 328
507 493
508 471
509 292
510 443
511 510
512 535
513 704
514 684
515 624
516 495
517 419
518 488
519 548
520 415
521 532
522 531
523 447
524 411
525 632
526 551
527 426
528 583
529 564
530 609
531 255
532 390
533 486
534 420
535 495
536 668
537 685
538 581
539 591
540 599
541 758
542 364
543 386
544 733
545 518
546 355
547 472
548 530
549 335
550 374
551 355
552 670
553 536
554 540
555 662
556 468
557 603
558 376
559 613
560 476
561 702
562 497
563 428
564 347
565 284
566 423
567 472
568 457
569 472
570 578
571 497
572 512
573 529
574 584
575 770
576 550
577 477
578 505
579 428
580 199
581 382
582 593
583 422
584 429
585 455
586 626
587 490
588 436
589 412
590 643
591 612
592 405
593 649
594 397
595 590
596 814
597 542
598 602
599 519
600 498
601 504
602 569
603 352
604 436
605 437
606 439
607 314
608 629
609 455
610 625
611 481
612 756
613 492
614 398
615 564
616 614
617 650
618 445
619 456
620 411
621 492
622 412
623 390
624 683
625 350
626 359
627 510
628 530
629 518
630 323
631 417
632 635
633 661
634 464
635 559
636 236
637 294
638 477
639 464
640 575
641 750
642 445
643 741
644 510
645 290
646 573
647 540
648 470
649 508
650 427
651 706
652 504
653 660
654 566
655 591
656 501
657 643
658 612
659 553
660 697
661 646
662 292
663 435
664 185
665 446
666 321
667 713
668 612
669 603
670 498
671 145
672 471
673 318
674 632
675 421
676 642
677 437
678 504
679 425
680 510
681 702
682 429
683 712
684 455
685 506
686 535
687 517
688 583
689 753
690 745
691 370
692 652
693 548
694 641
695 747
696 495
697 530
698 622
699 368
700 414
701 570
702 632
703 510
704 402
705 462
706 415
707 481
708 401
709 542
710 436
711 317
712 452
713 593
714 616
715 493
716 615
717 473
718 479
719 430
720 644
721 340
722 447
723 512
724 94
725 561
726 448
727 561
728 506
729 259
730 622
731 570
732 664
733 456
734 423
735 494
736 300
737 247
738 857
739 448
740 606
741 181
742 524
743 580
744 532
745 375
746 418
747 415
748 661
749 596
750 545

<precedence relations>
1,567
2,76
3,76
4,58
5,111
6,111
7,234
8,234
9,235
10,235
11,23
12,18
12,28
12,31
12,33
12,34
13,16
13,20
13,21
13,24
13,25
13,26
13,30
14,19
14,29
14,32
15,17
15,22
15,27
16,413
17,76
18,58
19,58
20,702
21,511
22,293
23,35
24,40
24,41
24,46
24,47
24,48
24,51
26,36
27,50
28,38
28,45
29,37
29,53
31,42
31,44
31,49
32,52
33,43
34,39
35,567
36,289
37,123
38,413
39,510
40,76
41,58
42,58
43,111
44,111
45,629
46,64
47,65
48,66
49,55
49,57
49,62
49,63
49,67
49,68
50,60
50,72
51,59
51,61
51,69
52,56
53,54
53,70
53,71
53,73
54,123
55,76
56,76
57,76
58,77
58,78
58,79
58,80
58,81
59,111
60,335
61,335
62,317
63,84
64,74
65,74
66,85
67,83
68,86
68,89
69,87
70,82
71,88
73,75
74,678
75,123
76,91
76,92
76,93
76,94
77,111
78,317
80,95
80,97
80,98
81,90
81,96
81,102
81,106
82,111
83,99
84,101
85,100
87,105
88,103
88,104
88,107
90,123
91,119
92,110
92,115
92,117
95,111
96,111
97,111
98,111
99,113
100,114
102,116
102,120
103,112
104,109
105,118
107,108
107,121
108,678
109,550
110,123
111,124
111,125
111,126
111,127
111,128
111,129
112,511
113,138
114,133
114,134
115,130
115,132
116,135
117,131
117,136
119,137
120,122
122,289
123,139
123,140
123,141
123,142
124,335
127,151
128,150
129,148
129,152
130,144
131,143
131,145
131,149
134,146
134,147
139,702
140,234
141,157
142,167
143,335
144,153
145,161
146,155
146,160
146,164
146,165
146,166
147,156
147,162
149,159
149,163
150,154
151,158
153,289
154,550
155,413
156,473
157,234
158,511
159,235
160,176
161,175
162,177
163,170
163,171
163,178
163,183
165,173
165,180
165,184
166,169
166,174
166,181
166,185
167,168
167,172
167,179
167,182
167,186
168,510
169,473
170,335
171,335
172,234
173,629
174,235
175,189
176,188
177,190
178,191
179,192
179,195
179,199
179,203
180,197
180,201
181,198
182,196
184,194
184,202
185,200
186,187
186,193
187,335
188,210
189,211
190,212
191,213
192,214
193,209
194,216
195,219
198,207
198,208
200,205
200,217
201,204
203,206
203,215
203,218
204,567
205,510
206,234
207,317
208,293
209,225
210,228
211,220
212,220
213,220
214,229
215,226
215,231
216,233
217,224
217,232
218,227
219,221
219,222
219,223
219,230
220,473
221,335
222,234
223,235
224,293
225,237
226,238
227,236
227,244
228,239
231,240
231,242
231,243
232,241
234,248
234,249
234,250
234,251
234,252
234,253
234,254
234,255
234,269
235,256
235,257
235,258
235,259
235,260
235,261
235,262
235,263
235,272
236,264
237,267
238,265
239,266
239,273
240,245
240,270
241,246
241,268
243,247
244,271
245,413
246,702
247,702
248,278
248,281
248,282
251,275
252,276
253,279
254,287
257,274
258,285
258,286
259,277
261,288
264,284
265,280
266,283
274,678
275,678
276,289
277,510
278,293
279,293
280,294
281,295
282,296
283,299
284,290
285,292
285,297
285,300
285,301
285,302
285,303
285,304
286,291
287,298
289,305
289,306
289,307
289,308
289,309
289,310
289,311
289,312
289,313
289,314
289,315
290,510
291,511
292,317
293,318
293,319
293,320
293,321
293,322
293,323
293,324
293,325
293,326
293,329
294,330
295,331
296,316
297,328
298,327
299,332
304,333
312,334
316,335
317,336
317,337
317,338
317,339
317,340
318,346
323,345
323,347
324,344
327,342
328,343
329,341
334,473
335,349
335,350
335,351
335,352
335,366
336,357
336,360
338,353
338,362
339,363
340,348
340,365
341,354
342,359
343,361
344,355
345,356
345,364
346,358
348,510
349,372
350,376
350,377
350,378
350,383
351,374
352,382
353,511
354,373
355,367
356,368
357,369
358,371
360,370
361,381
363,375
364,379
364,380
367,384
368,386
369,387
370,388
371,389
372,390
373,391
375,395
378,392
378,394
379,385
382,393
384,473
385,702
386,402
387,403
388,401
389,407
390,408
391,404
392,396
392,400
392,406
393,399
394,398
394,405
394,410
394,411
395,397
395,409
395,412
396,567
397,413
398,473
399,473
400,702
401,415
402,416
403,414
404,421
405,417
405,419
406,418
407,423
407,426
410,420
410,422
410,425
411,424
411,427
413,429
413,430
413,431
413,432
413,433
413,440
414,511
415,439
416,434
417,436
418,438
419,435
420,437
420,444
421,428
423,441
423,443
425,442
428,550
429,629
430,448
432,457
432,459
433,458
434,450
435,447
436,445
437,449
438,452
439,453
439,460
441,446
441,451
441,455
441,456
444,454
445,567
446,473
447,467
448,463
449,461
450,465
451,464
452,462
452,470
453,466
457,469
458,471
459,472
460,468
461,473
462,702
463,477
464,474
465,475
466,476
467,478
469,481
469,482
469,483
470,484
472,479
472,480
472,485
473,487
473,488
473,489
473,490
473,491
473,492
473,493
473,494
473,495
473,496
473,497
473,498
473,499
473,506
473,508
474,501
475,504
476,502
477,500
477,503
477,509
478,505
481,507
483,486
486,510
490,523
491,522
491,525
492,518
495,521
498,520
499,629
500,511
501,513
502,514
503,515
504,517
505,516
506,512
506,519
506,524
510,527
510,528
510,529
510,530
510,543
511,531
511,532
511,533
511,534
511,535
511,536
511,545
512,537
513,540
514,526
515,526
516,539
517,538
518,542
519,541
519,547
522,546
525,544
526,550
527,552
527,553
527,554
527,561
527,565
531,564
533,563
534,557
534,559
534,562
536,549
536,560
537,555
538,551
539,548
543,558
546,556
546,566
548,678
549,567
550,568
550,569
550,570
550,571
550,572
550,573
550,574
550,575
550,576
550,577
550,578
550,579
550,580
550,581
550,582
550,583
550,584
550,585
550,586
551,587
552,588
553,589
554,590
562,592
565,591
567,593
567,594
567,595
567,596
567,597
567,598
574,603
575,605
576,604
581,602
587,600
588,600
589,601
590,599
593,606
593,607
593,610
594,608
597,609
598,612
598,613
599,611
601,614
606,616
607,619
608,617
608,621
608,622
609,618
609,623
609,626
609,628
610,620
612,625
612,627
614,615
614,624
615,629
616,630
617,631
618,632
619,638
620,633
621,634
622,636
623,635
623,637
624,639
626,640
626,641
627,642
629,643
629,644
629,645
629,646
629,647
629,648
629,664
630,649
631,650
632,651
633,655
634,656
635,652
636,653
637,654
638,661
638,663
640,660
641,659
641,662
642,657
642,658
643,667
644,671
645,676
648,675
649,666
650,668
651,665
652,669
653,665
654,673
655,670
657,672
659,674
661,677
665,678
666,680
667,681
668,687
669,684
670,682
671,683
672,685
672,692
673,688
673,689
675,679
675,686
675,690
676,691
677,693
678,694
678,695
678,696
678,697
678,698
678,699
678,700
678,701
678,714
679,702
680,703
681,706
682,705
683,707
684,709
685,708
686,704
689,711
690,712
691,713
693,710
694,728
699,733
700,734
702,715
702,716
702,717
702,718
702,719
702,720
702,721
702,722
702,723
702,732
703,726
704,724
705,727
706,725
707,731
708,729
709,730
714,735
715,742
716,748
717,746
718,749
719,743
720,747
721,744
721,750
724,736
725,740
726,737
727,738
728,739
729,740
730,740
731,745
734,741

<end>
