<number of tasks>
750

<cycle time>
1000

<order strength>
0.597


<task times>
1 95
2 72
3 50
4 104
5 106
6 130
7 99
8 60
9 99
10 36
11 112
12 61
13 258
14 183
15 137
16 132
17 71
18 185
19 142
20 178
21 54
22 78
23 217
24 73
25 64
26 68
27 216
28 72
29 134
30 132
31 198
32 31
33 103
34 45
35 73
36 126
37 222
38 170
39 205
40 160
41 49
42 101
43 123
44 159
45 42
46 102
47 83
48 54
49 370
50 26
51 83
52 101
53 51
54 105
55 78
56 124
57 216
58 97
59 71
60 70
61 71
62 329
63 138
64 379
65 204
66 53
67 107
68 175
69 87
70 140
71 136
72 337
73 34
74 224
75 215
76 134
77 162
78 26
79 200
80 43
81 124
82 36
83 130
84 151
85 31
86 115
87 149
88 32
89 27
90 25
91 194
92 229
93 100
94 255
95 267
96 199
97 204
98 62
99 275
100 59
101 196
102 30
103 149
104 34
105 182
106 24
107 57
108 198
109 44
110 246
111 20
112 150
113 238
114 50
115 107
116 140
117 146
118 120
119 62
120 71
121 22
122 96
123 188
124 61
125 121
126 33
127 102
128 181
129 152
130 176
131 229
132 55
133 116
134 43
135 215
136 59
137 84
138 76
139 164
140 162
141 42
142 135
143 126
144 51
145 88
146 58
147 232
148 39
149 33
150 305
151 294
152 64
153 126
154 43
155 245
156 174
157 348
158 52
159 89
160 93
161 226
162 56
163 265
164 60
165 193
166 166
167 175
168 196
169 166
170 330
171 91
172 41
173 162
174 186
175 109
176 205
177 235
178 184
179 284
180 348
181 51
182 117
183 137
184 179
185 123
186 169
187 105
188 41
189 56
190 261
191 239
192 88
193 178
194 63
195 102
196 138
197 77
198 106
199 218
200 198
201 206
202 214
203 226
204 127
205 192
206 95
207 133
208 115
209 229
210 63
211 39
212 168
213 175
214 168
215 28
216 103
217 139
218 199
219 41
220 117
221 132
222 223
223 80
224 166
225 167
226 132
227 38
228 51
229 142
230 136
231 123
232 68
233 147
234 57
235 41
236 245
237 63
238 25
239 62
240 43
241 136
242 236
243 142
244 176
245 253
246 138
247 33
248 107
249 111
250 139
251 228
252 117
253 121
254 213
255 50
256 223
257 28
258 133
259 89
260 171
261 227
262 229
263 182
264 166
265 105
266 190
267 240
268 152
269 102
270 83
271 199
272 350
273 64
274 83
275 194
276 121
277 58
278 127
279 129
280 242
281 38
282 32
283 116
284 98
285 135
286 71
287 89
288 90
289 182
290 23
291 150
292 29
293 171
294 132
295 163
296 26
297 227
298 69
299 206
300 145
301 37
302 214
303 302
304 123
305 81
306 135
307 96
308 216
309 25
310 83
311 216
312 127
313 116
314 64
315 233
316 44
317 116
318 47
319 109
320 224
321 158
322 144
323 85
324 259
325 124
326 157
327 153
328 175
329 69
330 355
331 87
332 174
333 230
334 204
335 37
336 107
337 143
338 167
339 30
340 114
341 44
342 155
343 266
344 145
345 190
346 160
347 126
348 77
349 66
350 69
351 130
352 179
353 106
354 84
355 55
356 195
357 188
358 115
359 156
360 22
361 176
362 152
363 140
364 134
365 231
366 159
367 69
368 207
369 33
370 207
371 201
372 63
373 103
374 90
375 62
376 164
377 31
378 161
379 26
380 92
381 189
382 55
383 280
384 116
385 98
386 121
387 149
388 117
389 129
390 103
391 110
392 27
393 216
394 38
395 88
396 224
397 130
398 49
399 137
400 118
401 46
402 186
403 330
404 214
405 74
406 52
407 175
408 107
409 123
410 145
411 74
412 202
413 172
414 183
415 169
416 175
417 102
418 30
419 113
420 24
421 162
422 57
423 34
424 136
425 30
426 80
427 105
428 192
429 140
430 92
431 60
432 66
433 107
434 45
435 163
436 71
437 59
438 262
439 261
440 86
441 71
442 134
443 73
444 199
445 72
446 122
447 168
448 203
449 250
450 76
451 204
452 130
453 155
454 209
455 153
456 117
457 24
458 65
459 146
460 86
461 173
462 126
463 98
464 122
465 101
466 94
467 62
468 33
469 164
470 134
471 157
472 129
473 102
474 95
475 30
476 94
477 102
478 65
479 38
480 80
481 116
482 275
483 159
484 193
485 79
486 57
487 194
488 108
489 309
490 170
491 211
492 64
493 177
494 83
495 115
496 64
497 86
498 239
499 38
500 72
501 100
502 158
503 37
504 70
505 179
506 179
507 193
508 114
509 217
510 261
511 142
512 53
513 48
514 79
515 84
516 163
517 85
518 48
519 203
520 95
521 37
522 59
523 239
524 236
525 180
526 92
527 176
528 147
529 129
530 217
531 152
532 161
533 141
534 126
535 287
536 168
537 84
538 170
539 97
540 192
541 189
542 54
543 272
544 151
545 80
546 51
547 97
548 355
549 137
550 163
551 244
552 249
553 246
554 270
555 233
556 80
557 74
558 118
559 187
560 43
561 323
562 112
563 161
564 174
565 122
566 42
567 199
568 211
569 106
570 31
571 26
572 193
573 94
574 115
575 165
576 70
577 83
578 47
579 137
580 27
581 271
582 75
583 163
584 91
585 44
586 308
587 37
588 161
589 29
590 48
591 292
592 29
593 237
594 23
595 70
596 240
597 125
598 222
599 239
600 183
601 182
602 139
603 94
604 26
605 262
606 32
607 219
608 33
609 176
610 45
611 320
612 111
613 27
614 96
615 59
616 51
617 88
618 280
619 133
620 82
621 131
622 112
623 177
624 93
625 73
626 211
627 40
628 145
629 154
630 147
631 186
632 105
633 157
634 117
635 119
636 214
637 27
638 142
639 169
640 125
641 60
642 300
643 253
644 101
645 108
646 22
647 92
648 78
649 74
650 89
651 80
652 156
653 83
654 197
655 51
656 85
657 42
658 139
659 67
660 56
661 95
662 176
663 218
664 295
665 97
666 174
667 52
668 173
669 111
670 136
671 170
672 20
673 89
674 89
675 201
676 194
677 274
678 248
679 260
680 224
681 82
682 76
683 63
684 163
685 79
686 93
687 113
688 28
689 193
690 190
691 128
692 45
693 71
694 61
695 94
696 63
697 67
698 37
699 70
700 174
701 50
702 134
703 203
704 51
705 142
706 259
707 178
708 47
709 98
710 110
711 61
712 232
713 24
714 232
715 46
716 77
717 163
718 182
719 260
720 123
721 104
722 147
723 83
724 183
725 261
726 159
727 208
728 163
729 169
730 194
731 289
732 78
733 102
734 180
735 50
736 95
737 295
738 313
739 79
740 79
741 164
742 248
743 105
744 208
745 80
746 112
747 84
748 32
749 73
750 129

<precedence relations>
1,22
2,388
2,438
3,145
4,24
4,27
5,119
6,14
6,739
7,18
7,20
7,23
7,25
7,113
8,14
8,253
9,641
10,15
11,14
11,16
11,17
11,19
12,57
12,100
13,21
15,29
15,206
15,331
16,31
17,166
17,305
18,26
18,28
19,113
19,157
19,170
20,33
21,66
21,115
22,26
22,27
22,28
23,30
24,32
24,147
25,26
26,44
26,45
26,76
27,34
27,35
27,36
28,39
28,41
28,43
28,121
29,251
29,286
30,91
31,34
31,37
31,42
32,40
33,36
33,38
34,48
34,50
36,53
37,46
38,55
39,47
40,51
40,52
41,630
42,56
42,88
42,140
43,46
43,49
44,285
45,54
46,57
46,58
46,60
46,68
47,58
47,67
48,65
48,94
49,57
50,59
50,147
50,159
51,57
51,182
52,57
52,64
53,61
53,62
54,63
54,66
55,62
55,83
55,121
56,189
56,238
57,88
58,239
58,402
59,72
60,69
61,69
61,70
61,115
61,121
62,71
63,69
63,74
64,76
65,69
65,70
66,75
67,69
67,73
67,77
68,69
68,70
68,71
69,78
69,79
69,81
69,83
70,78
70,79
70,87
71,477
71,675
71,707
72,82
73,86
73,205
73,226
73,233
73,379
74,145
74,184
74,200
75,84
75,174
76,80
76,85
77,78
78,88
79,88
80,88
80,91
80,92
81,89
82,88
82,97
83,90
83,95
84,88
84,89
84,90
85,94
85,98
85,99
86,163
86,339
86,441
87,93
87,96
88,157
89,103
89,106
89,158
90,269
91,183
92,100
92,107
93,100
93,101
93,102
93,125
94,100
95,100
95,101
95,105
96,100
96,101
97,104
97,170
98,232
99,279
100,108
100,114
101,111
102,112
102,182
103,108
104,110
104,113
105,108
105,109
105,182
106,171
107,109
107,115
107,127
107,139
108,116
108,122
108,123
109,125
109,404
110,409
111,119
111,152
112,116
112,117
112,126
113,116
113,117
113,118
113,121
114,116
114,117
114,118
114,120
114,124
115,282
115,476
116,381
118,127
118,129
118,131
118,132
118,133
118,134
119,127
120,127
121,540
122,336
122,431
122,435
122,477
122,481
123,624
124,143
125,411
126,127
126,128
126,130
126,154
127,135
127,136
127,137
127,138
127,141
127,144
128,139
128,147
129,145
130,200
131,137
131,138
131,146
132,140
132,143
133,148
134,142
134,281
135,229
136,149
136,241
136,334
137,458
138,156
138,214
139,157
139,159
140,156
141,156
142,149
142,156
142,316
143,152
143,153
143,154
144,151
144,155
145,150
145,154
145,238
147,247
148,158
148,289
149,168
149,218
151,164
151,167
151,169
151,206
152,163
152,166
152,487
152,501
153,160
153,161
154,160
155,168
155,235
156,222
156,246
157,165
158,162
159,170
159,186
159,316
160,178
161,171
161,172
161,175
162,173
162,179
163,171
164,174
165,171
165,172
165,178
166,171
166,182
166,225
167,172
167,176
167,181
169,177
169,180
169,302
170,703
171,249
172,188
173,190
174,276
174,293
175,577
176,268
176,310
176,400
177,185
177,186
177,220
178,187
178,189
178,191
179,183
179,184
179,185
180,183
180,184
181,190
182,184
182,310
183,196
183,201
183,316
184,481
185,197
186,192
186,200
186,203
186,204
186,395
187,198
187,202
187,255
188,192
188,193
188,194
188,195
188,213
189,192
189,249
189,391
190,196
191,199
192,234
192,358
192,364
192,517
193,212
194,217
195,208
195,389
195,481
196,214
197,205
197,211
197,215
197,293
198,206
199,205
199,207
199,210
200,209
201,205
201,329
202,438
202,470
202,506
203,205
203,465
203,663
204,213
204,216
205,543
205,585
205,732
206,219
206,426
207,218
207,228
208,226
208,283
209,218
210,385
211,221
211,226
211,227
212,222
212,223
213,224
213,230
213,454
213,460
214,229
214,295
214,320
215,373
216,225
216,305
217,218
217,219
217,220
218,240
219,242
219,372
220,236
220,238
220,243
221,231
221,239
222,231
222,235
223,231
223,233
223,237
223,241
224,239
224,414
225,340
226,234
226,414
227,252
228,232
228,249
228,311
229,231
229,322
230,472
231,249
231,254
231,326
231,327
232,244
232,245
232,246
232,247
232,316
233,244
233,248
233,381
234,444
235,245
235,252
235,311
235,487
236,246
236,352
236,384
237,244
237,362
238,524
239,250
240,244
240,245
240,251
240,253
240,256
241,255
242,244
242,253
242,273
242,301
243,336
244,259
244,609
245,493
245,501
245,626
245,635
246,362
246,443
247,305
247,333
247,395
247,404
248,257
248,266
250,426
251,267
251,268
251,464
252,257
252,258
253,258
253,263
254,257
254,260
254,261
254,310
255,257
255,258
255,265
255,326
256,257
256,262
256,264
256,269
256,270
256,271
256,338
257,362
257,617
258,274
258,404
258,448
259,283
259,514
259,696
260,272
260,305
260,334
261,272
261,282
262,279
263,276
263,295
264,284
264,501
265,272
265,281
266,278
266,421
266,493
266,525
267,277
267,280
267,411
267,446
268,360
268,389
269,301
269,318
270,273
270,275
271,285
271,286
272,291
272,299
272,309
273,287
273,296
273,298
273,477
274,416
275,308
276,679
277,289
277,415
278,297
278,488
278,596
279,287
279,292
281,295
281,342
282,290
282,387
282,426
283,732
284,288
285,294
286,292
286,293
287,300
287,371
287,416
288,300
288,457
289,310
290,575
291,303
291,308
292,300
292,301
292,306
292,377
292,432
292,473
293,309
294,305
295,304
295,449
296,328
296,382
296,506
297,302
297,368
298,307
299,300
299,425
300,481
302,316
303,311
303,319
304,313
304,318
304,321
305,317
305,346
306,320
306,550
307,314
307,315
307,322
307,323
307,481
308,336
309,312
309,317
310,311
310,314
310,510
311,324
311,423
312,323
314,328
315,593
316,323
316,326
316,327
316,561
317,325
317,330
318,323
318,360
319,329
319,331
320,559
321,461
322,375
323,333
323,500
323,520
324,335
324,574
324,579
324,620
325,339
326,735
327,334
328,423
329,332
330,332
330,340
330,355
330,407
331,332
331,333
331,336
331,337
331,338
331,451
332,343
332,349
333,376
334,584
335,346
336,341
336,418
336,429
336,440
337,342
337,345
337,348
337,452
338,347
338,430
339,344
339,350
340,354
341,351
341,356
341,547
342,351
342,355
342,481
343,351
344,352
344,357
344,359
344,390
344,475
345,539
345,552
346,354
346,596
347,615
347,661
348,353
348,453
349,358
349,361
349,484
349,645
350,351
350,355
350,360
350,385
351,376
351,398
352,362
352,512
352,659
353,366
353,367
354,561
354,617
355,365
355,369
355,372
355,373
355,375
356,362
356,363
356,368
356,372
357,693
358,363
359,364
359,370
359,371
359,485
360,374
360,377
361,545
362,383
363,691
365,480
366,379
366,385
366,508
367,378
367,379
367,382
368,610
369,383
369,384
370,386
372,463
373,387
373,524
374,378
375,380
375,381
375,431
376,391
377,437
377,644
378,397
379,395
379,551
379,675
380,432
380,445
380,456
381,390
381,393
382,388
382,389
382,390
382,391
383,391
385,388
385,394
386,388
386,392
386,396
386,506
387,548
389,404
389,456
389,576
390,405
390,410
390,447
390,570
390,654
391,401
391,408
393,398
393,411
393,445
394,398
394,399
394,400
394,507
395,407
395,656
396,406
397,399
397,402
397,403
397,409
398,415
398,417
398,420
398,449
398,532
399,424
399,454
400,423
400,460
400,501
401,412
401,571
402,421
402,423
402,427
403,419
404,681
405,413
406,412
406,426
407,414
407,422
408,416
408,542
409,428
409,435
410,639
411,418
411,425
411,478
412,434
413,746
414,441
415,443
415,527
416,442
416,594
417,436
417,460
417,670
419,540
419,626
420,542
421,439
421,468
422,712
423,429
423,433
423,435
425,432
425,499
426,438
426,440
427,429
427,430
427,431
427,437
428,429
429,444
430,446
430,454
430,643
431,483
431,589
432,453
432,521
433,450
433,462
433,518
434,456
434,519
435,461
435,498
435,527
435,541
435,583
436,738
437,447
437,448
438,451
438,452
439,443
439,445
440,495
440,651
441,449
442,476
443,461
443,505
443,605
444,457
444,458
444,462
445,461
445,603
446,455
447,462
447,465
448,460
448,463
448,494
448,596
449,464
449,519
449,564
450,724
451,456
451,457
452,455
452,456
453,474
454,459
454,468
455,472
455,477
456,466
456,469
456,474
456,573
457,471
457,478
457,479
457,531
458,475
458,580
459,473
459,476
459,516
460,470
460,471
461,467
462,675
464,468
464,470
464,516
464,678
465,667
466,496
466,603
467,492
467,550
468,487
468,655
469,681
470,485
471,482
471,484
472,481
473,722
474,480
475,483
475,563
475,736
476,540
478,486
479,483
480,495
480,627
481,488
481,496
481,612
482,491
482,492
483,511
483,536
483,737
484,488
484,489
484,493
484,623
485,490
486,497
487,494
488,554
489,735
490,717
491,571
492,579
492,715
493,502
493,634
494,500
494,575
495,501
495,504
496,498
496,526
497,499
497,503
497,505
498,515
498,517
499,511
499,513
499,514
500,506
501,509
501,510
501,563
501,724
502,516
503,656
503,735
504,507
504,508
505,512
505,518
505,519
506,521
507,528
507,543
508,527
509,625
509,731
509,736
510,742
511,522
512,526
512,588
513,523
513,525
514,520
514,521
514,529
514,543
515,528
515,607
515,682
516,520
517,584
518,524
520,530
520,539
520,540
521,538
521,584
521,659
522,533
522,673
522,747
523,534
523,628
524,541
525,532
526,535
526,688
527,531
527,537
527,548
528,577
529,536
529,608
530,550
530,687
531,542
531,551
531,565
532,543
532,551
532,599
532,654
534,547
535,548
537,569
537,707
538,546
538,669
539,544
540,545
540,549
541,546
541,552
541,598
543,553
543,720
544,562
544,722
546,555
546,640
547,561
548,557
549,554
550,560
550,666
551,556
552,558
552,559
552,561
554,563
555,571
556,567
556,574
556,743
557,569
557,597
557,615
558,568
558,572
559,565
559,662
560,566
560,606
560,690
561,564
561,570
561,573
562,606
563,581
563,582
563,583
564,580
564,666
566,576
567,579
567,584
567,748
568,575
568,578
568,654
569,585
570,586
570,587
571,577
573,588
575,594
575,725
576,592
576,601
576,743
577,591
577,679
578,596
579,593
580,589
580,597
581,600
581,607
581,652
581,737
583,598
583,735
584,590
585,672
585,684
586,649
587,599
588,595
589,603
590,672
591,613
591,641
591,665
591,693
592,604
593,700
594,608
594,750
595,607
596,606
596,609
597,610
597,646
598,733
598,738
599,602
599,609
600,605
600,738
602,749
603,743
604,679
606,617
607,613
607,618
607,619
607,665
608,620
609,611
609,612
609,615
609,622
610,614
610,616
610,621
611,629
611,630
612,627
612,634
613,625
613,631
613,684
615,689
616,623
616,626
617,729
619,625
620,628
620,647
621,624
621,632
621,633
623,650
624,654
625,657
626,636
626,642
626,678
626,706
627,640
629,735
630,635
630,641
632,720
634,637
634,638
634,639
635,643
635,651
636,644
636,702
636,713
637,649
638,646
638,650
639,647
639,648
640,645
641,652
643,659
643,732
644,654
644,674
644,720
645,660
645,661
646,664
646,680
647,653
647,658
648,655
648,663
649,656
649,662
650,657
650,661
650,690
652,723
653,671
654,670
654,673
655,666
655,667
655,674
656,676
659,712
660,665
661,668
662,669
662,672
662,719
663,664
663,675
664,678
664,717
665,704
666,682
667,681
671,688
672,683
672,685
672,686
673,679
673,680
673,692
674,677
674,681
674,687
674,692
676,684
677,690
677,693
678,696
681,694
682,695
682,715
683,689
683,721
688,691
688,692
688,697
688,721
689,699
689,703
690,707
691,702
691,706
693,698
695,700
695,705
696,701
696,704
696,746
698,712
698,722
699,711
699,716
701,718
702,719
703,715
704,713
705,717
706,709
707,708
707,710
707,714
710,724
710,728
710,730
712,719
712,726
713,721
713,731
715,720
715,722
715,725
715,727
716,723
719,735
721,730
722,733
722,747
724,732
725,737
725,746
726,731
726,736
727,734
728,729
728,731
729,738
729,742
729,746
731,741
731,743
731,747
732,739
733,744
733,749
733,750
735,740
735,748
737,745

<end>
