<number of tasks>
750

<cycle time>
1000

<order strength>
0.199


<task times>
1 325
2 362
3 98
4 285
5 250
6 41
7 477
8 323
9 71
10 117
11 66
12 228
13 292
14 51
15 94
16 346
17 56
18 252
19 34
20 158
21 121
22 453
23 93
24 517
25 212
26 322
27 88
28 111
29 289
30 486
31 111
32 243
33 66
34 132
35 154
36 322
37 534
38 190
39 176
40 197
41 59
42 117
43 525
44 556
45 226
46 484
47 190
48 120
49 25
50 184
51 40
52 283
53 37
54 248
55 76
56 488
57 293
58 164
59 65
60 205
61 208
62 214
63 243
64 87
65 74
66 33
67 125
68 29
69 236
70 291
71 441
72 477
73 459
74 76
75 167
76 248
77 31
78 367
79 300
80 70
81 480
82 127
83 266
84 246
85 220
86 316
87 209
88 462
89 191
90 417
91 95
92 186
93 67
94 59
95 433
96 200
97 37
98 272
99 102
100 141
101 240
102 52
103 450
104 310
105 39
106 131
107 544
108 111
109 286
110 154
111 130
112 225
113 226
114 447
115 96
116 131
117 487
118 449
119 203
120 77
121 534
122 150
123 112
124 29
125 219
126 108
127 81
128 141
129 33
130 28
131 283
132 355
133 92
134 366
135 112
136 130
137 370
138 114
139 109
140 198
141 203
142 123
143 476
144 536
145 444
146 28
147 472
148 242
149 43
150 373
151 84
152 69
153 135
154 78
155 289
156 406
157 253
158 34
159 86
160 334
161 474
162 583
163 286
164 192
165 627
166 157
167 304
168 74
169 188
170 34
171 507
172 245
173 122
174 71
175 36
176 168
177 200
178 312
179 37
180 183
181 134
182 474
183 58
184 285
185 343
186 96
187 97
188 143
189 50
190 113
191 399
192 256
193 264
194 338
195 299
196 28
197 42
198 217
199 108
200 62
201 122
202 287
203 287
204 270
205 175
206 44
207 44
208 174
209 556
210 24
211 104
212 115
213 124
214 177
215 178
216 242
217 77
218 76
219 117
220 125
221 194
222 246
223 59
224 111
225 534
226 87
227 266
228 121
229 384
230 249
231 269
232 345
233 284
234 83
235 43
236 266
237 498
238 549
239 168
240 37
241 410
242 271
243 274
244 539
245 189
246 310
247 136
248 85
249 84
250 368
251 53
252 171
253 86
254 253
255 240
256 35
257 435
258 225
259 134
260 267
261 218
262 331
263 75
264 497
265 27
266 455
267 58
268 38
269 164
270 462
271 109
272 195
273 161
274 135
275 114
276 127
277 322
278 34
279 255
280 147
281 78
282 64
283 294
284 560
285 237
286 149
287 173
288 253
289 269
290 231
291 217
292 118
293 40
294 559
295 131
296 250
297 49
298 30
299 149
300 277
301 188
302 40
303 264
304 220
305 474
306 138
307 294
308 112
309 142
310 335
311 73
312 126
313 183
314 509
315 243
316 293
317 328
318 220
319 254
320 77
321 348
322 54
323 114
324 121
325 26
326 470
327 326
328 561
329 185
330 138
331 240
332 568
333 134
334 379
335 446
336 26
337 101
338 223
339 452
340 244
341 49
342 135
343 216
344 57
345 181
346 169
347 58
348 93
349 160
350 84
351 261
352 562
353 147
354 454
355 59
356 171
357 112
358 148
359 308
360 108
361 153
362 55
363 82
364 106
365 186
366 307
367 143
368 121
369 197
370 142
371 111
372 238
373 39
374 183
375 611
376 169
377 438
378 312
379 30
380 41
381 342
382 577
383 59
384 313
385 41
386 133
387 84
388 286
389 66
390 269
391 32
392 111
393 114
394 593
395 330
396 177
397 159
398 53
399 379
400 103
401 55
402 448
403 443
404 195
405 257
406 509
407 109
408 431
409 167
410 329
411 298
412 163
413 66
414 445
415 106
416 311
417 488
418 323
419 97
420 49
421 273
422 448
423 272
424 248
425 146
426 435
427 460
428 365
429 182
430 43
431 172
432 488
433 51
434 90
435 235
436 48
437 110
438 109
439 543
440 126
441 66
442 67
443 51
444 127
445 120
446 24
447 452
448 540
449 201
450 107
451 131
452 77
453 257
454 67
455 457
456 253
457 447
458 122
459 41
460 241
461 47
462 135
463 162
464 175
465 135
466 187
467 480
468 350
469 309
470 207
471 66
472 163
473 257
474 344
475 162
476 100
477 56
478 501
479 31
480 344
481 54
482 43
483 499
484 430
485 29
486 508
487 304
488 156
489 144
490 175
491 206
492 53
493 540
494 214
495 224
496 133
497 488
498 135
499 460
500 82
501 486
502 160
503 125
504 267
505 197
506 265
507 95
508 55
509 30
510 87
511 287
512 198
513 59
514 493
515 222
516 231
517 243
518 151
519 311
520 563
521 90
522 77
523 81
524 228
525 52
526 52
527 120
528 347
529 230
530 207
531 548
532 71
533 161
534 381
535 68
536 413
537 90
538 57
539 234
540 70
541 78
542 181
543 175
544 508
545 375
546 201
547 222
548 109
549 518
550 241
551 345
552 440
553 351
554 392
555 188
556 137
557 360
558 470
559 229
560 143
561 297
562 268
563 81
564 159
565 35
566 101
567 533
568 68
569 455
570 221
571 178
572 127
573 245
574 181
575 146
576 115
577 42
578 46
579 157
580 569
581 73
582 67
583 32
584 522
585 458
586 59
587 209
588 110
589 82
590 505
591 222
592 492
593 83
594 499
595 543
596 364
597 274
598 302
599 516
600 231
601 444
602 217
603 526
604 278
605 174
606 580
607 209
608 436
609 95
610 501
611 485
612 514
613 119
614 475
615 529
616 483
617 233
618 124
619 553
620 108
621 512
622 289
623 413
624 24
625 275
626 93
627 517
628 174
629 333
630 95
631 135
632 122
633 47
634 147
635 245
636 187
637 131
638 133
639 69
640 46
641 486
642 54
643 297
644 316
645 77
646 90
647 29
648 312
649 276
650 136
651 286
652 479
653 194
654 147
655 470
656 43
657 556
658 322
659 29
660 78
661 154
662 54
663 312
664 62
665 204
666 302
667 171
668 42
669 106
670 149
671 93
672 289
673 53
674 201
675 522
676 244
677 547
678 500
679 257
680 227
681 280
682 81
683 251
684 112
685 298
686 293
687 70
688 118
689 190
690 227
691 93
692 137
693 99
694 147
695 404
696 167
697 552
698 133
699 529
700 419
701 486
702 195
703 64
704 319
705 49
706 405
707 73
708 142
709 156
710 39
711 475
712 593
713 226
714 65
715 51
716 30
717 48
718 447
719 182
720 478
721 263
722 203
723 167
724 212
725 327
726 481
727 529
728 27
729 108
730 30
731 431
732 54
733 211
734 107
735 99
736 96
737 83
738 173
739 190
740 187
741 151
742 111
743 329
744 201
745 192
746 221
747 107
748 169
749 35
750 507

<precedence relations>
1,10
2,12
3,8
3,9
3,11
3,14
3,15
3,16
3,18
3,22
4,13
4,24
4,463
5,19
5,23
6,20
6,21
6,67
6,104
6,348
7,17
8,25
9,27
10,33
11,28
12,33
13,29
14,30
15,31
16,32
17,26
17,40
17,41
19,34
19,36
19,38
20,194
21,217
21,623
22,70
22,171
23,35
23,37
23,39
25,48
26,42
27,43
28,44
29,45
30,50
31,46
32,47
33,49
33,52
33,130
34,51
34,53
34,158
36,55
36,247
36,456
37,54
37,65
38,107
38,231
40,266
42,64
43,58
44,61
45,62
46,56
47,59
48,60
48,102
49,57
49,65
49,68
49,69
50,67
50,524
50,694
51,63
54,66
54,68
54,70
54,71
54,153
56,73
57,74
58,77
59,76
60,78
61,79
62,81
63,80
64,83
64,138
64,262
64,277
64,672
65,72
66,75
67,82
67,187
67,216
68,87
68,570
69,88
69,229
70,85
70,86
70,89
71,84
71,211
72,90
73,100
74,94
75,91
76,92
77,93
78,95
79,101
80,102
81,97
82,98
83,99
84,96
84,104
84,686
85,526
85,597
86,105
86,107
86,209
86,349
86,444
88,276
89,103
89,106
89,108
90,113
91,113
92,113
93,115
94,109
95,110
96,111
97,113
98,112
99,117
100,493
101,113
101,118
102,125
103,119
103,120
103,370
104,114
104,689
105,443
105,672
106,116
106,205
107,121
107,122
108,123
108,124
108,135
109,127
110,132
111,129
112,133
113,131
114,126
114,136
115,636
115,746
116,128
116,137
116,138
118,135
118,386
120,134
121,587
121,703
122,420
122,426
123,130
123,131
123,196
124,265
124,358
124,457
124,600
125,174
125,401
126,143
127,140
128,144
129,148
130,139
130,141
130,145
130,146
130,147
130,159
131,142
131,154
131,156
133,153
133,298
133,399
134,149
134,155
135,157
137,150
137,152
137,158
138,151
139,160
140,161
141,162
142,163
143,165
144,167
145,164
146,166
147,168
148,171
149,169
151,177
151,511
151,641
153,740
154,358
155,172
155,173
155,174
156,347
157,248
158,175
158,176
159,170
160,181
161,183
162,185
163,186
164,187
165,179
166,189
167,180
168,182
169,183
170,178
170,190
171,192
171,194
171,525
173,184
173,193
173,213
173,401
173,464
174,188
174,191
174,196
174,599
175,192
175,197
175,198
177,195
178,200
179,199
180,206
181,203
182,204
184,201
185,624
186,207
186,208
186,214
186,216
187,212
187,405
187,406
187,565
188,202
188,205
188,251
188,258
189,213
189,353
190,210
191,571
192,217
192,527
194,493
195,215
196,209
196,229
196,423
197,296
197,385
197,693
198,211
198,218
199,219
200,220
201,222
202,225
203,221
204,223
205,224
205,226
205,227
206,370
206,675
207,276
208,231
208,750
210,232
210,234
210,296
210,690
210,693
211,231
211,314
213,233
214,244
215,472
216,235
216,250
216,688
217,228
217,229
218,230
219,243
220,242
221,236
222,242
223,237
224,238
225,239
226,240
227,241
229,246
229,371
229,620
230,401
230,717
232,248
232,249
233,245
233,251
233,474
234,247
234,250
234,717
235,244
236,258
237,260
238,261
239,263
240,255
241,257
242,252
244,253
245,254
245,264
245,549
246,256
246,265
246,472
247,266
247,744
248,262
248,397
249,264
251,259
252,267
253,271
254,273
255,274
256,275
257,268
257,270
257,283
258,279
259,269
259,659
259,678
259,690
261,278
262,272
262,276
262,480
263,280
263,281
263,282
263,284
264,277
264,350
267,295
268,285
269,287
270,288
271,289
272,290
273,292
274,296
275,297
276,286
276,294
277,291
277,372
278,293
278,549
280,299
281,300
281,334
281,581
282,298
285,311
286,301
287,302
288,303
289,312
290,313
291,304
292,306
293,307
294,309
295,305
295,308
295,318
295,459
296,319
298,310
298,316
298,662
299,315
299,319
300,314
300,317
301,320
302,321
303,323
304,322
305,325
306,324
307,327
308,326
309,328
310,329
311,332
313,331
314,460
314,464
315,465
315,687
316,333
316,639
318,334
318,515
319,330
320,335
321,336
322,340
323,338
324,342
325,339
326,344
327,345
328,346
329,341
330,337
330,343
330,348
330,351
330,352
330,356
331,349
331,357
331,358
331,444
331,481
331,498
333,350
333,354
333,355
334,347
334,353
334,458
335,361
336,362
337,359
338,360
339,363
340,364
341,365
342,368
343,366
344,369
345,367
346,370
347,481
351,442
351,723
352,372
353,456
358,371
358,373
358,441
358,475
358,510
359,375
360,376
361,378
362,380
363,374
364,377
365,381
366,382
367,379
367,383
367,475
367,707
368,531
368,656
369,385
369,386
369,387
370,388
371,549
372,384
372,389
374,390
375,396
376,397
377,391
378,392
379,393
380,399
381,394
382,400
383,395
384,402
384,403
384,406
384,407
384,408
384,409
385,471
385,725
386,405
387,398
387,404
387,465
388,401
388,410
388,411
390,412
391,419
392,413
393,415
394,418
395,421
396,420
396,423
396,674
397,428
397,657
397,677
398,414
399,428
399,545
400,422
400,425
400,526
401,416
401,426
401,427
401,570
402,417
402,724
403,568
404,430
405,542
407,424
408,527
410,429
410,674
411,596
412,432
413,433
414,434
415,436
416,437
417,438
418,431
419,435
419,440
419,441
420,439
421,445
422,442
422,493
424,446
426,443
426,461
430,444
431,447
432,449
433,451
434,453
435,450
436,455
437,455
438,452
439,454
440,448
440,456
441,461
442,457
442,463
442,464
442,465
442,524
442,563
442,640
442,717
443,458
443,706
444,460
444,661
445,459
445,678
446,462
447,466
448,467
449,470
450,472
451,468
452,471
453,469
454,477
455,478
457,602
458,475
460,473
460,474
460,479
461,617
462,476
462,480
462,586
465,481
465,583
466,482
467,483
468,492
469,490
470,491
471,484
471,489
471,696
473,485
473,703
474,486
475,487
475,494
475,532
476,488
476,496
476,498
477,492
479,493
479,495
479,619
481,497
482,500
483,501
484,499
485,502
486,503
487,504
488,505
489,507
490,506
491,508
492,511
492,515
493,512
493,513
493,514
493,729
495,514
496,580
497,509
497,516
498,510
498,604
499,517
500,518
501,519
502,521
503,523
504,524
505,525
506,520
507,524
508,522
512,531
514,527
514,528
514,695
515,526
515,529
515,530
516,532
517,541
518,534
519,535
520,537
521,538
522,539
523,540
524,533
524,542
524,550
525,544
525,568
525,691
526,536
526,548
526,549
528,551
529,692
530,543
530,546
530,747
531,547
531,585
532,545
533,552
534,553
535,556
536,557
537,558
538,559
539,560
540,561
541,563
541,565
542,554
543,555
543,567
544,569
545,571
546,562
546,566
547,564
547,570
548,709
549,583
551,568
552,573
553,576
554,572
555,574
556,581
557,575
558,577
559,578
560,582
561,579
561,735
562,583
564,584
565,588
566,580
568,587
568,687
569,585
571,586
571,657
572,597
573,591
574,590
575,592
576,593
577,599
578,595
579,594
580,589
581,746
582,604
582,636
583,602
583,605
584,694
585,598
585,603
586,596
588,600
588,601
589,609
590,610
591,611
592,612
593,614
594,616
595,606
595,608
595,615
596,607
598,613
598,617
598,623
600,621
600,622
603,620
604,694
605,618
605,619
605,624
606,625
607,626
608,627
609,635
610,628
611,636
612,629
613,630
614,631
615,632
616,633
618,641
619,643
620,642
622,634
623,640
624,637
624,638
624,639
625,644
626,645
627,651
628,654
629,647
630,650
631,648
632,651
633,649
634,646
635,652
635,656
636,660
637,661
637,662
640,653
640,657
640,658
642,655
643,659
644,671
645,663
646,665
647,667
648,672
649,673
650,670
651,674
652,664
653,666
653,675
653,676
653,677
655,668
656,669
661,678
663,686
664,680
665,681
666,682
667,679
668,684
669,685
670,683
672,690
672,693
673,691
674,695
675,689
675,747
676,692
676,694
677,687
677,688
677,696
679,698
680,699
681,697
682,703
683,700
684,701
685,702
687,706
687,709
692,708
693,722
694,704
695,705
695,707
696,710
697,711
698,712
699,713
700,714
701,715
702,716
705,717
707,719
707,720
707,721
707,723
707,724
707,725
709,718
709,724
709,725
710,722
711,729
712,728
713,726
714,727
715,730
716,729
717,740
717,746
718,731
718,734
718,738
718,739
719,733
721,732
721,735
723,736
724,737
725,741
726,743
727,744
728,742
731,746
733,747
734,746
734,748
735,750
738,749
740,745

<end>
