<number of tasks>
750

<cycle time>
1000

<order strength>
0.196


<task times>
1 176
2 104
3 55
4 92
5 72
6 56
7 163
8 109
9 288
10 109
11 83
12 224
13 145
14 207
15 102
16 242
17 99
18 35
19 69
20 207
21 122
22 163
23 85
24 149
25 185
26 176
27 26
28 72
29 86
30 224
31 81
32 175
33 174
34 201
35 259
36 106
37 54
38 49
39 295
40 113
41 211
42 83
43 149
44 234
45 188
46 216
47 237
48 125
49 189
50 218
51 125
52 85
53 144
54 89
55 129
56 74
57 112
58 204
59 454
60 114
61 211
62 225
63 64
64 133
65 160
66 117
67 27
68 102
69 167
70 177
71 38
72 157
73 49
74 107
75 168
76 84
77 194
78 145
79 144
80 164
81 202
82 306
83 78
84 152
85 92
86 21
87 157
88 261
89 99
90 136
91 361
92 201
93 32
94 122
95 137
96 48
97 241
98 116
99 76
100 78
101 128
102 233
103 163
104 95
105 151
106 296
107 297
108 51
109 122
110 166
111 100
112 142
113 39
114 35
115 129
116 201
117 161
118 85
119 246
120 240
121 177
122 81
123 151
124 29
125 66
126 139
127 105
128 83
129 70
130 92
131 254
132 131
133 138
134 57
135 85
136 258
137 49
138 123
139 148
140 99
141 121
142 50
143 173
144 161
145 64
146 184
147 78
148 105
149 191
150 32
151 48
152 58
153 146
154 193
155 115
156 107
157 264
158 241
159 345
160 315
161 137
162 72
163 46
164 74
165 191
166 254
167 108
168 208
169 244
170 25
171 123
172 131
173 311
174 176
175 127
176 44
177 128
178 26
179 85
180 234
181 61
182 131
183 279
184 101
185 276
186 279
187 21
188 56
189 143
190 82
191 98
192 137
193 268
194 261
195 127
196 289
197 23
198 143
199 129
200 75
201 251
202 136
203 42
204 137
205 140
206 163
207 203
208 247
209 154
210 82
211 43
212 139
213 83
214 92
215 231
216 54
217 97
218 43
219 225
220 141
221 137
222 74
223 189
224 86
225 204
226 124
227 108
228 184
229 84
230 271
231 265
232 67
233 91
234 146
235 232
236 117
237 142
238 139
239 138
240 153
241 42
242 222
243 74
244 150
245 171
246 202
247 115
248 72
249 74
250 286
251 211
252 84
253 21
254 259
255 139
256 209
257 22
258 166
259 170
260 38
261 240
262 304
263 141
264 312
265 165
266 77
267 192
268 68
269 100
270 249
271 40
272 227
273 136
274 203
275 86
276 71
277 170
278 86
279 195
280 119
281 89
282 149
283 94
284 153
285 42
286 111
287 191
288 84
289 170
290 181
291 20
292 72
293 174
294 26
295 178
296 153
297 59
298 277
299 247
300 156
301 143
302 81
303 117
304 159
305 135
306 85
307 101
308 137
309 130
310 236
311 177
312 280
313 91
314 85
315 128
316 328
317 139
318 38
319 68
320 126
321 148
322 77
323 239
324 170
325 162
326 62
327 110
328 149
329 123
330 272
331 105
332 263
333 120
334 200
335 204
336 96
337 70
338 266
339 60
340 22
341 144
342 179
343 97
344 100
345 148
346 95
347 146
348 96
349 188
350 182
351 52
352 244
353 74
354 49
355 110
356 82
357 137
358 44
359 155
360 74
361 138
362 163
363 39
364 185
365 121
366 88
367 152
368 59
369 26
370 130
371 36
372 45
373 169
374 167
375 96
376 200
377 212
378 102
379 131
380 177
381 51
382 79
383 185
384 233
385 214
386 165
387 54
388 93
389 84
390 186
391 292
392 93
393 181
394 170
395 225
396 115
397 65
398 135
399 168
400 161
401 196
402 242
403 187
404 131
405 84
406 106
407 40
408 22
409 52
410 153
411 102
412 205
413 199
414 74
415 266
416 108
417 91
418 71
419 98
420 38
421 41
422 331
423 200
424 118
425 249
426 67
427 227
428 114
429 134
430 93
431 116
432 49
433 183
434 55
435 21
436 56
437 99
438 96
439 288
440 51
441 67
442 24
443 83
444 154
445 85
446 122
447 187
448 147
449 210
450 248
451 223
452 270
453 188
454 70
455 131
456 128
457 208
458 102
459 87
460 303
461 89
462 63
463 325
464 143
465 115
466 135
467 197
468 67
469 103
470 173
471 157
472 163
473 142
474 233
475 134
476 369
477 68
478 38
479 81
480 204
481 66
482 20
483 127
484 164
485 69
486 64
487 178
488 110
489 181
490 86
491 70
492 58
493 158
494 117
495 317
496 90
497 64
498 161
499 109
500 116
501 188
502 29
503 169
504 171
505 181
506 68
507 94
508 281
509 251
510 233
511 264
512 54
513 173
514 62
515 72
516 98
517 100
518 166
519 324
520 186
521 151
522 165
523 178
524 53
525 325
526 142
527 43
528 248
529 83
530 143
531 116
532 103
533 157
534 127
535 93
536 67
537 111
538 105
539 70
540 31
541 57
542 103
543 88
544 94
545 172
546 159
547 156
548 220
549 71
550 186
551 354
552 185
553 26
554 73
555 45
556 146
557 90
558 188
559 319
560 34
561 41
562 126
563 48
564 92
565 88
566 68
567 229
568 254
569 124
570 67
571 112
572 65
573 50
574 241
575 177
576 120
577 251
578 77
579 102
580 105
581 159
582 21
583 185
584 158
585 103
586 226
587 121
588 176
589 167
590 85
591 87
592 157
593 118
594 265
595 123
596 199
597 71
598 202
599 284
600 85
601 131
602 110
603 170
604 79
605 104
606 96
607 96
608 54
609 238
610 85
611 90
612 114
613 114
614 189
615 109
616 64
617 106
618 215
619 237
620 59
621 191
622 40
623 26
624 158
625 208
626 132
627 121
628 70
629 99
630 262
631 95
632 86
633 81
634 50
635 282
636 40
637 270
638 27
639 110
640 195
641 125
642 73
643 272
644 216
645 59
646 23
647 305
648 45
649 115
650 344
651 273
652 217
653 124
654 33
655 152
656 31
657 117
658 90
659 49
660 140
661 270
662 109
663 105
664 112
665 102
666 102
667 130
668 48
669 175
670 76
671 229
672 90
673 166
674 335
675 217
676 171
677 243
678 127
679 259
680 59
681 58
682 42
683 64
684 63
685 175
686 23
687 155
688 262
689 55
690 84
691 188
692 226
693 221
694 159
695 53
696 67
697 68
698 63
699 227
700 103
701 284
702 145
703 129
704 148
705 93
706 183
707 56
708 214
709 45
710 190
711 260
712 67
713 171
714 85
715 38
716 190
717 125
718 150
719 234
720 197
721 221
722 20
723 93
724 42
725 210
726 68
727 150
728 187
729 25
730 104
731 195
732 59
733 95
734 67
735 202
736 180
737 173
738 271
739 300
740 31
741 195
742 91
743 242
744 48
745 172
746 96
747 46
748 284
749 78
750 134

<precedence relations>
1,476
2,24
2,27
2,29
2,31
3,479
4,19
4,37
5,36
5,189
5,540
7,436
8,28
8,39
8,165
10,21
10,26
10,35
10,47
11,25
11,499
11,687
12,22
12,30
12,33
13,38
13,314
13,362
14,20
14,23
14,34
15,32
15,329
15,388
17,117
18,394
18,543
18,641
18,643
19,42
19,45
19,140
21,40
21,72
21,74
22,41
23,55
26,54
26,97
27,46
27,50
28,56
29,361
29,671
29,716
30,51
32,53
33,49
33,142
33,648
34,260
34,679
35,48
36,43
36,52
37,169
37,591
37,726
38,447
38,519
39,44
39,47
40,628
41,235
42,71
43,61
43,64
44,57
45,67
45,440
45,527
46,59
46,63
47,257
47,714
48,600
49,72
49,119
49,157
50,60
50,66
50,341
52,58
52,62
52,70
52,131
53,410
54,68
55,69
56,65
57,80
57,87
58,73
58,74
59,75
59,78
59,172
59,662
61,315
61,371
63,77
64,86
64,88
64,89
65,81
65,91
65,303
65,395
66,79
66,256
66,499
67,83
68,74
68,76
68,82
68,85
68,280
68,288
69,84
71,183
71,285
71,473
72,90
73,94
73,100
74,95
74,233
74,418
75,101
76,102
77,106
77,444
78,389
78,470
79,103
80,98
80,105
82,373
82,463
82,516
83,93
83,104
83,437
84,97
85,99
87,92
87,332
88,96
88,441
88,720
92,107
92,114
93,338
94,351
95,110
95,111
95,116
95,354
95,440
95,449
96,167
97,112
98,106
99,109
99,266
100,108
100,434
100,553
101,117
102,113
103,115
103,377
104,120
104,339
104,361
105,245
105,419
106,118
106,122
106,131
107,125
107,129
109,124
109,127
109,664
110,210
112,118
112,120
112,130
113,121
113,281
114,123
115,156
115,424
115,532
116,119
116,126
116,128
116,142
117,174
118,132
118,139
119,146
120,145
121,134
121,144
122,141
122,142
122,248
122,337
123,748
125,138
126,133
126,137
127,613
128,391
128,562
130,135
130,140
130,143
130,147
131,136
131,561
132,151
132,154
133,150
134,379
135,158
136,155
137,262
138,152
138,217
138,301
139,162
140,484
141,638
142,237
142,359
142,495
143,156
143,160
144,149
144,157
144,562
145,159
146,148
146,153
146,161
146,172
147,148
147,163
147,267
148,169
148,178
150,174
150,239
151,164
151,170
151,182
152,164
152,262
153,463
153,554
154,173
155,167
155,172
156,165
156,181
158,171
158,179
158,312
158,550
159,375
159,451
160,168
160,176
160,177
161,308
162,670
163,166
163,175
163,180
164,580
164,742
165,405
166,190
166,247
166,263
166,448
167,202
168,191
168,192
168,195
170,185
172,194
172,198
172,744
173,186
174,183
174,267
174,369
174,523
175,184
176,196
176,200
176,201
176,666
177,189
177,580
178,194
179,316
180,187
180,352
181,183
181,197
181,199
181,305
182,188
182,193
182,399
182,450
183,624
185,410
185,608
186,207
186,210
186,213
186,563
187,261
188,208
188,218
188,219
191,470
192,424
193,216
194,516
195,205
195,209
196,204
196,211
196,215
196,278
197,203
198,217
198,406
199,208
200,214
200,234
202,206
202,212
202,689
203,324
203,509
203,661
204,231
204,237
205,224
205,227
205,236
206,285
208,433
208,490
209,229
210,220
210,222
210,228
210,232
210,234
211,221
211,223
211,589
213,225
213,234
213,242
217,318
218,226
218,336
218,397
219,230
219,233
219,235
219,470
221,254
222,304
223,238
223,256
223,388
224,257
224,647
225,244
225,252
226,249
226,673
228,255
229,241
229,242
229,247
230,240
230,251
230,382
231,246
231,608
232,239
232,250
232,330
232,409
234,328
235,245
235,248
236,243
236,280
236,509
237,253
237,469
239,302
241,258
241,270
241,271
241,274
241,275
242,260
243,594
243,681
244,266
244,269
245,273
245,301
246,267
247,261
248,262
248,264
250,259
251,652
252,619
255,272
257,263
257,265
257,268
258,706
259,371
260,284
260,361
260,711
260,737
261,285
261,290
261,292
261,653
262,278
262,289
263,277
264,422
264,508
265,280
265,281
265,295
266,276
266,292
266,303
267,287
268,343
269,600
271,279
271,283
271,286
271,294
272,291
272,495
273,282
273,288
274,293
274,416
275,466
277,303
278,312
281,297
281,298
284,593
285,296
286,297
286,309
286,310
286,311
288,300
288,304
289,308
289,388
290,299
292,302
292,305
293,300
293,307
294,396
295,301
295,306
296,322
296,328
297,564
298,334
298,371
299,734
300,320
300,330
300,365
300,393
300,660
301,314
301,331
302,326
303,313
303,603
303,693
304,327
305,316
305,321
305,324
306,315
306,319
306,325
306,329
306,336
307,516
308,335
308,438
309,318
309,332
309,639
310,317
311,323
311,333
311,429
312,721
314,599
315,343
316,350
317,341
317,377
318,732
319,339
320,630
320,729
321,337
321,349
321,461
322,347
322,348
323,344
325,347
326,338
326,342
327,346
328,702
329,345
333,340
335,494
336,491
337,358
337,360
337,364
338,357
338,363
339,365
340,356
340,358
341,486
341,589
342,362
343,351
343,352
344,535
345,354
346,355
347,358
347,359
349,353
349,361
350,603
352,368
352,370
352,381
353,376
353,380
353,539
353,666
354,384
355,375
355,385
356,374
356,378
356,745
357,373
358,367
358,369
359,366
359,377
359,383
360,643
360,662
361,371
361,372
361,664
363,379
363,398
363,638
363,685
364,382
366,403
369,403
369,442
371,393
371,397
371,398
371,534
371,703
373,447
373,583
375,396
375,573
376,391
377,394
377,403
377,681
378,395
378,404
380,390
380,529
381,392
381,399
381,401
382,402
382,620
383,389
383,400
383,474
384,386
384,387
384,405
384,436
384,630
385,388
387,411
387,555
389,409
389,417
389,419
391,412
391,421
391,425
392,414
392,416
392,418
394,406
394,620
395,420
396,422
397,408
397,423
398,415
398,471
400,410
401,407
401,409
401,424
403,697
403,707
404,413
404,414
405,661
408,431
408,654
409,436
409,438
411,465
412,432
412,442
413,430
416,428
416,435
416,441
416,443
417,427
417,443
417,472
417,645
418,429
418,434
420,605
422,426
424,433
424,440
425,437
425,439
426,452
426,519
429,450
430,455
430,503
432,447
432,543
433,445
434,608
435,449
436,446
436,451
438,454
438,512
439,683
440,444
441,448
441,550
442,456
443,453
443,603
443,606
445,466
445,467
445,468
449,465
450,457
450,462
452,461
452,463
452,464
452,469
453,459
453,680
454,458
455,460
456,682
456,719
457,477
457,486
457,740
459,475
459,484
460,478
460,479
460,487
462,470
462,480
462,620
463,472
463,483
463,488
464,474
465,471
465,476
466,616
467,473
467,481
467,485
468,743
469,482
469,509
470,499
470,502
472,493
473,603
477,497
477,503
477,530
478,491
478,521
480,501
480,502
481,489
481,496
481,500
482,490
482,492
483,495
484,498
484,508
486,494
489,520
490,511
490,512
490,570
491,505
491,519
493,506
494,522
494,639
494,745
495,507
495,510
495,518
495,590
496,742
497,515
498,523
499,516
500,513
502,521
503,504
503,507
503,508
503,509
503,511
503,514
503,517
504,536
505,540
506,531
507,528
508,527
508,534
510,637
511,524
511,533
511,541
513,528
514,525
514,538
515,529
515,532
516,537
518,523
518,535
518,539
519,526
522,530
523,637
526,717
526,746
527,552
527,737
528,547
528,597
528,664
529,542
529,549
529,551
531,544
532,550
533,574
536,553
538,543
539,548
539,555
540,554
541,545
541,546
543,558
543,559
545,566
545,567
546,558
547,564
548,556
548,557
548,562
548,569
549,560
549,570
549,571
551,568
553,563
554,561
554,565
555,624
556,588
557,574
557,577
557,585
557,620
559,573
559,739
560,587
561,583
562,572
562,580
563,575
564,581
564,582
565,578
565,586
565,636
566,576
569,579
569,591
570,584
571,589
575,593
576,591
576,601
578,671
579,600
581,596
582,594
582,599
582,603
582,606
583,598
584,604
584,607
584,710
585,597
585,602
586,595
586,741
587,590
587,592
588,605
590,615
590,707
593,611
593,620
594,610
594,618
595,712
597,608
597,612
600,614
601,739
602,609
602,619
604,617
605,613
605,616
606,687
606,738
608,626
608,628
608,637
609,629
609,698
610,620
610,621
610,630
610,636
611,631
611,699
612,624
614,622
614,627
614,632
615,623
615,633
616,625
616,634
616,635
617,744
618,637
620,639
622,647
622,650
622,652
623,717
624,638
626,645
627,640
631,648
632,643
633,641
633,649
634,644
635,651
635,682
636,642
637,646
638,660
638,661
638,670
639,655
640,656
641,662
641,668
642,653
642,666
643,658
644,663
644,664
646,659
649,665
650,669
650,676
651,657
652,654
652,667
654,680
660,673
661,679
661,686
663,672
664,674
664,715
665,676
665,678
665,681
665,720
667,675
668,671
668,682
669,684
670,677
670,683
671,685
672,688
673,686
673,689
674,696
675,695
675,700
676,689
676,698
676,701
677,693
677,699
678,693
681,692
681,702
681,734
683,691
683,697
684,687
684,690
684,694
685,704
685,715
687,717
690,707
691,709
692,703
692,713
693,708
694,706
694,709
695,711
695,712
697,710
698,743
700,705
700,714
700,716
704,723
705,718
706,728
707,721
707,724
707,726
707,730
708,725
709,727
711,722
712,720
713,731
715,729
716,719
716,725
718,732
718,741
719,732
721,737
722,740
722,746
723,742
725,735
725,738
725,739
727,736
728,734
728,745
729,744
729,747
729,748
729,749
730,743
730,750
731,733

<end>
