<number of tasks>
750

<cycle time>
1000

<order strength>
0.595


<task times>
1 526
2 419
3 703
4 551
5 457
6 385
7 661
8 550
9 625
10 612
11 370
12 556
13 384
14 841
15 388
16 547
17 531
18 456
19 359
20 571
21 257
22 387
23 544
24 685
25 563
26 574
27 388
28 598
29 481
30 546
31 409
32 660
33 469
34 576
35 625
36 573
37 454
38 501
39 582
40 602
41 440
42 447
43 282
44 512
45 271
46 587
47 478
48 301
49 497
50 182
51 451
52 588
53 514
54 206
55 590
56 451
57 493
58 350
59 426
60 773
61 450
62 354
63 522
64 458
65 366
66 350
67 564
68 611
69 421
70 556
71 344
72 603
73 237
74 248
75 501
76 242
77 440
78 654
79 522
80 570
81 342
82 432
83 713
84 577
85 333
86 656
87 565
88 312
89 403
90 503
91 518
92 451
93 603
94 398
95 528
96 514
97 358
98 537
99 613
100 333
101 473
102 383
103 529
104 278
105 722
106 475
107 460
108 485
109 523
110 647
111 447
112 498
113 577
114 619
115 423
116 412
117 433
118 322
119 383
120 589
121 440
122 256
123 507
124 356
125 378
126 618
127 741
128 619
129 422
130 714
131 513
132 364
133 430
134 400
135 384
136 389
137 692
138 419
139 378
140 324
141 341
142 475
143 530
144 445
145 320
146 341
147 319
148 447
149 522
150 510
151 296
152 617
153 656
154 531
155 407
156 352
157 469
158 512
159 432
160 531
161 564
162 315
163 541
164 727
165 568
166 707
167 420
168 552
169 619
170 680
171 584
172 335
173 474
174 526
175 541
176 502
177 493
178 351
179 591
180 413
181 529
182 374
183 517
184 426
185 328
186 336
187 341
188 481
189 416
190 350
191 518
192 575
193 393
194 617
195 705
196 539
197 533
198 558
199 552
200 661
201 523
202 531
203 329
204 418
205 419
206 547
207 499
208 622
209 547
210 569
211 458
212 644
213 557
214 356
215 522
216 424
217 525
218 420
219 418
220 295
221 472
222 380
223 466
224 488
225 432
226 456
227 597
228 317
229 863
230 450
231 518
232 477
233 462
234 707
235 406
236 671
237 486
238 406
239 618
240 467
241 386
242 437
243 410
244 674
245 590
246 546
247 500
248 453
249 355
250 544
251 369
252 629
253 630
254 441
255 697
256 592
257 466
258 716
259 155
260 433
261 442
262 529
263 489
264 460
265 580
266 478
267 133
268 509
269 440
270 516
271 427
272 633
273 479
274 464
275 561
276 356
277 426
278 314
279 460
280 513
281 599
282 412
283 572
284 409
285 428
286 394
287 404
288 297
289 555
290 736
291 457
292 555
293 482
294 491
295 347
296 463
297 411
298 342
299 473
300 592
301 374
302 479
303 465
304 448
305 561
306 253
307 325
308 604
309 407
310 514
311 784
312 470
313 455
314 602
315 436
316 363
317 423
318 356
319 508
320 524
321 650
322 523
323 722
324 738
325 217
326 492
327 389
328 583
329 495
330 733
331 324
332 648
333 463
334 562
335 617
336 636
337 667
338 432
339 523
340 608
341 529
342 803
343 633
344 261
345 631
346 712
347 482
348 249
349 540
350 535
351 498
352 382
353 396
354 354
355 567
356 631
357 548
358 439
359 446
360 417
361 561
362 462
363 204
364 340
365 448
366 791
367 471
368 593
369 492
370 489
371 329
372 449
373 685
374 376
375 481
376 387
377 498
378 395
379 477
380 424
381 567
382 379
383 426
384 634
385 581
386 665
387 602
388 451
389 438
390 549
391 469
392 538
393 420
394 307
395 703
396 392
397 549
398 529
399 696
400 292
401 559
402 457
403 648
404 563
405 548
406 610
407 247
408 445
409 534
410 655
411 448
412 661
413 232
414 534
415 406
416 482
417 706
418 528
419 507
420 475
421 594
422 313
423 531
424 406
425 416
426 529
427 643
428 429
429 753
430 476
431 310
432 739
433 422
434 563
435 644
436 558
437 403
438 481
439 354
440 568
441 523
442 521
443 593
444 502
445 496
446 522
447 306
448 619
449 423
450 425
451 397
452 433
453 672
454 431
455 712
456 397
457 584
458 784
459 431
460 349
461 404
462 461
463 699
464 463
465 510
466 419
467 440
468 588
469 713
470 620
471 341
472 534
473 716
474 472
475 549
476 519
477 534
478 468
479 511
480 622
481 599
482 653
483 464
484 676
485 385
486 509
487 351
488 452
489 553
490 434
491 532
492 517
493 340
494 473
495 414
496 328
497 472
498 467
499 391
500 491
501 547
502 631
503 667
504 560
505 575
506 793
507 326
508 603
509 559
510 502
511 612
512 442
513 320
514 505
515 342
516 432
517 452
518 689
519 602
520 757
521 546
522 408
523 543
524 641
525 498
526 500
527 565
528 434
529 555
530 452
531 615
532 260
533 643
534 634
535 625
536 518
537 415
538 328
539 471
540 751
541 500
542 473
543 504
544 708
545 442
546 636
547 423
548 683
549 488
550 495
551 529
552 498
553 333
554 543
555 466
556 581
557 559
558 516
559 356
560 417
561 525
562 674
563 486
564 660
565 508
566 481
567 669
568 685
569 630
570 565
571 496
572 634
573 434
574 365
575 575
576 601
577 379
578 509
579 494
580 830
581 529
582 614
583 421
584 744
585 305
586 713
587 599
588 466
589 433
590 386
591 418
592 609
593 639
594 518
595 507
596 708
597 371
598 598
599 624
600 467
601 505
602 705
603 544
604 578
605 606
606 629
607 522
608 435
609 378
610 428
611 439
612 593
613 538
614 302
615 364
616 333
617 525
618 397
619 399
620 713
621 379
622 576
623 605
624 568
625 390
626 740
627 688
628 390
629 436
630 530
631 566
632 329
633 479
634 544
635 374
636 437
637 561
638 570
639 673
640 474
641 546
642 577
643 568
644 446
645 609
646 461
647 247
648 450
649 365
650 464
651 423
652 655
653 365
654 561
655 179
656 453
657 575
658 395
659 355
660 415
661 469
662 453
663 474
664 499
665 449
666 494
667 546
668 417
669 528
670 591
671 316
672 421
673 476
674 410
675 519
676 585
677 535
678 304
679 700
680 553
681 531
682 574
683 605
684 301
685 469
686 665
687 497
688 441
689 481
690 414
691 482
692 486
693 613
694 593
695 469
696 659
697 647
698 510
699 572
700 612
701 274
702 676
703 700
704 244
705 477
706 429
707 475
708 621
709 521
710 600
711 552
712 435
713 413
714 568
715 350
716 440
717 321
718 605
719 493
720 359
721 552
722 649
723 314
724 504
725 646
726 565
727 312
728 618
729 661
730 612
731 578
732 588
733 541
734 468
735 473
736 544
737 535
738 491
739 415
740 349
741 778
742 486
743 780
744 648
745 400
746 585
747 341
748 863
749 359
750 422

<precedence relations>
1,104
2,50
3,50
4,315
5,81
6,81
7,216
8,401
9,230
10,285
11,357
12,13
12,14
12,15
12,16
12,17
12,18
12,19
12,20
12,21
12,22
12,23
12,24
12,25
12,26
12,27
12,28
12,29
13,268
14,550
15,160
16,104
17,104
18,104
19,708
20,677
21,730
22,216
23,109
24,109
25,723
26,723
27,458
28,30
28,33
28,34
28,37
28,38
28,39
28,43
28,44
28,46
29,31
29,32
29,35
29,36
29,40
29,41
29,42
29,45
30,268
31,104
32,104
33,104
34,104
35,104
36,104
37,50
38,50
39,50
40,315
41,81
42,317
43,580
44,357
45,48
45,49
45,51
45,52
45,53
45,55
45,56
45,57
45,60
46,47
46,54
46,58
46,59
46,60
47,160
48,677
49,678
50,63
50,65
50,66
50,67
50,68
50,69
50,70
50,71
50,72
50,73
50,74
50,75
51,315
52,662
53,662
54,81
55,597
56,140
57,317
58,458
59,61
59,62
59,64
60,76
60,148
61,160
62,104
63,104
64,104
65,81
66,216
67,454
67,504
68,78
68,80
68,84
69,79
69,206
70,83
70,165
71,358
71,418
72,478
73,82
73,136
73,140
73,150
73,159
74,81
75,77
75,80
75,85
75,110
76,195
76,289
77,104
78,104
79,428
80,695
81,86
81,87
81,92
81,93
81,94
81,95
81,98
81,99
81,100
82,317
83,87
83,88
83,96
83,97
83,102
83,183
84,90
84,114
84,247
85,86
85,89
85,91
86,550
87,160
88,160
89,104
90,384
91,678
92,109
93,109
94,105
94,107
94,108
94,115
95,101
95,103
95,106
95,110
95,111
95,112
95,114
95,137
96,109
97,401
98,317
99,458
100,102
100,113
101,160
102,160
103,160
104,118
104,119
104,120
104,121
104,122
104,123
104,124
104,125
104,126
104,127
104,135
105,662
106,140
107,140
108,140
109,129
109,130
109,131
109,132
109,133
109,134
110,723
111,580
112,593
113,128
113,186
113,210
113,351
114,138
114,162
115,116
115,117
115,128
116,160
117,160
118,534
119,140
120,140
121,204
121,224
121,385
121,391
122,136
122,185
122,275
122,388
123,141
123,223
123,253
123,276
123,288
124,182
124,217
124,266
124,360
125,138
125,142
125,178
126,253
126,284
127,136
127,150
127,190
127,352
128,428
129,179
129,248
130,136
130,147
130,189
130,191
131,168
132,166
132,187
132,248
133,136
133,137
133,138
133,143
133,148
133,177
134,137
134,252
135,136
135,139
135,283
136,645
137,315
138,315
139,597
140,144
140,146
140,149
140,151
140,152
140,153
140,154
140,155
140,156
140,157
140,158
141,230
142,145
142,148
143,147
143,150
143,159
144,268
145,160
146,160
147,160
148,288
149,541
150,354
151,695
152,164
153,184
153,201
153,285
154,188
154,538
155,234
156,162
156,163
156,167
156,168
156,203
157,165
157,166
157,218
158,161
158,277
159,386
159,448
160,169
160,170
160,171
160,172
160,173
160,174
160,175
160,176
160,180
161,677
162,596
163,315
164,216
165,216
166,177
166,179
166,181
166,182
167,178
167,183
167,223
167,385
168,346
168,359
169,194
170,186
170,314
171,190
171,192
172,185
172,215
173,187
173,193
174,696
174,727
175,188
175,202
175,252
175,305
176,392
176,429
176,487
177,428
178,428
179,216
180,285
181,191
181,210
181,217
181,239
181,316
182,184
182,390
183,189
183,316
184,288
185,288
186,596
187,730
188,580
189,593
190,230
191,230
192,195
192,198
192,200
192,215
193,195
193,196
193,197
193,247
193,276
193,277
194,199
194,200
195,616
196,730
197,315
198,216
199,201
199,203
199,204
199,205
199,207
199,209
199,212
200,202
200,206
200,208
200,210
200,211
201,550
202,596
203,251
204,315
205,216
206,216
207,216
208,317
209,593
210,285
211,318
212,213
212,214
212,215
212,217
212,218
212,219
212,220
213,268
214,354
215,597
216,223
216,225
216,226
216,227
216,228
216,229
217,230
218,305
219,222
219,224
219,233
219,234
220,221
220,231
220,232
221,354
222,251
223,315
224,662
225,318
226,236
226,241
226,247
227,235
227,236
227,581
228,239
228,319
229,237
229,242
230,240
230,243
230,244
230,245
230,246
231,285
232,318
233,248
233,255
234,238
235,550
236,730
237,251
238,251
239,315
240,315
241,662
242,597
243,357
244,458
245,401
246,254
246,255
247,249
247,250
247,252
247,253
247,318
247,320
248,354
249,541
250,596
251,257
251,258
251,259
251,260
251,261
251,262
251,263
251,264
251,265
251,266
251,267
252,357
253,256
253,266
254,319
254,351
254,527
255,292
256,268
257,271
258,273
259,275
260,388
260,419
260,451
261,268
261,270
261,360
261,385
262,269
262,292
263,275
264,276
265,268
265,269
265,270
265,272
265,277
266,534
267,268
267,274
267,277
268,278
268,279
268,280
268,281
268,282
269,428
270,616
271,354
272,597
273,317
274,285
275,318
276,284
276,287
277,283
277,286
278,401
279,289
279,291
279,292
279,347
280,289
281,446
281,494
282,317
283,288
284,428
285,293
285,294
285,295
285,296
285,297
285,298
285,299
285,300
285,301
285,302
285,303
285,305
286,356
286,388
286,596
286,636
286,647
287,290
287,304
288,307
288,308
288,309
288,310
288,311
288,312
288,313
288,316
288,351
288,385
289,315
290,597
291,597
292,317
294,463
294,487
295,530
295,593
296,386
296,448
296,458
296,479
297,509
297,524
298,415
298,429
299,314
300,384
301,306
301,319
301,498
302,403
302,420
302,424
302,528
302,594
304,318
305,306
305,360
306,708
307,412
307,536
307,594
308,496
309,386
310,359
310,424
311,320
312,706
312,739
313,696
314,384
315,321
315,322
315,323
315,324
315,325
315,326
315,346
315,403
316,401
317,327
317,328
317,329
317,330
317,331
318,332
318,333
318,334
318,335
318,336
318,337
318,338
318,339
318,340
318,341
318,342
318,343
318,344
318,345
318,347
319,320
319,695
320,645
321,597
322,464
322,478
323,718
323,727
324,449
324,539
325,450
325,478
326,349
326,353
327,428
328,480
328,510
328,519
328,563
329,348
329,359
329,418
330,391
331,348
331,418
332,403
332,464
332,496
332,502
333,352
333,404
334,348
334,418
335,549
335,648
336,411
337,724
338,387
339,351
340,355
340,646
340,675
340,705
340,724
341,350
341,390
342,423
343,414
343,707
344,348
344,353
345,355
345,515
345,528
345,636
346,348
347,383
348,384
349,354
350,357
351,355
351,416
351,444
351,540
352,358
352,360
352,418
353,356
353,359
354,362
354,363
354,364
354,365
354,366
354,367
354,368
354,369
354,370
354,371
354,372
355,695
356,662
357,373
357,374
357,375
357,376
357,377
357,378
357,379
357,380
357,381
357,382
358,361
358,383
359,361
359,383
360,383
361,384
362,662
363,387
364,512
364,636
365,428
366,413
367,384
368,390
369,388
369,463
370,519
370,539
370,540
371,414
371,523
373,387
373,425
374,391
374,480
375,724
376,447
377,403
377,487
377,507
378,463
378,484
378,522
379,384
379,391
379,424
380,384
380,385
380,424
381,385
381,404
381,481
381,510
382,503
382,521
383,384
383,386
383,389
384,393
384,394
384,395
384,396
384,397
384,398
384,399
384,400
385,678
386,662
387,401
388,493
388,536
389,392
389,402
389,414
390,392
390,404
390,432
390,518
391,402
391,403
392,550
393,494
393,537
393,563
393,636
394,581
395,432
395,444
395,549
396,405
396,419
396,420
396,456
397,405
397,411
397,412
398,416
398,417
398,425
399,413
400,405
400,503
400,504
400,505
401,406
401,407
401,408
401,409
401,410
402,527
402,594
403,462
403,529
404,412
404,418
404,506
405,596
406,458
407,458
408,519
408,662
409,416
409,417
410,418
411,414
411,419
411,432
412,415
412,420
413,417
413,425
414,648
415,616
416,580
417,421
417,422
417,426
417,427
418,424
418,485
418,517
419,422
419,423
420,425
420,452
420,532
421,428
422,428
423,428
424,645
425,662
426,433
427,429
427,430
427,431
427,432
427,433
427,434
427,435
427,457
428,437
428,438
428,439
428,440
428,441
428,442
428,443
428,447
429,616
430,662
431,458
432,484
432,679
433,501
433,507
434,436
434,458
435,444
435,445
435,446
436,648
437,616
438,455
438,508
439,487
439,509
440,450
440,453
441,450
442,454
442,459
442,491
443,448
443,522
444,580
445,451
445,505
445,515
446,448
447,448
447,449
447,452
447,507
448,596
449,597
450,458
451,456
451,506
452,494
452,500
453,455
453,457
453,459
453,460
454,455
454,461
454,501
455,597
456,597
457,580
458,465
458,466
458,467
458,468
458,469
458,470
458,471
458,472
458,473
458,474
458,475
458,476
458,477
459,464
459,479
460,462
460,463
460,464
460,478
461,462
461,646
462,648
463,534
464,723
465,483
466,482
466,539
467,480
467,541
469,550
470,597
471,481
471,494
472,532
473,480
473,518
473,585
474,705
475,614
476,503
477,480
477,539
477,542
478,526
479,488
480,616
481,645
482,580
483,484
483,485
483,486
483,487
483,488
483,489
483,490
483,491
483,492
484,597
485,597
486,597
487,494
488,496
489,635
489,710
490,496
490,498
490,515
491,493
491,495
491,497
491,499
492,581
493,708
494,580
495,593
496,500
496,505
497,500
497,501
497,503
497,504
498,581
499,502
500,662
501,593
502,593
503,506
503,508
504,678
504,725
505,507
505,509
505,522
506,511
506,512
506,513
506,516
506,517
507,510
507,514
507,518
508,515
509,519
509,532
510,541
511,616
512,596
513,695
514,534
515,580
516,519
516,523
516,585
517,522
518,520
518,521
519,678
520,580
521,593
522,525
522,526
522,527
522,529
522,530
523,524
523,528
523,531
524,730
525,645
526,534
527,532
527,533
527,539
528,664
529,536
529,537
530,535
530,538
531,725
532,541
533,541
534,542
534,543
534,544
534,545
534,546
534,547
534,548
535,597
536,593
537,593
538,540
539,549
539,654
540,550
541,551
541,552
541,553
541,554
541,555
541,556
541,557
541,558
541,559
541,560
541,561
541,562
542,662
544,563
545,585
546,645
546,664
546,708
549,584
550,564
550,565
550,566
550,567
550,568
550,569
550,570
550,571
550,572
550,573
550,574
550,575
550,576
550,577
550,578
550,579
551,580
552,724
552,727
553,584
554,662
555,635
556,585
558,729
558,730
559,739
561,706
561,726
562,581
563,582
565,595
566,585
566,633
567,595
568,633
568,710
569,583
570,594
573,583
573,585
573,646
574,635
577,585
578,583
578,584
578,696
579,741
580,584
580,586
580,587
580,588
580,589
580,590
580,591
580,592
580,647
580,648
581,593
582,676
583,648
584,596
585,597
586,616
586,738
588,595
589,614
593,598
593,599
593,600
593,601
593,602
593,603
593,604
593,605
593,606
593,607
593,608
593,609
593,610
593,611
593,612
593,613
594,678
595,616
596,617
596,618
596,619
596,620
596,621
596,741
597,622
597,623
597,624
597,625
597,626
597,627
597,628
597,629
597,630
597,631
597,632
598,633
598,648
599,735
600,696
601,730
604,634
606,615
608,695
609,709
615,708
616,637
616,638
616,639
616,640
616,641
616,642
616,643
616,644
616,646
617,730
618,645
620,718
620,724
622,635
623,720
624,711
627,636
627,647
627,700
628,664
631,645
635,708
636,648
637,662
638,740
639,655
641,730
642,675
643,656
643,679
644,736
645,649
645,650
645,651
645,652
645,653
646,654
647,656
648,657
648,658
648,659
648,660
648,661
649,726
650,719
651,698
651,711
651,730
652,720
654,662
655,663
657,664
659,676
660,665
661,720
662,666
662,667
662,668
662,669
662,670
662,671
662,672
662,673
662,674
663,675
664,677
665,678
669,679
670,680
670,718
672,740
676,706
677,681
677,682
677,683
677,684
677,685
677,697
677,698
677,728
678,686
678,687
678,688
678,689
678,690
678,691
678,692
678,693
678,694
679,695
680,696
684,709
684,724
688,699
694,706
695,701
695,702
695,703
695,704
695,707
696,700
697,705
698,724
699,708
700,730
701,711
702,709
705,710
708,712
708,713
708,714
708,715
708,716
708,717
708,720
708,721
709,719
710,718
710,721
711,718
712,723
714,728
716,724
717,729
718,725
719,726
719,727
721,722
722,730
723,731
723,732
723,733
723,734
723,741
724,740
725,739
726,736
727,737
728,738
729,735
730,742
730,743
730,744
730,745
730,746
730,747
730,748
730,749
730,750

<end>
