<number of tasks>
750

<cycle time>
1000

<order strength>
0.595


<task times>
1 140
2 213
3 151
4 148
5 265
6 33
7 132
8 483
9 538
10 172
11 356
12 84
13 213
14 40
15 536
16 181
17 35
18 95
19 498
20 235
21 290
22 316
23 168
24 300
25 27
26 67
27 87
28 89
29 79
30 89
31 514
32 211
33 338
34 235
35 182
36 455
37 246
38 224
39 318
40 55
41 155
42 93
43 458
44 177
45 257
46 40
47 106
48 257
49 97
50 415
51 139
52 337
53 47
54 204
55 34
56 285
57 127
58 263
59 98
60 202
61 35
62 335
63 565
64 91
65 221
66 285
67 34
68 42
69 110
70 448
71 277
72 134
73 91
74 155
75 175
76 20
77 297
78 288
79 296
80 102
81 62
82 61
83 173
84 225
85 463
86 184
87 167
88 257
89 314
90 115
91 194
92 283
93 470
94 223
95 227
96 503
97 191
98 540
99 58
100 148
101 227
102 203
103 253
104 347
105 60
106 167
107 533
108 151
109 484
110 321
111 25
112 53
113 260
114 203
115 220
116 286
117 178
118 81
119 84
120 266
121 230
122 334
123 85
124 71
125 72
126 142
127 402
128 249
129 235
130 161
131 93
132 23
133 157
134 135
135 84
136 389
137 39
138 239
139 24
140 22
141 184
142 255
143 232
144 39
145 153
146 330
147 40
148 139
149 120
150 444
151 352
152 499
153 61
154 342
155 67
156 25
157 381
158 234
159 90
160 161
161 107
162 50
163 280
164 103
165 155
166 126
167 171
168 452
169 127
170 127
171 330
172 134
173 177
174 489
175 328
176 112
177 208
178 294
179 335
180 156
181 211
182 224
183 108
184 194
185 203
186 525
187 31
188 111
189 21
190 90
191 378
192 543
193 259
194 21
195 264
196 479
197 421
198 111
199 77
200 197
201 521
202 63
203 68
204 287
205 152
206 290
207 91
208 196
209 198
210 184
211 212
212 481
213 54
214 206
215 289
216 274
217 234
218 369
219 314
220 64
221 41
222 268
223 106
224 486
225 323
226 34
227 287
228 517
229 168
230 501
231 75
232 38
233 99
234 41
235 363
236 519
237 550
238 220
239 56
240 263
241 451
242 93
243 118
244 164
245 99
246 205
247 117
248 91
249 164
250 507
251 245
252 84
253 317
254 110
255 83
256 201
257 71
258 172
259 494
260 537
261 220
262 210
263 209
264 89
265 339
266 141
267 386
268 144
269 132
270 36
271 544
272 223
273 22
274 222
275 453
276 435
277 152
278 136
279 51
280 49
281 126
282 77
283 96
284 116
285 168
286 180
287 502
288 211
289 443
290 548
291 223
292 466
293 161
294 236
295 295
296 355
297 194
298 182
299 254
300 349
301 113
302 258
303 297
304 108
305 307
306 188
307 183
308 203
309 477
310 138
311 349
312 89
313 41
314 492
315 201
316 132
317 27
318 260
319 222
320 77
321 198
322 471
323 285
324 63
325 534
326 191
327 482
328 488
329 187
330 551
331 72
332 177
333 347
334 178
335 127
336 66
337 448
338 86
339 160
340 554
341 33
342 399
343 29
344 493
345 68
346 460
347 81
348 275
349 140
350 349
351 430
352 87
353 92
354 381
355 97
356 479
357 250
358 405
359 214
360 166
361 184
362 368
363 129
364 206
365 257
366 601
367 178
368 25
369 564
370 486
371 86
372 47
373 26
374 26
375 176
376 175
377 112
378 78
379 89
380 468
381 181
382 135
383 481
384 192
385 512
386 588
387 261
388 192
389 313
390 296
391 489
392 233
393 332
394 37
395 140
396 443
397 170
398 33
399 156
400 75
401 599
402 119
403 25
404 266
405 404
406 383
407 360
408 112
409 524
410 130
411 232
412 180
413 72
414 240
415 74
416 243
417 40
418 110
419 74
420 282
421 510
422 400
423 129
424 317
425 146
426 225
427 179
428 184
429 280
430 112
431 248
432 88
433 105
434 166
435 147
436 169
437 31
438 71
439 578
440 225
441 102
442 479
443 403
444 94
445 139
446 132
447 362
448 43
449 527
450 254
451 80
452 22
453 130
454 296
455 197
456 463
457 112
458 426
459 528
460 187
461 425
462 499
463 273
464 140
465 226
466 551
467 237
468 115
469 408
470 35
471 144
472 119
473 65
474 82
475 40
476 211
477 451
478 148
479 126
480 87
481 88
482 518
483 532
484 411
485 244
486 91
487 247
488 103
489 230
490 587
491 247
492 469
493 261
494 135
495 73
496 52
497 86
498 66
499 466
500 495
501 207
502 47
503 528
504 105
505 66
506 54
507 65
508 74
509 50
510 206
511 243
512 92
513 186
514 464
515 158
516 419
517 58
518 346
519 52
520 57
521 152
522 50
523 252
524 24
525 214
526 136
527 64
528 264
529 396
530 263
531 72
532 186
533 30
534 468
535 22
536 157
537 547
538 88
539 187
540 244
541 492
542 179
543 209
544 147
545 94
546 121
547 25
548 111
549 455
550 104
551 217
552 91
553 114
554 265
555 35
556 130
557 289
558 134
559 530
560 481
561 166
562 196
563 55
564 281
565 57
566 167
567 232
568 347
569 151
570 345
571 455
572 156
573 324
574 122
575 136
576 84
577 132
578 454
579 94
580 599
581 513
582 35
583 99
584 118
585 110
586 480
587 517
588 417
589 109
590 67
591 59
592 57
593 188
594 48
595 53
596 103
597 410
598 182
599 167
600 165
601 112
602 232
603 66
604 130
605 522
606 79
607 114
608 122
609 107
610 128
611 111
612 204
613 476
614 93
615 217
616 274
617 469
618 167
619 504
620 110
621 130
622 332
623 67
624 65
625 164
626 39
627 174
628 121
629 324
630 134
631 28
632 188
633 521
634 533
635 131
636 106
637 259
638 75
639 99
640 129
641 52
642 60
643 365
644 160
645 170
646 359
647 207
648 188
649 128
650 109
651 26
652 562
653 394
654 564
655 182
656 286
657 368
658 86
659 138
660 52
661 91
662 455
663 161
664 180
665 217
666 243
667 231
668 259
669 134
670 152
671 65
672 86
673 82
674 191
675 317
676 232
677 114
678 314
679 38
680 57
681 276
682 219
683 145
684 40
685 542
686 47
687 520
688 253
689 308
690 520
691 424
692 111
693 20
694 180
695 285
696 189
697 166
698 509
699 100
700 52
701 367
702 551
703 42
704 57
705 71
706 130
707 100
708 562
709 58
710 519
711 142
712 422
713 254
714 184
715 418
716 198
717 34
718 76
719 205
720 83
721 57
722 203
723 509
724 41
725 317
726 204
727 202
728 281
729 83
730 127
731 118
732 253
733 109
734 47
735 72
736 49
737 118
738 495
739 166
740 128
741 275
742 141
743 55
744 348
745 224
746 262
747 219
748 239
749 157
750 114

<precedence relations>
1,11
2,12
3,9
4,10
5,18
6,13
6,14
6,15
6,16
6,46
7,13
7,16
7,46
8,13
8,14
8,17
8,19
9,20
10,21
11,22
12,24
13,23
13,25
14,25
15,25
15,26
16,25
16,26
17,27
18,25
18,26
18,46
19,25
19,26
19,27
20,32
21,28
22,29
23,30
24,31
25,31
25,36
25,37
26,31
26,32
26,35
27,33
27,34
27,38
27,47
27,48
28,43
29,41
30,40
31,39
31,42
32,42
32,43
32,45
33,83
34,624
35,141
35,155
36,44
37,47
37,48
37,101
38,42
38,46
39,50
40,51
41,52
42,49
42,53
42,54
42,55
42,56
42,57
43,57
44,55
45,313
46,54
46,85
46,87
46,89
47,53
48,56
48,97
49,58
50,59
51,60
52,63
53,61
53,65
53,69
54,62
54,66
54,67
54,96
55,64
55,66
55,67
56,125
57,68
57,78
58,70
59,77
60,71
61,72
62,73
63,74
64,75
65,76
66,78
66,97
66,109
67,77
67,79
67,99
68,502
68,616
69,80
70,82
71,83
72,83
73,83
74,81
75,85
76,87
77,707
78,86
78,88
78,90
78,110
79,83
80,84
80,89
80,125
81,92
82,93
83,95
83,98
84,91
84,95
85,95
85,96
86,94
86,100
86,101
86,111
87,96
87,97
88,100
88,118
89,99
89,156
89,193
90,161
90,205
91,102
92,103
93,104
94,105
95,109
95,149
96,106
96,107
96,108
96,109
97,107
97,110
97,111
98,106
99,155
100,106
100,116
101,118
102,112
103,115
104,113
105,116
106,114
106,115
106,117
106,126
107,115
107,116
107,136
108,115
108,118
109,150
110,115
111,156
112,119
113,120
114,121
115,122
115,123
115,127
116,122
116,123
116,128
116,140
117,122
117,123
117,124
117,128
118,125
118,126
119,130
120,133
121,132
122,129
122,135
122,138
122,139
122,141
123,131
123,135
123,137
123,141
124,134
124,135
124,136
124,140
124,141
125,135
126,136
126,140
127,613
127,615
127,621
127,627
128,171
128,211
129,143
130,149
131,144
132,146
133,147
134,148
135,142
135,149
135,150
136,145
136,149
136,150
137,282
137,431
139,365
139,388
140,204
140,224
141,594
141,632
142,151
143,153
144,154
145,152
146,153
147,153
148,153
149,156
149,159
150,153
150,154
150,155
150,157
150,158
150,160
150,161
150,162
150,182
151,163
152,165
153,164
153,166
154,167
154,168
154,196
155,166
155,205
156,166
157,170
157,249
158,166
158,167
158,168
159,166
160,565
160,580
161,169
161,171
161,211
162,166
163,172
164,173
165,176
166,174
166,176
166,177
166,178
166,211
167,175
167,176
168,176
169,178
169,189
170,214
170,220
171,176
171,224
172,182
173,179
174,180
175,181
176,184
176,186
176,187
176,188
176,189
177,183
177,194
178,185
178,190
178,368
179,191
180,192
181,193
182,193
183,257
184,456
184,471
185,264
185,276
186,652
186,704
187,195
187,197
188,644
189,194
189,231
190,196
190,313
190,472
190,592
190,618
191,200
192,198
193,199
193,205
194,201
195,202
195,203
195,204
196,230
196,330
196,503
197,201
197,202
198,208
199,209
200,206
201,207
201,212
201,214
201,216
202,210
203,225
203,240
203,282
203,377
204,213
204,215
205,211
205,388
206,217
207,218
208,219
209,219
210,329
210,432
211,224
211,458
212,402
212,519
213,221
213,222
213,223
214,219
215,220
215,225
215,226
216,227
217,228
218,228
219,238
220,232
220,233
221,265
221,563
221,602
222,234
223,616
223,626
223,660
224,229
224,230
225,347
226,231
227,229
228,235
228,284
228,364
229,434
229,673
230,240
230,389
230,390
230,488
231,241
231,243
231,244
231,366
231,431
231,432
232,511
233,239
233,242
234,236
234,237
234,238
235,246
236,245
236,346
237,257
238,247
238,248
239,247
241,281
242,250
242,603
242,629
242,662
243,249
243,342
243,375
243,377
244,262
245,252
246,251
247,253
247,254
247,255
247,257
248,256
248,354
249,355
251,258
252,262
253,260
254,261
255,259
255,263
255,264
255,265
255,368
256,268
256,276
257,262
257,266
257,267
257,316
257,318
258,269
259,270
260,272
261,271
262,274
262,342
262,377
262,386
263,470
263,624
264,277
264,431
265,487
266,671
267,273
267,276
267,348
267,377
268,273
268,275
268,541
269,278
270,280
271,281
272,279
273,288
273,289
273,290
274,284
274,565
275,283
275,287
276,286
276,475
276,691
277,282
277,285
278,291
279,292
280,293
280,294
280,296
280,528
281,298
281,300
282,295
282,303
282,485
282,513
283,313
283,400
284,343
285,297
285,302
286,492
286,639
287,340
287,632
288,299
289,301
290,645
290,662
291,304
292,305
293,307
294,310
295,311
296,312
297,306
297,308
297,315
297,364
298,309
298,327
298,469
298,470
299,313
299,405
299,487
299,554
299,614
300,318
300,541
301,313
301,315
301,420
302,314
302,316
303,317
304,320
305,319
306,322
307,323
308,324
309,326
310,321
311,325
312,327
314,355
314,624
315,330
315,332
315,470
315,564
316,327
316,331
317,328
317,376
318,327
318,329
318,333
319,334
320,336
321,335
322,339
323,340
324,338
325,337
326,339
327,356
327,445
327,564
327,602
328,341
328,344
328,541
328,553
328,630
329,343
329,346
329,348
329,565
330,672
330,719
331,345
331,515
332,347
333,342
333,566
334,349
335,350
336,351
337,352
338,353
339,354
340,532
340,624
340,645
341,642
341,669
342,490
343,358
343,488
343,618
344,629
345,355
345,356
345,608
346,515
347,359
347,421
348,357
349,363
350,361
351,363
352,362
353,363
354,360
354,363
354,369
355,606
356,387
356,503
356,567
357,364
357,367
357,368
358,471
358,491
359,365
359,366
360,370
361,371
362,372
363,375
363,377
364,373
364,376
365,374
365,375
366,530
366,582
367,516
368,485
369,375
369,378
369,379
369,592
370,382
371,380
372,387
373,381
374,384
375,383
375,385
375,390
376,386
376,516
377,389
377,626
378,388
379,435
380,392
381,393
382,396
383,397
384,394
385,398
386,391
386,395
386,400
386,401
386,403
387,401
387,405
388,399
388,402
388,404
389,487
389,489
389,554
390,603
391,406
392,407
393,408
394,409
395,410
396,417
397,412
398,413
399,415
400,411
400,416
400,418
401,414
401,628
401,704
402,421
402,631
402,736
403,419
403,420
403,458
403,669
404,565
404,669
405,433
405,511
406,422
407,431
408,423
409,432
410,433
411,424
412,429
413,426
414,427
415,428
416,425
416,435
417,434
419,528
419,567
420,430
420,704
422,438
423,439
424,441
425,442
426,443
427,440
428,444
429,436
430,437
431,530
431,660
435,445
435,446
435,505
435,543
435,568
436,448
437,449
438,450
439,453
440,455
441,452
442,454
443,456
444,447
444,458
445,451
446,457
447,459
448,460
449,462
450,469
451,463
452,464
453,470
454,465
455,466
456,461
456,468
456,472
456,474
457,467
457,602
457,606
458,471
458,473
458,475
459,476
460,485
461,477
462,478
463,486
464,479
465,487
466,480
467,481
468,482
469,484
469,664
469,672
470,490
470,492
470,505
470,528
471,483
472,661
473,488
473,489
474,491
474,639
476,493
477,494
478,496
479,495
480,501
481,498
482,503
483,499
484,500
485,608
485,645
486,504
486,581
487,530
488,497
488,502
488,617
489,502
489,505
490,501
491,518
492,638
493,512
494,506
495,508
496,507
497,509
498,514
499,515
500,511
501,517
502,510
503,513
503,516
503,518
503,519
505,671
506,521
507,522
508,524
509,528
510,525
511,520
511,568
512,529
512,530
513,523
513,526
513,626
514,637
514,737
515,526
516,614
517,531
517,604
519,527
519,532
520,533
521,535
522,537
523,538
524,542
525,543
526,534
526,539
526,540
526,544
527,536
527,691
529,541
530,643
530,719
531,637
533,545
534,546
535,548
536,547
537,549
538,554
539,551
540,552
541,550
541,668
542,580
543,553
544,737
545,555
546,563
547,565
548,557
549,558
550,559
551,561
552,560
553,556
553,564
553,566
553,567
554,562
554,566
554,568
554,569
554,632
555,575
556,577
557,572
558,579
559,573
560,574
561,570
562,571
562,616
563,580
564,576
564,681
565,582
565,638
566,578
566,581
566,639
567,735
569,631
570,583
571,584
572,585
573,586
574,587
575,589
576,588
577,590
578,591
579,592
580,593
582,594
582,601
583,600
584,595
585,601
586,602
587,603
588,598
589,596
590,597
591,604
592,599
592,608
593,607
593,625
593,735
594,605
594,606
594,640
594,642
594,655
595,609
596,613
597,610
598,611
599,612
600,621
600,638
601,619
602,615
602,618
603,616
604,636
604,691
605,614
606,704
607,617
607,620
607,641
609,624
610,622
611,624
612,624
613,625
613,630
613,632
614,623
615,632
616,627
617,628
618,626
618,629
618,631
621,629
621,630
621,642
622,638
623,633
624,634
624,635
624,643
625,701
627,642
629,640
629,641
629,692
630,639
631,637
631,645
632,636
632,644
633,648
634,649
635,650
636,646
636,651
637,647
637,652
637,749
638,656
639,703
640,654
640,679
642,749
643,741
644,653
644,655
646,657
647,658
648,660
649,660
650,660
651,659
652,664
652,707
652,720
653,661
654,660
654,661
655,706
656,662
656,663
656,736
657,665
658,666
659,667
660,673
660,702
661,724
661,740
662,668
663,670
663,672
664,669
664,671
665,677
666,675
667,674
668,676
670,678
670,682
670,705
671,680
671,681
671,721
672,679
673,677
673,706
674,685
675,683
676,688
677,686
677,687
677,689
677,690
678,684
678,702
681,691
681,705
682,692
683,693
684,694
685,696
686,695
687,698
688,697
689,699
689,703
689,707
690,701
690,705
691,706
692,700
692,702
692,704
693,709
694,710
695,719
696,708
697,714
698,715
699,716
700,711
700,717
700,724
701,712
701,721
702,713
702,739
703,720
703,738
705,718
705,722
705,723
708,726
709,727
710,728
711,729
712,730
713,731
714,735
715,736
716,734
717,733
718,725
718,738
718,739
720,732
720,741
721,740
724,737
725,742
726,748
727,748
728,743
729,744
730,749
731,748
732,745
733,746
734,747
738,750

<end>
