<number of tasks>
750

<cycle time>
1000

<order strength>
0.896


<task times>
1 113
2 178
3 66
4 212
5 187
6 85
7 41
8 106
9 272
10 238
11 39
12 133
13 100
14 163
15 218
16 96
17 143
18 240
19 262
20 292
21 248
22 65
23 129
24 217
25 28
26 103
27 283
28 114
29 93
30 143
31 93
32 89
33 68
34 76
35 27
36 145
37 115
38 79
39 167
40 95
41 22
42 253
43 108
44 147
45 122
46 186
47 20
48 43
49 30
50 262
51 22
52 182
53 113
54 132
55 152
56 41
57 111
58 203
59 208
60 249
61 56
62 33
63 159
64 297
65 77
66 76
67 25
68 45
69 63
70 97
71 83
72 50
73 79
74 101
75 26
76 107
77 30
78 23
79 200
80 61
81 68
82 128
83 78
84 103
85 163
86 159
87 259
88 317
89 303
90 68
91 127
92 101
93 96
94 44
95 44
96 86
97 93
98 48
99 229
100 169
101 37
102 112
103 136
104 59
105 179
106 127
107 213
108 372
109 112
110 33
111 254
112 103
113 218
114 91
115 50
116 101
117 219
118 94
119 151
120 211
121 161
122 51
123 221
124 178
125 162
126 131
127 165
128 112
129 109
130 225
131 194
132 181
133 93
134 59
135 102
136 50
137 34
138 247
139 102
140 78
141 94
142 210
143 298
144 238
145 29
146 150
147 193
148 125
149 225
150 129
151 64
152 145
153 92
154 126
155 119
156 244
157 142
158 197
159 93
160 122
161 268
162 127
163 276
164 204
165 98
166 76
167 115
168 47
169 165
170 248
171 22
172 173
173 170
174 200
175 87
176 204
177 243
178 304
179 119
180 94
181 154
182 74
183 147
184 97
185 123
186 69
187 105
188 161
189 123
190 135
191 61
192 97
193 244
194 142
195 225
196 262
197 172
198 43
199 138
200 142
201 61
202 200
203 218
204 76
205 207
206 114
207 96
208 38
209 137
210 116
211 30
212 129
213 184
214 37
215 181
216 151
217 217
218 88
219 228
220 101
221 101
222 139
223 109
224 238
225 144
226 27
227 392
228 287
229 112
230 289
231 212
232 113
233 121
234 110
235 153
236 256
237 145
238 41
239 71
240 54
241 232
242 30
243 233
244 128
245 218
246 26
247 36
248 177
249 130
250 75
251 86
252 180
253 134
254 189
255 97
256 250
257 51
258 257
259 187
260 243
261 112
262 179
263 33
264 263
265 143
266 241
267 21
268 30
269 93
270 30
271 357
272 190
273 146
274 28
275 54
276 86
277 98
278 104
279 200
280 67
281 21
282 76
283 100
284 192
285 290
286 179
287 68
288 293
289 23
290 283
291 109
292 24
293 28
294 58
295 224
296 165
297 228
298 136
299 201
300 240
301 174
302 173
303 71
304 223
305 91
306 56
307 152
308 24
309 109
310 64
311 140
312 117
313 45
314 90
315 228
316 116
317 74
318 241
319 33
320 219
321 185
322 48
323 45
324 285
325 196
326 48
327 39
328 53
329 285
330 88
331 182
332 161
333 262
334 74
335 162
336 206
337 154
338 173
339 90
340 181
341 126
342 187
343 204
344 248
345 128
346 30
347 66
348 199
349 201
350 117
351 233
352 114
353 88
354 39
355 30
356 48
357 74
358 103
359 197
360 302
361 78
362 206
363 79
364 70
365 46
366 37
367 87
368 246
369 143
370 132
371 234
372 45
373 125
374 212
375 60
376 21
377 202
378 100
379 123
380 204
381 27
382 198
383 164
384 90
385 80
386 251
387 112
388 302
389 77
390 71
391 48
392 129
393 188
394 127
395 258
396 35
397 123
398 177
399 228
400 57
401 135
402 203
403 50
404 85
405 44
406 95
407 54
408 193
409 228
410 97
411 170
412 282
413 60
414 189
415 249
416 202
417 218
418 111
419 64
420 174
421 209
422 121
423 45
424 68
425 31
426 72
427 115
428 127
429 214
430 62
431 112
432 67
433 49
434 259
435 189
436 81
437 242
438 256
439 217
440 52
441 239
442 55
443 49
444 108
445 125
446 216
447 222
448 223
449 234
450 106
451 256
452 108
453 144
454 201
455 97
456 59
457 24
458 267
459 71
460 186
461 193
462 31
463 174
464 118
465 33
466 125
467 223
468 122
469 149
470 338
471 195
472 200
473 150
474 158
475 181
476 90
477 148
478 246
479 211
480 38
481 155
482 93
483 117
484 63
485 109
486 236
487 445
488 149
489 117
490 81
491 56
492 162
493 212
494 113
495 105
496 185
497 78
498 127
499 49
500 59
501 333
502 251
503 137
504 120
505 33
506 70
507 175
508 172
509 33
510 104
511 145
512 25
513 186
514 157
515 112
516 114
517 146
518 194
519 132
520 144
521 52
522 178
523 69
524 261
525 214
526 152
527 89
528 95
529 73
530 95
531 119
532 48
533 46
534 154
535 94
536 217
537 77
538 197
539 146
540 165
541 42
542 286
543 211
544 70
545 61
546 27
547 289
548 121
549 160
550 124
551 171
552 120
553 89
554 106
555 262
556 208
557 111
558 78
559 70
560 155
561 210
562 171
563 84
564 106
565 63
566 159
567 189
568 38
569 152
570 223
571 197
572 281
573 41
574 282
575 192
576 185
577 73
578 377
579 173
580 143
581 86
582 114
583 136
584 127
585 188
586 33
587 201
588 138
589 82
590 109
591 86
592 157
593 227
594 125
595 178
596 140
597 33
598 202
599 164
600 141
601 261
602 170
603 263
604 205
605 104
606 56
607 73
608 51
609 211
610 303
611 90
612 290
613 135
614 235
615 95
616 84
617 138
618 272
619 178
620 169
621 102
622 133
623 80
624 193
625 186
626 228
627 31
628 106
629 53
630 98
631 119
632 141
633 81
634 161
635 154
636 255
637 64
638 80
639 137
640 37
641 180
642 155
643 63
644 104
645 36
646 57
647 101
648 113
649 178
650 123
651 110
652 177
653 37
654 187
655 75
656 105
657 213
658 89
659 45
660 93
661 26
662 140
663 23
664 164
665 318
666 34
667 138
668 161
669 114
670 39
671 82
672 228
673 69
674 134
675 79
676 278
677 21
678 48
679 111
680 33
681 139
682 339
683 188
684 164
685 221
686 187
687 38
688 107
689 229
690 237
691 122
692 177
693 71
694 193
695 189
696 118
697 235
698 158
699 152
700 168
701 27
702 146
703 151
704 255
705 302
706 81
707 176
708 52
709 184
710 103
711 104
712 115
713 306
714 147
715 79
716 27
717 358
718 215
719 82
720 149
721 105
722 181
723 47
724 187
725 27
726 69
727 188
728 158
729 155
730 182
731 74
732 137
733 238
734 51
735 56
736 172
737 75
738 68
739 83
740 177
741 65
742 90
743 166
744 356
745 21
746 55
747 171
748 203
749 199
750 158

<precedence relations>
1,9
1,10
1,11
2,6
2,7
2,8
2,9
2,11
3,6
3,7
4,6
4,7
4,8
4,9
4,10
5,168
5,175
6,12
6,13
6,14
7,14
8,12
8,13
8,14
8,15
9,12
9,13
9,14
9,15
10,12
10,13
10,14
10,15
11,12
11,13
11,14
11,15
12,16
12,17
12,18
12,19
12,20
13,16
13,17
13,18
13,19
13,20
14,16
14,18
14,19
14,20
15,16
15,17
15,18
15,19
15,20
16,21
16,22
16,23
16,24
16,25
16,26
17,21
17,22
17,23
17,24
17,25
17,26
18,21
18,22
18,23
18,24
18,25
18,26
19,21
19,22
19,23
19,24
19,25
19,26
20,21
20,22
20,23
20,26
21,27
21,29
22,122
22,138
23,27
23,28
23,29
24,27
24,28
24,29
25,27
25,28
25,29
26,27
26,28
27,30
27,31
27,32
27,33
27,34
27,35
27,36
27,37
27,38
28,30
28,31
28,32
28,33
28,34
28,35
29,30
29,31
29,32
29,33
29,34
29,36
29,37
29,38
30,134
31,39
31,41
31,42
32,39
32,40
32,41
32,42
33,39
33,40
33,41
33,42
34,39
34,40
34,41
34,42
35,39
35,40
35,41
35,42
36,39
36,40
36,41
36,42
37,39
37,40
37,41
37,42
38,39
38,40
38,41
38,42
39,43
39,44
39,45
39,46
39,47
40,43
40,44
40,45
40,46
40,47
41,43
41,44
41,45
41,46
41,47
42,43
42,44
42,45
42,46
42,47
43,48
43,49
43,50
43,51
43,52
44,48
44,49
44,50
44,51
44,52
45,48
45,49
45,50
45,51
45,52
46,48
46,49
46,50
46,51
46,52
47,48
47,49
47,50
47,51
47,52
48,53
48,54
48,55
48,56
49,53
49,54
49,55
49,56
50,53
50,54
50,55
50,56
51,53
51,54
51,55
51,56
52,53
52,54
52,55
52,56
53,57
53,58
53,59
53,60
53,61
54,57
54,58
54,59
54,60
54,61
54,62
55,57
55,59
55,62
55,66
56,57
56,58
56,59
56,60
56,61
56,62
57,63
57,64
57,78
58,63
58,64
58,65
58,66
59,65
60,63
60,64
60,65
60,66
60,67
60,68
60,69
60,70
61,63
61,64
61,65
61,66
61,67
61,68
61,69
61,70
62,63
62,64
62,65
62,70
63,71
63,72
63,73
63,74
63,75
63,76
64,79
64,94
65,75
65,77
66,71
66,72
67,71
67,73
67,78
67,85
68,71
68,72
68,73
68,74
68,75
68,76
68,77
68,78
69,71
69,72
69,73
69,78
70,71
70,72
70,73
70,74
70,75
70,86
71,79
71,84
71,94
72,79
72,80
72,81
72,82
72,83
73,79
73,80
73,81
73,82
73,83
74,81
75,79
75,80
75,81
75,82
76,79
76,80
76,81
76,82
76,83
76,85
77,79
77,80
77,81
77,82
77,83
78,79
78,86
78,93
78,94
79,87
79,88
79,90
80,87
80,88
80,93
80,94
81,92
81,93
81,98
82,87
82,88
83,87
83,88
83,89
83,90
83,91
83,93
84,128
85,87
85,91
85,92
85,93
85,94
86,87
86,88
87,95
87,96
87,97
87,98
87,99
88,95
88,96
88,97
88,98
88,99
89,95
89,96
89,98
89,99
90,95
90,96
91,95
91,96
91,97
92,95
92,99
93,95
94,95
94,96
94,97
94,98
94,99
95,100
95,101
95,102
95,103
95,104
95,105
95,106
95,107
96,100
96,101
96,102
96,103
96,107
97,100
97,101
97,103
97,104
97,107
98,100
98,101
99,100
99,101
99,102
99,103
99,106
100,109
100,110
101,108
101,109
101,110
101,111
101,112
101,113
101,114
101,115
102,108
102,109
102,110
103,108
104,112
104,116
104,131
105,108
105,109
105,110
105,111
105,113
105,128
105,129
106,111
106,114
107,133
107,136
107,144
108,116
108,117
108,119
109,116
109,117
109,118
110,116
110,117
110,118
111,116
111,117
111,118
112,312
113,116
113,117
113,138
114,116
114,117
114,118
114,119
114,120
114,122
115,116
115,117
115,118
115,119
115,121
116,123
116,124
116,125
116,126
117,123
117,124
117,125
117,126
118,130
119,123
119,124
119,125
119,130
119,131
120,123
120,124
120,125
120,128
120,129
120,138
121,123
121,138
122,123
122,124
122,125
122,127
123,132
123,133
123,134
123,137
123,143
124,132
124,133
124,134
124,136
125,135
126,132
126,133
126,134
126,135
127,132
127,133
127,134
127,135
128,132
128,133
129,132
129,133
130,132
130,133
130,144
131,132
131,133
131,138
132,139
133,139
133,140
133,141
133,145
133,146
134,139
134,140
134,141
134,142
134,144
134,146
135,139
135,140
135,141
135,142
135,143
135,145
136,139
136,140
136,141
136,142
136,146
137,189
137,191
138,143
139,147
139,148
139,149
139,150
139,151
139,152
139,153
139,154
140,147
140,148
140,149
140,150
140,157
141,147
141,154
142,151
142,154
143,147
143,148
143,149
143,150
143,151
143,152
143,153
143,154
144,147
144,160
145,147
145,148
145,149
145,153
146,147
146,148
146,149
146,150
146,151
146,152
146,153
146,154
147,156
147,161
148,155
148,164
148,179
149,155
149,156
150,155
150,156
150,158
150,159
150,160
150,161
151,155
151,156
151,157
151,158
151,159
151,160
151,161
152,155
152,156
152,157
152,158
152,159
152,160
153,155
153,179
154,155
154,156
154,157
154,158
154,159
154,161
155,163
155,181
156,162
156,163
156,164
157,162
157,163
157,164
158,162
158,163
158,164
159,162
159,164
160,162
160,163
160,164
161,162
161,163
161,164
162,165
162,166
162,167
162,168
162,170
162,171
163,167
163,169
164,165
164,166
164,167
165,172
166,180
167,172
167,176
167,182
168,172
168,176
168,179
168,181
168,182
169,198
169,212
170,172
170,173
170,174
170,175
171,408
171,425
172,177
172,178
172,180
172,183
173,177
173,178
173,179
173,189
174,255
175,177
175,178
175,179
175,180
175,181
175,182
175,183
176,177
176,188
176,189
177,184
177,185
177,186
177,190
177,191
178,184
178,185
178,188
179,184
180,189
180,190
180,191
181,184
181,185
181,186
181,187
181,188
181,189
181,190
181,191
182,184
182,185
182,186
182,189
182,191
183,186
183,187
183,188
183,189
183,190
183,191
184,192
184,193
185,192
185,193
186,192
186,193
187,192
187,193
188,192
188,193
189,192
189,193
190,192
190,193
191,192
191,193
192,194
192,195
192,196
193,194
193,195
193,196
194,197
194,198
194,199
194,200
194,201
194,202
194,203
195,197
195,198
195,199
195,200
195,201
195,202
195,203
196,197
196,198
196,199
197,204
197,205
197,206
197,207
198,204
198,218
199,204
199,205
199,206
199,207
200,204
200,205
200,206
200,207
201,204
201,205
201,206
201,207
202,204
202,205
202,206
202,207
203,204
203,205
203,206
203,207
204,208
204,209
204,213
205,208
205,209
205,210
205,211
205,212
205,213
206,281
207,208
207,209
208,214
208,215
208,219
208,225
209,214
209,215
209,216
209,224
210,214
210,218
211,272
212,214
212,215
212,216
212,217
213,214
213,217
214,220
214,223
215,220
215,221
216,220
216,223
217,220
217,222
218,220
218,221
218,222
218,224
218,225
219,326
220,226
220,229
221,226
221,227
221,228
221,229
221,230
222,226
222,230
223,226
223,227
223,228
223,229
224,226
224,290
224,296
224,297
224,298
225,257
225,266
226,231
227,231
227,232
227,233
227,234
227,237
228,231
228,232
229,231
229,320
230,231
230,232
230,233
230,235
230,236
231,238
231,246
231,315
231,322
231,340
232,238
232,342
232,343
232,344
233,238
233,243
233,244
234,238
234,239
234,245
235,241
235,258
236,238
236,240
237,238
237,239
237,240
237,242
237,244
238,331
239,247
239,265
240,246
240,250
240,252
241,246
241,248
241,251
241,253
242,246
242,247
242,248
242,252
243,246
243,247
243,248
244,246
244,247
244,248
244,249
244,250
244,251
244,254
245,293
246,384
247,290
248,264
249,506
250,266
250,277
251,255
251,256
251,257
251,261
251,263
252,265
253,255
253,256
254,257
254,258
255,265
255,282
256,259
256,266
257,259
257,260
257,262
257,264
258,261
258,263
259,268
259,298
259,301
260,267
260,269
260,272
261,267
261,268
261,269
261,277
262,267
262,268
262,270
263,274
264,267
264,268
264,273
265,267
265,284
266,267
266,271
266,282
266,284
267,274
267,275
267,276
268,286
268,321
269,274
269,286
270,274
270,277
271,274
272,312
273,274
273,275
273,276
273,284
274,278
274,279
274,280
274,281
275,278
275,279
275,280
275,283
276,281
276,285
276,286
277,278
277,282
277,284
277,295
278,287
278,288
278,291
279,287
279,288
279,289
280,290
281,288
282,289
283,287
283,288
284,287
284,302
286,340
286,351
287,292
287,296
287,298
288,292
288,293
288,294
288,297
289,416
289,456
290,292
290,293
290,294
290,295
291,506
291,544
292,299
292,301
292,303
293,299
293,300
294,299
294,300
294,301
294,302
294,303
295,299
295,300
295,301
295,302
295,303
296,383
297,299
297,300
297,301
298,299
298,336
299,304
299,305
300,304
300,305
300,306
300,307
301,304
301,306
301,307
302,305
303,304
303,305
304,311
304,312
305,308
305,309
305,310
305,313
305,315
306,308
306,314
307,308
307,309
307,310
307,311
307,316
308,319
308,408
309,317
309,341
310,317
310,318
310,322
311,317
311,318
311,319
311,320
311,321
311,323
312,317
312,318
312,319
312,320
313,317
313,318
313,319
313,320
314,317
314,318
314,341
315,317
315,318
315,341
316,321
316,324
317,325
318,327
318,331
319,404
320,326
320,332
321,325
321,326
321,327
322,327
322,329
322,385
323,368
323,415
323,432
324,325
324,328
324,330
325,334
326,333
326,334
327,508
328,335
328,336
329,423
329,443
329,459
330,498
331,395
332,333
332,334
332,335
333,337
334,337
334,338
335,338
335,339
335,340
335,341
336,443
336,459
337,342
337,343
337,344
338,342
338,343
338,344
339,342
339,343
340,343
341,342
342,345
342,346
342,347
343,347
343,364
344,345
344,346
344,347
345,348
345,349
345,350
345,351
345,352
345,355
346,354
347,348
347,349
347,350
347,353
348,356
349,358
349,360
350,414
351,432
351,440
352,356
353,356
353,357
353,372
354,356
354,357
354,358
354,367
355,356
355,357
355,359
356,361
356,363
356,380
357,361
357,362
357,363
357,365
358,361
359,361
359,364
360,363
360,366
360,367
361,375
361,381
362,368
362,369
362,385
362,389
363,374
363,407
364,368
364,372
364,375
365,373
365,425
365,445
366,368
366,371
367,368
367,369
367,370
367,371
367,372
368,568
369,376
369,377
369,379
370,381
370,394
371,376
371,380
372,376
372,378
373,577
373,609
374,381
375,376
375,377
376,382
376,383
377,387
377,419
378,385
378,394
379,383
379,386
379,388
379,404
380,389
381,382
381,383
381,384
381,404
382,392
382,393
382,395
383,390
383,391
383,396
384,390
385,390
386,475
387,394
388,704
389,392
389,398
390,397
390,398
391,397
391,398
392,399
392,400
393,397
393,398
393,402
393,403
394,401
394,404
395,397
395,398
396,397
396,418
396,419
397,405
397,408
397,412
398,405
398,409
398,410
399,664
399,680
400,405
400,411
400,418
401,405
401,406
401,407
401,408
402,406
403,405
403,409
404,452
404,496
404,511
405,413
405,414
405,415
405,416
405,425
406,413
407,416
407,417
407,418
408,413
408,438
409,417
409,418
410,413
410,419
411,413
411,414
411,419
411,423
412,413
412,414
412,423
412,425
413,421
413,422
413,424
413,426
414,420
414,421
414,422
415,420
415,421
416,488
416,512
417,423
417,521
418,420
418,421
419,420
419,425
420,428
420,430
420,431
421,427
421,445
422,489
422,499
423,452
423,585
423,647
423,650
424,432
424,440
425,427
426,427
426,428
426,429
427,433
427,434
427,435
428,433
428,434
428,435
428,437
428,439
428,440
429,451
429,452
429,459
430,438
431,433
431,434
431,435
431,436
432,433
432,434
432,435
432,436
432,445
433,441
434,441
434,444
434,451
435,441
435,442
435,443
436,441
437,441
437,442
438,441
439,445
439,517
439,542
440,441
440,446
441,447
441,449
441,452
442,446
442,447
442,448
442,449
442,450
442,451
443,451
444,446
444,449
444,450
444,456
444,457
445,496
445,544
446,465
446,513
447,453
448,456
449,455
449,462
449,468
450,453
450,454
450,455
450,458
450,459
451,453
451,454
451,455
451,456
451,457
452,690
453,462
453,463
454,502
454,512
455,460
455,461
455,464
455,480
455,489
456,460
456,461
456,462
457,460
458,460
458,470
459,598
460,514
461,558
462,466
463,465
463,467
463,468
463,469
463,470
464,465
465,491
466,473
466,474
466,484
467,471
467,472
468,683
469,472
470,475
470,486
471,544
471,583
471,608
472,477
472,478
472,479
473,487
473,494
474,476
475,480
475,481
476,480
476,481
476,485
476,486
477,480
477,481
477,485
477,486
478,483
478,570
478,573
479,480
479,482
479,484
480,487
480,488
481,489
481,505
482,516
482,577
484,489
485,487
485,491
486,487
486,488
486,489
487,492
488,490
488,491
488,493
489,490
489,496
490,494
490,495
490,497
490,498
491,496
491,499
491,501
492,495
492,500
493,507
494,621
495,504
496,506
497,502
497,517
497,519
498,502
498,503
498,519
499,575
500,505
501,502
501,503
501,507
502,511
503,559
503,650
504,508
504,513
505,508
505,509
505,510
505,512
506,508
506,545
507,509
507,510
507,518
508,514
508,535
509,514
509,515
510,514
510,517
510,519
511,514
511,515
511,516
511,518
512,597
513,653
514,520
515,520
515,521
516,571
516,578
517,652
517,679
517,706
517,717
517,742
518,521
519,537
519,563
519,603
520,522
520,524
521,523
521,525
521,526
522,531
522,576
523,530
523,531
523,532
523,533
525,527
525,529
525,541
526,528
526,583
526,599
527,534
527,545
527,608
528,534
528,612
529,624
529,718
530,537
530,538
531,538
531,548
532,536
533,535
534,587
534,600
534,616
535,539
535,540
535,543
536,542
536,544
536,545
537,686
538,541
539,546
539,549
539,550
539,552
540,547
540,548
540,551
540,576
541,546
542,750
543,550
544,701
545,704
546,567
547,553
548,555
548,572
549,645
550,553
552,554
553,559
553,560
553,561
554,556
554,557
554,562
555,558
555,559
556,565
556,700
557,567
558,563
558,566
558,568
560,611
560,720
561,567
562,563
562,564
562,612
563,575
564,573
564,574
564,576
565,572
565,623
566,570
566,571
567,569
567,605
568,569
569,579
570,687
571,627
571,640
571,648
572,670
573,578
574,624
574,630
575,577
575,578
576,692
576,726
578,580
578,582
578,583
578,584
578,586
578,587
579,581
579,582
579,585
580,589
580,676
581,588
581,594
581,595
582,590
582,630
582,641
583,696
583,708
583,742
584,652
586,591
586,592
586,593
587,596
587,597
588,603
590,684
592,710
593,600
594,598
594,599
595,654
596,653
596,696
596,706
596,714
597,601
597,602
598,607
598,680
599,608
599,629
600,604
601,605
601,606
601,609
601,633
602,604
603,604
603,690
604,614
605,610
605,611
605,615
606,613
606,623
606,643
606,697
607,612
608,639
608,646
609,649
610,618
610,621
610,624
610,675
610,676
611,619
611,628
612,616
612,623
612,727
613,625
613,658
614,620
614,622
615,617
615,671
615,707
616,651
616,693
618,630
618,681
619,629
619,631
619,632
619,725
620,636
620,692
620,742
621,663
622,626
622,653
623,627
623,647
624,628
624,719
625,698
626,633
626,634
626,637
626,675
627,635
628,639
629,641
629,682
629,714
630,636
630,640
631,638
633,642
634,749
635,641
635,724
635,738
637,644
637,687
638,646
638,717
639,643
640,645
640,647
640,706
641,649
641,658
641,669
642,648
642,650
642,651
643,652
643,713
644,700
645,651
645,656
645,657
645,695
646,654
647,653
647,655
647,720
647,743
648,685
649,729
650,660
651,663
654,662
655,728
656,659
658,661
658,671
658,746
659,668
659,691
659,709
660,665
661,666
661,737
661,742
662,667
662,669
662,742
662,744
663,664
664,670
665,671
665,672
666,750
667,673
668,674
668,697
669,696
669,729
670,678
672,676
673,675
673,677
674,692
675,693
676,680
676,684
676,692
677,681
678,679
678,682
678,683
678,707
679,685
679,716
680,689
680,691
681,687
681,690
682,723
683,728
683,729
684,686
684,688
684,727
684,744
685,708
686,693
687,692
687,706
689,717
690,695
691,694
692,698
692,735
693,696
693,699
693,700
693,716
694,697
695,705
696,702
697,701
697,703
697,704
700,705
700,706
701,708
704,707
704,708
704,710
704,711
704,712
705,709
707,713
707,716
707,720
708,718
708,728
709,714
709,715
711,717
712,718
712,719
713,725
715,733
716,723
717,722
717,724
718,721
719,726
722,729
722,738
723,728
725,730
725,731
726,727
727,737
728,736
729,732
730,734
730,735
730,738
731,733
731,743
732,741
733,739
733,740
734,742
734,744
735,743
736,750
737,745
738,746
740,750
742,747
742,748
742,749

<end>
