<number of tasks>
750

<cycle time>
1000

<order strength>
0.278


<task times>
1 748
2 580
3 425
4 509
5 797
6 515
7 344
8 263
9 710
10 369
11 525
12 495
13 491
14 408
15 468
16 408
17 505
18 342
19 339
20 368
21 407
22 493
23 673
24 471
25 615
26 683
27 330
28 412
29 315
30 491
31 298
32 595
33 465
34 609
35 512
36 502
37 419
38 491
39 476
40 559
41 860
42 374
43 620
44 153
45 356
46 285
47 571
48 350
49 552
50 442
51 594
52 399
53 661
54 430
55 380
56 476
57 693
58 363
59 409
60 513
61 407
62 568
63 630
64 538
65 737
66 593
67 515
68 288
69 433
70 699
71 600
72 743
73 402
74 526
75 335
76 311
77 394
78 543
79 601
80 743
81 617
82 615
83 623
84 633
85 498
86 555
87 682
88 277
89 545
90 458
91 640
92 425
93 503
94 408
95 609
96 476
97 439
98 416
99 308
100 573
101 489
102 322
103 680
104 338
105 307
106 375
107 517
108 541
109 573
110 380
111 473
112 381
113 715
114 510
115 467
116 276
117 474
118 556
119 413
120 417
121 472
122 526
123 516
124 661
125 360
126 452
127 751
128 153
129 507
130 380
131 528
132 530
133 636
134 506
135 525
136 320
137 379
138 511
139 444
140 587
141 475
142 425
143 411
144 347
145 431
146 352
147 389
148 568
149 429
150 653
151 572
152 634
153 398
154 620
155 442
156 564
157 394
158 449
159 358
160 485
161 476
162 360
163 344
164 322
165 483
166 505
167 414
168 423
169 341
170 395
171 557
172 597
173 477
174 458
175 397
176 453
177 729
178 574
179 657
180 521
181 530
182 426
183 277
184 521
185 543
186 630
187 691
188 475
189 759
190 588
191 374
192 566
193 356
194 534
195 621
196 604
197 384
198 483
199 574
200 526
201 275
202 606
203 314
204 426
205 459
206 422
207 435
208 471
209 337
210 360
211 656
212 481
213 416
214 552
215 409
216 386
217 307
218 434
219 749
220 574
221 461
222 468
223 614
224 469
225 382
226 422
227 773
228 621
229 330
230 679
231 530
232 547
233 523
234 701
235 573
236 428
237 580
238 565
239 364
240 480
241 356
242 559
243 572
244 219
245 389
246 483
247 547
248 556
249 514
250 612
251 483
252 463
253 500
254 545
255 795
256 600
257 613
258 611
259 543
260 598
261 575
262 531
263 692
264 693
265 460
266 513
267 495
268 321
269 551
270 629
271 500
272 410
273 285
274 587
275 502
276 518
277 572
278 397
279 469
280 390
281 584
282 375
283 491
284 644
285 507
286 559
287 377
288 241
289 344
290 710
291 330
292 352
293 488
294 413
295 571
296 360
297 685
298 731
299 346
300 506
301 646
302 368
303 499
304 699
305 574
306 524
307 522
308 726
309 206
310 522
311 396
312 211
313 503
314 472
315 765
316 494
317 423
318 493
319 414
320 699
321 211
322 558
323 479
324 446
325 390
326 538
327 375
328 559
329 572
330 705
331 568
332 525
333 751
334 523
335 421
336 783
337 462
338 650
339 272
340 408
341 390
342 388
343 566
344 508
345 395
346 551
347 557
348 456
349 442
350 313
351 268
352 585
353 532
354 465
355 719
356 351
357 419
358 556
359 469
360 389
361 789
362 601
363 369
364 303
365 573
366 358
367 326
368 456
369 324
370 736
371 585
372 697
373 865
374 738
375 529
376 312
377 456
378 464
379 484
380 714
381 323
382 529
383 495
384 452
385 548
386 560
387 565
388 517
389 484
390 606
391 596
392 662
393 444
394 662
395 453
396 477
397 464
398 480
399 601
400 547
401 746
402 572
403 367
404 383
405 553
406 451
407 651
408 346
409 353
410 698
411 552
412 694
413 528
414 354
415 485
416 432
417 139
418 334
419 647
420 481
421 640
422 561
423 514
424 423
425 533
426 593
427 337
428 553
429 450
430 643
431 487
432 362
433 277
434 417
435 515
436 535
437 311
438 322
439 370
440 404
441 492
442 329
443 647
444 584
445 556
446 273
447 566
448 503
449 437
450 396
451 456
452 569
453 595
454 577
455 499
456 295
457 572
458 596
459 572
460 648
461 329
462 519
463 532
464 513
465 558
466 466
467 433
468 395
469 515
470 497
471 472
472 384
473 471
474 434
475 390
476 565
477 531
478 627
479 495
480 466
481 500
482 366
483 682
484 548
485 616
486 527
487 660
488 514
489 542
490 298
491 544
492 476
493 434
494 326
495 426
496 521
497 553
498 683
499 553
500 546
501 702
502 648
503 558
504 279
505 482
506 180
507 685
508 585
509 405
510 469
511 524
512 366
513 519
514 546
515 497
516 575
517 493
518 621
519 441
520 384
521 583
522 507
523 705
524 371
525 406
526 487
527 804
528 477
529 500
530 440
531 388
532 485
533 815
534 403
535 458
536 534
537 500
538 603
539 536
540 556
541 458
542 494
543 597
544 616
545 522
546 444
547 538
548 572
549 564
550 646
551 399
552 393
553 372
554 338
555 375
556 677
557 449
558 547
559 520
560 493
561 385
562 289
563 603
564 398
565 437
566 576
567 608
568 627
569 513
570 636
571 658
572 445
573 279
574 483
575 507
576 572
577 685
578 480
579 542
580 459
581 519
582 470
583 540
584 383
585 602
586 611
587 390
588 457
589 655
590 311
591 588
592 535
593 772
594 369
595 561
596 335
597 451
598 391
599 383
600 454
601 400
602 492
603 482
604 444
605 262
606 507
607 818
608 586
609 354
610 671
611 483
612 541
613 355
614 707
615 373
616 497
617 483
618 409
619 653
620 509
621 434
622 632
623 376
624 503
625 426
626 620
627 201
628 314
629 421
630 545
631 594
632 332
633 469
634 444
635 271
636 600
637 302
638 507
639 460
640 626
641 564
642 503
643 287
644 705
645 657
646 355
647 464
648 627
649 384
650 589
651 745
652 384
653 321
654 575
655 568
656 584
657 457
658 492
659 412
660 508
661 588
662 398
663 481
664 380
665 547
666 493
667 628
668 534
669 406
670 647
671 577
672 646
673 588
674 542
675 585
676 460
677 447
678 156
679 591
680 490
681 806
682 428
683 525
684 496
685 178
686 534
687 385
688 571
689 490
690 640
691 469
692 390
693 402
694 441
695 317
696 689
697 499
698 440
699 308
700 550
701 474
702 604
703 575
704 674
705 314
706 734
707 469
708 522
709 432
710 543
711 530
712 559
713 529
714 237
715 549
716 464
717 446
718 647
719 413
720 587
721 354
722 565
723 597
724 626
725 613
726 335
727 367
728 256
729 414
730 419
731 272
732 533
733 364
734 436
735 578
736 602
737 621
738 466
739 472
740 497
741 388
742 512
743 390
744 661
745 449
746 726
747 790
748 553
749 305
750 437

<precedence relations>
1,532
2,178
3,178
4,43
5,43
6,43
7,405
8,285
9,285
10,285
11,27
12,28
13,18
13,19
13,22
13,29
13,34
13,36
14,20
14,26
14,32
14,33
15,21
15,23
15,25
16,17
16,24
16,30
16,31
16,35
17,372
18,470
19,178
20,178
21,178
22,178
23,43
24,43
25,285
26,259
27,51
28,37
29,48
30,41
30,47
30,50
31,49
31,52
32,54
32,55
34,38
35,39
35,40
35,42
35,44
35,45
35,46
35,56
36,53
37,254
38,373
39,373
40,373
41,178
42,178
43,62
43,64
43,65
43,66
43,67
43,68
43,69
43,70
44,285
45,285
46,225
47,76
48,75
49,77
50,78
51,71
52,59
52,60
53,58
54,57
54,61
54,73
54,79
54,83
55,63
55,72
56,74
56,80
56,81
56,82
57,178
58,178
59,178
60,178
61,178
62,178
63,178
64,285
65,89
65,90
67,97
68,86
68,92
69,85
69,99
71,205
72,285
73,285
74,259
75,95
76,96
77,84
78,84
79,98
81,87
82,88
82,91
82,93
83,94
84,254
85,373
86,687
87,178
88,178
89,178
90,326
91,732
92,205
93,490
94,285
95,110
96,100
97,106
97,109
97,113
97,115
98,102
98,103
98,104
98,105
98,107
98,111
98,116
99,101
99,108
99,112
99,114
100,254
101,254
102,254
103,178
104,178
105,326
106,732
107,285
108,285
109,130
110,127
111,120
112,123
112,125
113,117
113,121
113,129
114,126
114,128
114,132
115,118
115,119
115,124
116,122
116,131
117,254
118,254
119,532
120,178
121,178
122,178
123,178
124,178
125,205
126,405
127,285
128,285
129,259
130,146
131,134
131,135
131,136
131,137
131,140
131,145
131,147
131,148
131,150
131,151
131,152
132,133
132,138
132,139
132,141
132,142
132,143
132,144
132,149
132,153
133,254
134,254
135,687
136,687
137,178
138,178
139,326
140,490
141,490
142,405
143,556
144,225
145,259
146,154
147,165
148,166
149,156
149,158
149,163
149,164
149,170
149,171
150,159
150,160
150,162
150,167
150,168
151,155
151,157
151,161
151,169
152,172
153,173
154,254
155,373
156,532
157,687
158,178
159,178
160,205
161,285
162,285
163,225
164,183
165,184
166,182
167,187
168,179
168,180
168,181
168,185
168,186
168,189
170,176
171,177
171,191
171,192
172,174
172,188
172,193
173,175
173,190
174,372
175,254
176,254
177,470
178,196
178,198
178,199
178,200
178,201
178,202
178,203
178,204
179,205
180,490
181,259
182,208
183,194
184,209
185,210
186,211
187,213
188,195
188,197
188,207
189,212
191,214
193,206
194,685
195,372
196,254
197,532
198,687
199,326
200,225
201,259
202,227
202,228
204,224
204,232
205,217
205,218
205,219
205,220
205,221
205,222
205,223
206,490
207,226
208,215
209,215
210,230
211,231
212,229
213,234
214,216
214,233
215,372
216,254
217,326
218,259
219,236
219,245
221,251
222,252
223,248
224,405
225,239
225,240
225,241
225,242
225,243
226,247
227,244
228,246
229,249
230,237
230,250
231,238
234,235
235,254
236,254
237,732
238,285
239,259
240,257
240,261
240,263
242,269
244,265
245,262
246,253
247,256
247,266
248,260
248,268
249,264
249,267
250,258
251,255
253,685
254,271
254,272
254,273
254,274
254,275
254,276
254,277
254,278
254,279
254,280
254,281
254,282
254,283
255,532
256,405
257,285
258,285
259,286
259,287
259,288
259,289
259,290
260,292
261,293
262,294
263,295
264,291
264,299
265,297
266,284
266,298
267,296
268,270
270,686
273,323
284,556
285,303
285,304
285,305
285,306
285,307
285,308
285,309
285,310
285,311
285,312
285,313
285,314
285,315
285,316
287,302
287,324
289,301
291,317
292,320
293,321
294,300
295,319
296,318
296,322
299,325
300,326
301,326
302,405
303,334
306,333
307,329
308,335
311,331
315,336
317,328
318,327
319,330
324,332
326,337
326,338
326,339
326,340
326,341
326,342
326,349
327,345
328,343
329,344
331,347
333,346
333,351
336,348
336,350
337,685
338,354
338,356
341,355
342,357
343,352
344,353
350,358
352,556
353,359
354,364
355,361
355,362
355,367
355,369
355,370
356,366
358,360
358,363
358,365
358,368
359,372
360,686
361,373
362,470
363,732
364,381
365,378
365,379
365,386
366,380
366,387
367,371
367,374
367,375
367,382
367,383
367,389
369,377
369,385
369,390
370,376
370,384
370,388
371,685
372,391
372,392
372,393
372,394
372,395
372,396
373,397
373,398
373,399
373,400
373,401
373,402
373,403
373,404
374,732
375,405
376,405
377,556
378,406
379,407
380,408
381,409
382,411
383,410
383,414
385,412
386,416
387,413
389,415
391,427
391,428
391,440
392,435
392,441
394,436
396,419
396,438
399,420
403,439
405,421
405,422
405,423
405,424
405,425
405,426
405,434
406,433
407,417
408,437
409,430
410,432
411,417
412,429
413,431
415,418
417,686
418,470
419,490
420,490
423,454
427,444
428,445
429,446
430,453
431,450
432,442
433,452
434,447
434,455
434,456
435,448
436,449
438,451
439,443
442,532
443,490
444,459
445,457
446,457
447,460
448,461
449,464
450,462
451,465
452,463
452,469
454,458
456,466
456,467
456,468
457,470
458,732
459,473
460,471
461,474
462,475
463,476
464,471
465,477
466,472
466,480
467,478
469,479
469,481
470,483
470,484
470,485
470,486
470,487
470,488
470,489
470,498
470,501
471,490
472,490
473,491
474,492
475,493
476,497
477,494
478,495
479,499
480,482
480,500
481,496
482,686
483,686
484,518
484,526
484,529
485,524
487,528
490,503
490,504
490,505
490,506
490,507
490,508
490,509
490,510
490,511
490,512
490,513
490,514
490,515
490,516
491,502
492,519
493,522
494,521
495,517
495,523
495,525
495,527
496,520
502,532
511,540
513,539
517,533
518,534
519,530
520,535
521,536
522,538
523,537
524,541
526,531
530,685
531,686
532,542
532,543
532,544
532,545
533,546
534,547
535,548
536,551
537,549
538,552
538,554
539,550
539,553
539,555
542,561
542,566
544,565
545,562
546,556
547,558
548,560
549,559
550,557
550,564
551,563
556,567
556,568
556,569
556,570
557,571
558,574
559,572
560,573
560,579
561,576
562,577
562,578
563,580
565,575
568,588
571,583
572,584
573,585
574,586
575,581
575,589
575,591
575,593
575,594
576,582
577,587
579,590
579,592
581,597
582,598
583,604
584,599
585,600
586,605
587,603
588,601
589,602
590,607
593,595
593,606
593,611
594,596
594,608
594,609
594,610
595,686
596,732
597,612
598,613
599,619
600,615
601,616
602,618
603,614
604,617
605,620
607,621
611,622
611,623
612,624
613,625
614,626
615,630
616,632
617,627
618,624
619,635
620,628
620,629
620,631
620,633
620,636
620,640
621,637
621,638
621,639
622,634
624,687
625,641
626,648
627,644
628,646
629,642
629,645
631,643
631,651
633,647
633,649
633,650
636,652
641,654
642,655
643,656
644,653
645,657
646,660
647,658
648,665
648,668
649,659
649,661
649,664
650,666
650,667
651,663
652,662
653,732
654,676
655,677
656,679
657,673
658,681
659,674
660,675
661,670
661,682
661,683
662,671
662,678
664,672
664,684
666,680
668,669
669,685
670,686
671,686
672,687
673,691
674,692
675,690
678,688
678,693
679,695
680,689
681,694
681,696
685,697
685,698
685,699
685,700
685,701
685,702
685,703
686,704
686,705
686,706
686,707
686,708
686,709
686,710
686,711
686,712
687,713
687,714
687,715
687,716
687,717
687,718
687,719
688,720
689,721
690,723
691,722
693,724
697,730
698,728
703,727
708,731
710,729
720,726
721,725
722,725
725,732
726,741
727,733
727,734
727,738
728,736
728,740
729,739
730,737
731,735
732,742
732,743
732,744
732,745
732,746
732,747
737,748
737,749
740,750

<end>
