<number of tasks>
750

<cycle time>
1000

<order strength>
0.597


<task times>
1 107
2 34
3 97
4 145
5 176
6 52
7 65
8 106
9 41
10 131
11 193
12 142
13 118
14 102
15 131
16 111
17 43
18 331
19 37
20 60
21 78
22 98
23 152
24 66
25 198
26 234
27 71
28 105
29 91
30 285
31 185
32 210
33 69
34 49
35 132
36 162
37 143
38 173
39 136
40 184
41 240
42 132
43 130
44 283
45 280
46 57
47 84
48 231
49 126
50 51
51 177
52 70
53 75
54 68
55 207
56 404
57 125
58 77
59 65
60 209
61 63
62 185
63 158
64 356
65 38
66 121
67 28
68 75
69 117
70 68
71 113
72 150
73 99
74 41
75 64
76 60
77 174
78 166
79 91
80 118
81 48
82 144
83 173
84 20
85 55
86 289
87 199
88 270
89 192
90 152
91 171
92 224
93 150
94 44
95 179
96 158
97 272
98 191
99 277
100 247
101 270
102 97
103 173
104 286
105 89
106 39
107 107
108 87
109 175
110 43
111 287
112 265
113 153
114 200
115 267
116 92
117 75
118 123
119 69
120 41
121 118
122 278
123 75
124 74
125 144
126 160
127 221
128 210
129 93
130 54
131 107
132 270
133 89
134 148
135 150
136 150
137 266
138 189
139 20
140 365
141 43
142 138
143 40
144 210
145 214
146 115
147 84
148 67
149 435
150 132
151 179
152 102
153 75
154 149
155 126
156 219
157 85
158 77
159 56
160 28
161 155
162 186
163 370
164 43
165 64
166 49
167 120
168 172
169 290
170 77
171 22
172 89
173 174
174 20
175 35
176 316
177 72
178 45
179 160
180 198
181 122
182 166
183 171
184 63
185 68
186 207
187 100
188 27
189 149
190 136
191 115
192 99
193 302
194 105
195 116
196 196
197 125
198 110
199 71
200 110
201 118
202 158
203 89
204 117
205 282
206 134
207 107
208 69
209 51
210 40
211 149
212 46
213 44
214 233
215 347
216 112
217 93
218 98
219 220
220 225
221 42
222 140
223 113
224 203
225 162
226 49
227 209
228 131
229 96
230 57
231 93
232 129
233 28
234 75
235 51
236 109
237 222
238 65
239 207
240 130
241 120
242 173
243 83
244 117
245 21
246 147
247 234
248 128
249 250
250 217
251 57
252 58
253 32
254 103
255 34
256 124
257 200
258 54
259 87
260 126
261 24
262 250
263 249
264 122
265 24
266 48
267 242
268 80
269 22
270 283
271 222
272 303
273 29
274 71
275 29
276 33
277 68
278 126
279 121
280 151
281 166
282 217
283 140
284 117
285 217
286 120
287 127
288 90
289 203
290 55
291 229
292 166
293 240
294 189
295 55
296 61
297 93
298 40
299 32
300 185
301 161
302 101
303 142
304 58
305 130
306 210
307 69
308 174
309 156
310 234
311 198
312 218
313 49
314 203
315 122
316 100
317 203
318 118
319 118
320 120
321 124
322 121
323 107
324 229
325 221
326 176
327 29
328 35
329 163
330 259
331 92
332 188
333 332
334 225
335 41
336 345
337 214
338 97
339 104
340 169
341 213
342 175
343 98
344 253
345 22
346 311
347 210
348 256
349 99
350 163
351 143
352 141
353 295
354 38
355 144
356 159
357 32
358 258
359 114
360 82
361 66
362 200
363 142
364 34
365 74
366 57
367 68
368 309
369 59
370 139
371 50
372 94
373 51
374 159
375 166
376 219
377 298
378 37
379 255
380 21
381 93
382 118
383 246
384 145
385 156
386 62
387 91
388 93
389 164
390 48
391 196
392 316
393 44
394 122
395 115
396 21
397 279
398 109
399 201
400 135
401 73
402 185
403 168
404 280
405 336
406 100
407 107
408 162
409 78
410 157
411 58
412 181
413 241
414 59
415 52
416 143
417 249
418 63
419 114
420 70
421 127
422 246
423 121
424 172
425 38
426 208
427 50
428 282
429 155
430 140
431 104
432 49
433 91
434 113
435 98
436 87
437 68
438 188
439 212
440 134
441 149
442 210
443 41
444 77
445 116
446 164
447 79
448 103
449 28
450 197
451 184
452 156
453 137
454 59
455 351
456 242
457 167
458 82
459 140
460 78
461 133
462 224
463 131
464 155
465 43
466 130
467 164
468 67
469 47
470 33
471 41
472 155
473 103
474 79
475 121
476 242
477 128
478 80
479 160
480 76
481 466
482 206
483 36
484 67
485 58
486 157
487 152
488 26
489 35
490 40
491 227
492 213
493 230
494 90
495 144
496 287
497 127
498 175
499 123
500 271
501 145
502 110
503 216
504 70
505 39
506 137
507 307
508 136
509 90
510 41
511 128
512 66
513 62
514 158
515 56
516 45
517 62
518 90
519 123
520 155
521 102
522 76
523 198
524 83
525 48
526 101
527 49
528 72
529 174
530 161
531 128
532 228
533 213
534 209
535 254
536 240
537 109
538 122
539 58
540 87
541 306
542 249
543 48
544 83
545 68
546 42
547 212
548 158
549 130
550 169
551 149
552 140
553 22
554 37
555 52
556 140
557 209
558 127
559 172
560 35
561 56
562 332
563 32
564 218
565 93
566 189
567 141
568 225
569 83
570 218
571 196
572 69
573 130
574 108
575 142
576 176
577 24
578 161
579 110
580 119
581 142
582 213
583 23
584 138
585 109
586 118
587 50
588 77
589 188
590 31
591 90
592 82
593 119
594 219
595 82
596 123
597 142
598 161
599 224
600 75
601 224
602 111
603 134
604 120
605 69
606 45
607 247
608 39
609 88
610 118
611 52
612 108
613 23
614 27
615 153
616 99
617 103
618 39
619 201
620 281
621 101
622 91
623 81
624 180
625 115
626 37
627 148
628 117
629 217
630 125
631 181
632 113
633 54
634 65
635 76
636 65
637 212
638 45
639 100
640 128
641 27
642 242
643 104
644 104
645 243
646 76
647 169
648 163
649 272
650 148
651 179
652 69
653 147
654 23
655 98
656 34
657 101
658 74
659 58
660 43
661 171
662 149
663 256
664 79
665 104
666 151
667 98
668 195
669 76
670 160
671 245
672 23
673 290
674 147
675 277
676 209
677 225
678 137
679 231
680 218
681 54
682 109
683 125
684 191
685 94
686 106
687 317
688 211
689 31
690 190
691 50
692 214
693 160
694 122
695 81
696 186
697 188
698 159
699 124
700 29
701 25
702 51
703 242
704 62
705 105
706 157
707 79
708 137
709 127
710 166
711 79
712 172
713 175
714 95
715 255
716 80
717 63
718 56
719 85
720 59
721 52
722 104
723 87
724 171
725 184
726 69
727 79
728 113
729 54
730 327
731 132
732 268
733 159
734 283
735 73
736 46
737 77
738 118
739 157
740 76
741 108
742 62
743 182
744 61
745 187
746 132
747 325
748 29
749 260
750 251

<precedence relations>
1,8
2,9
3,11
4,10
4,13
4,15
4,52
5,12
5,13
6,14
7,12
7,13
8,19
9,20
10,18
11,21
12,16
12,19
12,20
12,23
12,26
12,36
13,17
13,25
14,19
14,21
14,26
15,22
15,24
16,27
17,29
18,30
19,28
19,31
19,32
19,33
19,34
19,50
20,33
20,34
21,33
22,284
23,33
23,35
24,34
24,51
25,33
25,36
25,54
26,33
26,34
27,37
28,38
29,39
30,42
31,40
32,41
33,43
34,44
34,228
34,304
35,42
35,45
35,46
35,70
36,42
36,63
37,47
38,49
39,48
40,52
41,49
42,50
42,101
43,49
43,51
43,55
44,53
44,54
45,296
45,350
45,394
46,358
46,359
47,59
48,56
49,60
49,61
49,62
49,63
50,57
50,61
50,62
51,58
52,407
52,485
53,137
54,64
54,153
54,257
55,61
56,65
57,66
58,67
59,70
60,68
61,69
61,71
61,72
61,73
62,74
63,70
63,71
63,72
64,478
64,547
64,550
65,75
66,76
67,80
68,78
69,77
70,79
71,79
72,79
72,83
72,114
73,81
73,82
74,79
74,80
75,85
76,87
77,86
78,88
79,84
79,89
79,138
80,89
80,90
80,91
81,91
82,89
82,90
82,93
83,89
83,92
84,94
85,96
86,97
87,95
88,101
89,98
89,99
89,100
90,103
90,104
90,106
91,99
91,102
91,105
92,99
92,100
92,102
92,138
93,99
94,107
95,109
96,114
97,111
98,112
99,108
100,110
100,113
101,113
102,420
102,452
102,485
102,521
103,113
103,114
103,115
104,113
104,359
104,406
105,115
105,116
106,297
106,397
107,119
108,120
109,117
110,121
111,122
112,123
113,118
113,125
113,131
113,298
114,124
114,126
115,124
115,128
116,127
116,129
116,130
117,132
118,133
119,135
120,137
121,134
122,138
123,136
124,137
124,141
124,228
125,442
125,577
126,142
127,137
127,139
128,137
128,138
128,143
129,137
129,140
130,137
130,140
130,144
131,440
131,466
131,547
132,145
133,151
134,152
135,147
136,148
137,155
138,150
138,151
139,146
139,150
139,151
139,153
139,258
140,149
140,258
141,150
141,151
141,152
142,150
142,184
143,154
144,376
144,538
144,579
145,157
146,158
147,162
148,159
149,160
150,156
150,163
150,170
151,427
152,161
152,164
153,173
154,161
154,163
154,304
155,161
156,165
157,167
158,170
159,168
160,169
161,166
161,172
162,170
162,171
163,173
164,170
164,171
164,172
165,177
166,175
167,176
168,178
169,179
170,174
170,179
170,183
171,180
171,181
171,241
171,258
171,332
172,182
172,184
173,185
174,186
175,192
176,188
177,190
178,191
179,187
179,189
179,192
179,193
180,238
181,471
182,305
182,400
182,567
183,239
183,280
184,192
184,193
184,227
185,193
186,194
187,195
188,196
189,198
190,200
191,197
192,199
192,204
192,205
192,206
192,207
192,208
193,201
193,202
193,203
193,204
193,209
193,318
194,210
195,217
196,211
197,212
198,214
199,215
200,216
201,213
201,406
201,451
201,551
202,216
202,218
202,284
202,322
203,220
204,216
204,436
205,580
205,656
206,611
207,307
208,407
209,216
209,219
210,226
211,227
212,228
213,222
214,224
215,225
216,221
216,226
216,230
216,338
217,229
217,400
218,223
218,334
219,232
219,254
220,231
221,233
222,235
223,234
224,236
225,237
226,335
226,456
226,470
226,499
227,239
227,242
227,245
228,238
228,239
228,240
228,241
228,242
228,243
228,244
229,244
229,305
230,316
231,238
231,239
232,477
233,246
234,249
235,251
236,252
237,253
238,247
238,248
238,255
238,256
239,250
239,254
239,255
239,256
239,332
240,254
241,254
242,254
242,255
243,258
243,397
244,257
244,336
244,374
245,420
245,520
245,602
246,260
247,261
248,262
249,266
250,264
251,265
252,267
253,268
254,259
254,269
254,271
255,263
255,268
255,270
256,386
256,488
257,469
257,497
258,336
259,272
260,274
261,273
262,280
263,275
264,281
265,277
266,276
267,278
268,733
269,284
270,279
270,283
271,282
271,295
272,286
273,288
274,287
275,290
276,291
277,289
278,292
279,285
279,293
279,363
279,577
280,294
280,425
281,506
282,324
283,295
283,362
284,296
284,297
284,298
284,305
284,359
285,299
286,300
287,305
288,301
289,306
290,302
291,303
292,304
292,305
292,306
293,427
294,317
294,437
295,309
295,320
295,398
296,310
297,307
297,400
297,406
298,308
298,323
299,311
300,313
301,314
302,315
303,316
304,312
304,315
304,318
305,667
305,670
306,317
306,387
306,426
306,455
307,323
307,325
308,315
308,439
308,453
309,321
309,322
309,647
310,319
310,320
310,324
310,406
311,327
312,326
313,334
314,328
315,329
315,330
315,331
315,466
316,332
316,333
317,397
317,684
318,451
319,336
320,652
321,465
321,533
322,333
323,338
323,361
324,337
324,365
324,374
324,453
325,335
326,339
327,343
328,344
329,346
330,347
331,348
332,340
332,342
332,349
333,341
333,583
333,636
333,716
334,495
334,521
334,716
335,345
335,351
335,537
335,577
335,599
336,349
336,455
337,600
338,350
338,351
338,506
338,528
338,577
339,354
340,352
341,353
342,355
343,357
344,359
345,356
346,360
347,358
348,358
349,361
349,363
350,362
350,365
350,366
351,363
351,364
351,505
352,367
353,371
354,369
355,371
356,371
357,370
358,368
358,371
358,372
358,374
358,376
359,397
359,660
360,371
360,372
360,396
361,375
362,371
362,478
362,494
363,376
363,497
363,520
364,564
364,578
365,407
365,529
365,579
366,371
366,373
367,377
368,378
369,379
370,380
371,383
371,455
371,613
372,387
372,505
373,383
373,595
374,381
375,382
375,384
375,385
376,386
376,469
377,388
378,389
379,392
380,393
381,390
381,409
382,391
382,398
382,401
382,441
382,466
382,483
383,546
384,408
384,443
384,640
385,399
385,520
385,635
386,395
386,396
386,452
387,394
387,397
387,400
387,478
387,517
387,589
388,402
389,403
390,404
391,405
392,406
393,407
394,484
394,534
394,613
395,408
396,408
396,440
396,463
396,647
397,716
398,493
399,640
399,716
400,637
400,649
401,409
401,410
401,469
402,411
403,412
404,413
405,415
406,414
406,416
406,420
406,592
407,417
407,419
407,454
408,578
409,418
409,478
410,722
410,737
411,424
412,425
413,421
414,422
415,425
416,423
417,429
417,530
418,427
419,532
420,426
420,428
420,455
421,430
422,435
423,436
424,432
425,431
425,433
425,434
425,438
425,440
425,465
426,441
426,443
426,726
427,434
427,437
427,440
427,442
428,487
429,439
429,518
429,599
430,446
431,447
432,448
433,450
434,444
434,445
434,449
434,488
435,452
436,455
437,454
437,496
438,706
439,521
439,534
440,588
442,451
442,452
442,456
443,453
443,577
444,457
445,460
446,458
447,459
448,463
449,462
450,463
451,461
451,464
451,470
452,471
452,591
452,650
453,465
453,466
453,599
453,716
454,468
455,463
455,469
455,635
455,686
455,720
456,467
456,659
457,476
458,472
459,473
460,475
461,474
462,476
464,479
465,478
466,646
468,477
468,494
468,495
469,604
470,734
471,601
472,483
473,484
474,485
475,480
476,482
476,609
476,638
476,667
476,671
476,743
477,481
477,486
477,487
479,488
480,490
481,491
482,492
483,489
483,495
483,496
483,651
485,497
486,493
487,498
487,534
488,493
488,494
488,499
488,519
489,503
490,500
491,505
492,506
493,501
493,507
494,502
494,508
494,510
494,591
494,601
494,743
495,509
495,724
495,745
497,504
498,518
499,595
500,511
501,513
502,516
503,512
504,514
504,515
504,517
504,518
504,579
504,604
505,519
505,522
505,683
507,520
507,521
507,552
510,738
511,528
512,523
513,527
514,524
515,525
516,526
517,529
517,538
518,531
518,532
518,533
518,535
518,589
518,652
518,659
518,662
518,696
519,565
520,534
521,537
521,578
522,530
522,536
522,590
522,598
523,539
524,542
525,541
526,543
527,544
528,545
528,652
529,540
529,546
529,716
530,567
530,650
531,619
531,698
531,706
532,593
533,546
533,548
533,563
533,581
534,546
534,547
534,591
534,683
535,550
535,590
535,667
536,551
536,601
537,546
538,549
538,552
539,553
540,557
541,554
542,559
543,560
544,558
545,562
546,555
546,561
547,556
547,564
547,565
547,696
548,636
548,661
549,563
549,566
549,729
550,671
551,600
552,567
552,637
553,577
554,568
555,569
556,570
557,578
558,571
559,572
560,574
561,573
562,579
563,575
563,582
564,576
564,581
564,583
565,580
565,720
567,661
568,584
569,588
570,588
571,591
572,588
573,588
574,585
575,586
576,587
577,589
577,595
578,592
579,590
579,716
580,595
581,593
581,594
581,681
581,721
582,646
583,707
584,598
585,599
586,598
587,598
588,600
588,617
588,709
589,596
589,699
590,597
590,722
592,601
592,602
593,625
593,707
593,710
593,727
593,729
594,603
595,604
595,626
596,605
597,606
598,607
598,608
598,609
598,611
599,717
600,612
600,646
601,613
603,610
604,727
605,616
606,617
607,614
608,615
610,619
611,747
613,618
614,621
615,620
616,622
616,623
616,625
617,624
617,628
618,629
618,646
618,721
619,626
619,627
620,632
621,630
622,634
623,631
623,637
624,633
624,638
624,640
625,743
626,636
628,668
629,635
629,639
629,684
630,642
631,643
632,641
633,644
634,647
635,645
635,651
635,652
636,650
637,648
638,646
638,729
639,649
641,654
642,656
643,656
644,657
645,655
646,653
646,660
646,663
647,682
647,685
648,658
648,661
649,662
649,686
649,705
649,749
651,659
652,724
653,664
654,666
655,665
657,668
657,671
658,667
658,669
659,715
662,699
663,670
663,711
664,673
665,679
666,680
667,672
667,674
667,675
667,677
667,678
667,686
667,712
668,676
668,681
668,684
668,715
669,683
670,682
671,685
672,687
673,691
674,688
675,689
676,690
677,692
678,693
679,696
680,694
681,697
681,699
681,712
683,695
684,699
685,698
686,722
687,705
688,701
689,702
690,706
691,703
692,704
693,705
694,707
695,700
695,709
696,712
697,708
698,711
698,724
699,710
700,713
701,715
702,715
703,714
704,716
705,744
706,720
706,721
707,728
707,745
709,717
709,718
709,722
712,719
713,723
714,725
717,724
717,729
720,726
720,727
722,724
722,728
723,730
724,731
724,732
724,736
724,740
727,740
728,734
728,735
728,738
728,739
729,733
729,737
730,743
731,741
732,742
733,749
735,746
737,745
738,744
739,747
739,750
740,748

<end>
