<number of tasks>
750

<cycle time>
1000

<order strength>
0.2


<task times>
1 506
2 479
3 547
4 515
5 420
6 400
7 658
8 415
9 538
10 640
11 481
12 425
13 535
14 412
15 586
16 645
17 459
18 586
19 460
20 561
21 350
22 715
23 676
24 402
25 502
26 476
27 598
28 297
29 486
30 558
31 395
32 499
33 435
34 501
35 564
36 608
37 504
38 470
39 339
40 627
41 546
42 506
43 573
44 462
45 564
46 596
47 570
48 588
49 609
50 535
51 316
52 467
53 657
54 570
55 451
56 820
57 489
58 506
59 562
60 475
61 460
62 322
63 595
64 462
65 454
66 638
67 525
68 467
69 634
70 450
71 390
72 475
73 638
74 530
75 645
76 545
77 492
78 459
79 441
80 452
81 478
82 444
83 467
84 347
85 645
86 502
87 439
88 744
89 289
90 512
91 508
92 521
93 524
94 521
95 387
96 423
97 508
98 362
99 279
100 365
101 418
102 678
103 474
104 353
105 644
106 568
107 764
108 590
109 247
110 309
111 623
112 414
113 526
114 358
115 587
116 487
117 659
118 504
119 731
120 431
121 445
122 527
123 524
124 558
125 587
126 587
127 299
128 441
129 425
130 436
131 734
132 392
133 421
134 559
135 422
136 258
137 383
138 555
139 594
140 483
141 381
142 484
143 433
144 493
145 548
146 527
147 713
148 510
149 519
150 530
151 490
152 522
153 679
154 429
155 608
156 373
157 445
158 729
159 334
160 338
161 454
162 615
163 519
164 479
165 298
166 532
167 399
168 513
169 542
170 521
171 457
172 343
173 610
174 407
175 564
176 664
177 365
178 405
179 399
180 553
181 662
182 393
183 403
184 365
185 590
186 446
187 542
188 444
189 496
190 793
191 453
192 517
193 438
194 344
195 542
196 576
197 666
198 464
199 549
200 462
201 501
202 413
203 467
204 632
205 727
206 553
207 593
208 525
209 461
210 673
211 632
212 611
213 458
214 555
215 314
216 556
217 512
218 390
219 523
220 663
221 456
222 576
223 459
224 259
225 565
226 423
227 530
228 339
229 575
230 632
231 343
232 609
233 610
234 513
235 377
236 467
237 610
238 307
239 673
240 600
241 476
242 562
243 508
244 764
245 634
246 619
247 594
248 541
249 783
250 353
251 630
252 598
253 615
254 577
255 662
256 705
257 405
258 471
259 602
260 609
261 475
262 592
263 721
264 638
265 563
266 606
267 604
268 465
269 455
270 571
271 517
272 402
273 592
274 340
275 252
276 651
277 744
278 445
279 617
280 550
281 491
282 454
283 655
284 669
285 249
286 509
287 559
288 335
289 220
290 645
291 670
292 310
293 690
294 528
295 355
296 539
297 612
298 763
299 667
300 766
301 695
302 471
303 597
304 557
305 466
306 358
307 616
308 446
309 516
310 456
311 479
312 531
313 588
314 464
315 368
316 589
317 608
318 639
319 501
320 564
321 393
322 823
323 349
324 496
325 715
326 492
327 600
328 413
329 492
330 604
331 586
332 516
333 607
334 608
335 429
336 421
337 551
338 558
339 483
340 390
341 431
342 571
343 541
344 602
345 501
346 364
347 734
348 441
349 355
350 466
351 427
352 405
353 526
354 380
355 628
356 509
357 542
358 463
359 511
360 470
361 364
362 443
363 531
364 369
365 547
366 657
367 510
368 495
369 625
370 304
371 503
372 388
373 460
374 629
375 553
376 663
377 577
378 474
379 424
380 578
381 653
382 372
383 364
384 405
385 471
386 425
387 670
388 347
389 479
390 218
391 154
392 487
393 536
394 551
395 525
396 391
397 591
398 481
399 667
400 591
401 467
402 546
403 354
404 563
405 388
406 620
407 588
408 546
409 424
410 394
411 534
412 526
413 699
414 456
415 464
416 634
417 564
418 311
419 501
420 407
421 595
422 509
423 415
424 484
425 639
426 732
427 289
428 439
429 613
430 521
431 640
432 615
433 566
434 510
435 597
436 546
437 352
438 784
439 457
440 422
441 459
442 422
443 490
444 382
445 671
446 558
447 415
448 664
449 349
450 418
451 768
452 446
453 508
454 445
455 558
456 420
457 536
458 561
459 472
460 562
461 621
462 659
463 391
464 499
465 473
466 552
467 499
468 531
469 338
470 542
471 349
472 368
473 511
474 590
475 252
476 734
477 459
478 789
479 538
480 559
481 542
482 552
483 629
484 377
485 505
486 598
487 477
488 532
489 450
490 746
491 557
492 457
493 569
494 637
495 435
496 641
497 547
498 577
499 614
500 459
501 519
502 496
503 540
504 246
505 288
506 572
507 439
508 401
509 551
510 130
511 226
512 452
513 696
514 469
515 629
516 242
517 472
518 461
519 516
520 707
521 374
522 798
523 700
524 483
525 487
526 516
527 497
528 470
529 462
530 504
531 445
532 443
533 506
534 492
535 314
536 512
537 523
538 503
539 574
540 277
541 597
542 555
543 510
544 334
545 549
546 541
547 637
548 506
549 518
550 716
551 417
552 429
553 653
554 568
555 748
556 391
557 551
558 462
559 778
560 609
561 756
562 377
563 326
564 441
565 475
566 694
567 365
568 491
569 461
570 567
571 385
572 377
573 511
574 749
575 588
576 432
577 322
578 668
579 501
580 788
581 565
582 472
583 434
584 569
585 258
586 688
587 456
588 514
589 354
590 686
591 643
592 505
593 465
594 485
595 538
596 462
597 654
598 359
599 296
600 440
601 532
602 630
603 577
604 604
605 541
606 545
607 480
608 368
609 439
610 354
611 393
612 439
613 740
614 411
615 382
616 516
617 335
618 403
619 631
620 514
621 487
622 408
623 407
624 375
625 503
626 694
627 573
628 498
629 686
630 595
631 533
632 577
633 557
634 359
635 636
636 510
637 595
638 494
639 602
640 569
641 234
642 602
643 387
644 534
645 674
646 287
647 548
648 499
649 563
650 492
651 526
652 548
653 488
654 440
655 588
656 626
657 459
658 395
659 713
660 770
661 578
662 473
663 289
664 575
665 479
666 376
667 647
668 555
669 658
670 432
671 546
672 725
673 437
674 576
675 564
676 371
677 400
678 479
679 416
680 698
681 670
682 546
683 564
684 324
685 392
686 533
687 514
688 442
689 681
690 529
691 675
692 616
693 538
694 424
695 510
696 647
697 502
698 505
699 402
700 388
701 545
702 379
703 194
704 538
705 487
706 484
707 537
708 479
709 420
710 849
711 526
712 619
713 506
714 536
715 432
716 469
717 630
718 595
719 559
720 774
721 487
722 447
723 607
724 415
725 584
726 544
727 393
728 469
729 539
730 487
731 651
732 445
733 549
734 459
735 297
736 735
737 707
738 618
739 536
740 440
741 335
742 369
743 374
744 317
745 286
746 475
747 544
748 559
749 621
750 503

<precedence relations>
1,22
2,25
3,27
4,20
4,21
4,24
4,32
4,432
4,735
5,23
5,653
5,705
5,735
6,26
7,28
7,258
7,687
8,35
8,211
8,353
8,359
9,30
11,31
11,196
12,34
12,37
12,230
13,167
14,33
14,55
15,29
15,208
16,36
16,38
16,270
17,138
18,363
19,641
20,41
21,42
22,40
23,44
24,45
25,46
26,48
27,49
28,50
29,39
29,532
30,43
31,47
31,140
31,735
32,166
33,57
34,53
34,259
35,55
35,478
35,531
36,354
37,51
37,54
37,58
37,132
38,52
38,56
38,294
39,59
40,61
41,60
42,68
43,62
44,63
45,68
46,64
47,65
48,66
49,69
50,67
51,72
51,79
51,277
52,71
52,232
53,73
53,648
54,131
54,549
55,197
55,364
56,70
56,690
57,382
58,127
59,76
60,74
61,78
62,75
63,77
64,78
65,78
66,78
67,78
69,84
69,86
69,88
70,80
70,83
70,434
70,669
71,79
71,89
72,81
72,87
73,82
73,85
73,90
73,91
73,118
73,594
74,98
75,99
76,93
77,92
78,95
78,607
79,94
79,275
79,281
79,400
80,96
81,97
82,177
82,532
82,711
83,103
84,527
86,102
86,270
87,101
87,104
88,196
89,100
89,687
90,548
92,105
93,106
94,107
95,109
96,110
97,112
98,108
98,115
98,116
98,117
98,230
99,113
100,111
100,118
100,119
100,272
101,114
101,177
102,125
104,741
105,121
106,126
107,128
108,122
109,125
110,123
111,124
112,125
113,120
113,127
113,129
113,136
114,138
114,139
114,141
116,131
116,135
117,130
117,132
118,133
118,134
118,140
118,532
119,137
120,142
121,144
122,146
123,147
124,147
125,143
125,154
125,653
126,157
126,676
127,145
127,585
129,657
130,478
131,155
131,297
132,151
132,363
133,436
135,341
135,347
136,150
137,153
137,215
138,152
138,276
139,573
139,694
140,156
140,182
141,148
141,149
142,162
143,158
144,159
145,160
146,161
147,574
147,722
148,691
148,728
149,532
150,165
150,166
150,229
151,591
151,606
152,167
152,365
153,163
153,164
153,273
154,168
154,467
155,433
155,723
156,360
157,291
158,172
159,169
160,170
161,171
162,175
162,556
164,173
164,178
165,177
165,179
166,174
166,184
166,417
166,653
167,181
167,183
168,176
168,180
168,182
169,188
170,190
171,191
172,185
173,186
174,187
175,189
175,194
176,192
177,193
180,195
180,503
181,197
183,196
184,749
185,199
186,200
187,201
188,202
189,204
190,205
191,198
192,206
193,207
194,203
194,214
194,215
194,589
195,210
195,211
195,212
195,328
195,346
195,495
196,208
196,213
197,209
197,216
198,218
199,229
200,220
201,230
202,221
203,223
204,222
205,224
206,225
207,228
208,217
208,226
208,227
208,232
208,235
209,219
211,365
212,234
213,231
215,258
215,420
216,233
216,236
216,271
216,312
217,237
218,251
219,238
220,239
221,243
222,242
223,248
224,244
225,245
226,246
227,247
228,250
229,691
230,254
230,257
230,292
230,610
231,240
231,252
231,259
231,315
232,241
232,260
233,249
233,253
233,255
233,256
233,258
233,468
234,621
237,261
238,265
239,269
240,262
241,263
242,270
243,264
244,271
245,272
246,273
247,274
248,266
249,267
250,268
251,276
251,280
251,281
251,693
252,358
254,639
254,737
255,279
257,277
258,275
259,274
259,275
259,282
259,416
259,483
260,278
261,284
262,283
263,285
264,287
265,286
266,292
267,288
268,289
269,296
269,298
272,311
273,330
274,526
275,291
275,501
275,653
276,294
276,641
277,293
278,290
278,295
278,345
280,499
281,365
282,297
282,358
282,709
283,299
284,300
285,303
286,301
287,308
288,309
289,310
290,302
290,305
290,306
290,307
291,304
291,313
291,467
291,545
292,311
293,519
294,314
297,312
298,315
299,317
300,316
301,319
302,320
303,318
304,321
305,322
306,323
307,324
308,326
309,327
310,325
311,330
312,328
312,331
312,453
313,329
313,610
313,674
313,712
315,330
315,332
316,336
317,333
318,334
319,335
320,337
321,340
322,338
323,341
324,340
325,339
326,344
328,342
329,617
330,343
330,346
330,347
331,623
332,345
332,589
333,353
334,349
335,354
336,348
337,351
338,352
339,350
340,609
341,357
341,359
341,362
341,363
341,364
341,366
343,368
344,356
344,365
345,360
345,367
347,355
347,358
347,361
348,380
349,369
350,370
351,371
352,376
353,374
353,377
353,469
353,479
354,486
355,372
355,384
355,401
355,513
355,527
356,373
356,383
357,375
357,734
358,378
359,379
360,617
360,729
361,381
361,532
361,705
362,478
364,382
367,690
368,654
369,397
370,389
371,385
372,386
373,387
374,388
375,391
376,390
377,393
378,394
379,395
380,392
380,396
380,400
380,402
381,495
382,399
382,401
382,404
382,405
383,398
383,403
385,407
386,406
387,413
388,413
389,408
390,409
391,413
392,410
393,411
394,413
395,413
396,412
397,420
397,485
397,499
397,591
397,641
400,418
400,421
401,592
402,416
402,620
402,633
403,414
403,415
403,422
403,511
404,417
405,419
406,424
407,426
408,427
409,433
410,429
411,430
412,431
413,423
414,425
415,428
415,478
415,738
417,434
417,435
418,549
419,436
421,432
422,515
422,519
422,747
423,437
424,438
425,440
426,446
427,441
428,443
429,442
430,444
431,445
432,439
432,499
432,653
434,452
434,453
434,687
435,448
435,449
435,451
435,454
436,447
436,450
436,705
437,456
438,457
439,458
440,455
441,464
442,460
443,459
444,461
445,463
446,462
446,593
447,465
448,467
452,466
453,468
453,469
454,587
455,470
456,477
457,471
458,478
459,472
460,475
461,473
462,474
463,479
464,480
464,483
464,728
465,476
465,482
467,481
467,485
467,487
468,482
468,608
468,620
469,484
469,486
470,492
471,489
472,488
473,495
474,496
475,490
476,491
477,499
478,500
479,493
479,497
479,498
481,502
481,503
484,604
484,723
486,494
486,501
488,504
489,505
490,508
491,511
493,506
493,518
493,519
494,507
494,517
495,514
496,516
496,534
497,509
498,510
499,512
499,590
500,513
501,670
502,515
504,526
505,520
506,523
507,524
508,521
509,525
510,522
510,617
511,527
511,641
513,532
513,712
514,534
514,633
517,528
518,530
518,533
518,618
519,529
519,531
519,726
520,535
521,536
522,537
523,539
524,540
525,544
526,541
526,545
526,550
527,538
527,546
528,542
528,555
529,543
530,552
530,554
530,622
531,674
532,549
532,557
532,750
533,548
533,553
533,556
533,601
534,547
534,551
535,569
536,559
537,560
538,561
539,562
540,563
541,564
542,565
543,567
544,571
545,558
545,568
545,606
546,566
554,570
555,573
557,572
557,574
558,575
559,576
560,577
561,579
562,580
563,581
564,585
565,586
566,582
567,583
568,584
569,591
570,578
570,588
571,590
572,587
573,589
573,592
573,594
574,593
575,595
576,596
577,601
578,597
579,602
580,598
581,603
582,604
583,605
584,599
585,610
586,648
586,688
587,606
588,607
589,600
591,609
592,608
593,605
595,612
596,613
597,614
598,615
599,616
600,611
601,619
603,620
604,621
604,624
606,617
606,650
608,623
609,618
609,622
611,626
612,633
613,627
614,628
615,630
616,631
617,625
617,632
617,635
617,638
618,629
618,640
619,634
619,636
622,637
623,641
624,639
625,643
626,648
627,644
628,645
629,646
630,648
631,648
632,642
633,728
634,647
634,653
634,703
635,649
635,651
635,655
636,652
637,654
638,652
638,736
639,650
640,656
641,657
642,658
643,659
644,660
645,661
646,662
647,664
648,663
649,665
649,672
650,666
650,689
650,739
651,667
651,671
653,676
654,669
654,674
654,675
654,727
656,670
657,668
657,673
658,686
659,678
660,677
661,687
662,679
663,680
664,682
665,681
666,683
667,684
668,685
668,689
669,688
669,693
669,694
672,723
673,691
673,692
673,737
674,690
676,694
677,695
678,696
679,703
680,704
681,703
682,699
683,700
684,701
685,702
688,697
688,707
688,712
689,698
689,710
690,706
690,709
691,708
691,711
693,705
695,713
696,714
697,715
698,717
699,718
700,716
701,719
702,719
704,723
704,726
706,721
707,725
707,726
707,739
708,722
708,724
709,720
710,727
710,728
710,729
713,730
714,731
715,733
716,732
717,734
718,735
719,739
721,736
723,737
724,738
724,740
726,741
730,744
731,744
732,742
733,743
735,745
737,746
738,750
740,747
741,748
741,749

<end>
