<number of tasks>
750

<cycle time>
1000

<order strength>
0.596


<task times>
1 164
2 232
3 266
4 196
5 265
6 331
7 585
8 135
9 184
10 391
11 59
12 145
13 146
14 136
15 66
16 61
17 500
18 35
19 203
20 173
21 495
22 396
23 525
24 571
25 172
26 46
27 197
28 589
29 73
30 160
31 172
32 434
33 141
34 211
35 182
36 154
37 121
38 181
39 319
40 127
41 182
42 200
43 221
44 406
45 550
46 164
47 86
48 207
49 125
50 52
51 101
52 355
53 98
54 568
55 51
56 59
57 61
58 206
59 58
60 317
61 450
62 254
63 68
64 54
65 71
66 240
67 241
68 59
69 264
70 99
71 242
72 188
73 336
74 431
75 69
76 30
77 168
78 291
79 83
80 216
81 99
82 29
83 92
84 132
85 150
86 368
87 511
88 478
89 479
90 96
91 157
92 248
93 588
94 258
95 35
96 248
97 78
98 248
99 292
100 200
101 28
102 192
103 112
104 351
105 268
106 239
107 120
108 283
109 271
110 96
111 28
112 238
113 371
114 25
115 144
116 519
117 224
118 92
119 267
120 37
121 159
122 194
123 603
124 20
125 29
126 118
127 153
128 501
129 65
130 319
131 109
132 86
133 548
134 251
135 569
136 101
137 69
138 38
139 499
140 227
141 72
142 512
143 461
144 530
145 489
146 215
147 237
148 128
149 63
150 230
151 46
152 215
153 569
154 86
155 187
156 31
157 227
158 376
159 127
160 204
161 213
162 26
163 142
164 253
165 380
166 96
167 79
168 161
169 488
170 101
171 218
172 124
173 75
174 213
175 275
176 63
177 339
178 78
179 93
180 89
181 153
182 21
183 522
184 62
185 276
186 182
187 81
188 128
189 72
190 234
191 183
192 97
193 183
194 263
195 58
196 26
197 292
198 415
199 239
200 216
201 350
202 66
203 92
204 282
205 44
206 206
207 161
208 173
209 243
210 586
211 61
212 481
213 170
214 167
215 273
216 78
217 215
218 32
219 204
220 171
221 124
222 604
223 62
224 577
225 430
226 451
227 321
228 392
229 188
230 254
231 232
232 297
233 72
234 43
235 43
236 128
237 65
238 211
239 100
240 514
241 509
242 236
243 35
244 160
245 27
246 45
247 141
248 453
249 193
250 514
251 217
252 31
253 79
254 558
255 26
256 101
257 175
258 258
259 124
260 482
261 179
262 585
263 45
264 204
265 50
266 132
267 204
268 290
269 65
270 186
271 146
272 121
273 242
274 549
275 197
276 35
277 83
278 297
279 251
280 87
281 281
282 493
283 43
284 254
285 218
286 231
287 104
288 30
289 100
290 358
291 135
292 194
293 612
294 73
295 30
296 166
297 65
298 141
299 552
300 92
301 164
302 187
303 42
304 384
305 325
306 58
307 117
308 124
309 351
310 92
311 461
312 112
313 44
314 196
315 178
316 436
317 49
318 159
319 473
320 457
321 86
322 225
323 458
324 218
325 71
326 515
327 491
328 38
329 231
330 95
331 58
332 127
333 64
334 117
335 141
336 28
337 87
338 176
339 137
340 125
341 173
342 106
343 188
344 62
345 139
346 188
347 127
348 115
349 175
350 81
351 230
352 88
353 89
354 151
355 313
356 40
357 152
358 245
359 259
360 74
361 380
362 98
363 149
364 188
365 220
366 481
367 313
368 178
369 467
370 241
371 455
372 180
373 122
374 30
375 37
376 524
377 190
378 58
379 128
380 115
381 129
382 289
383 207
384 24
385 230
386 262
387 174
388 239
389 84
390 152
391 278
392 537
393 81
394 24
395 44
396 152
397 312
398 288
399 241
400 28
401 277
402 507
403 167
404 516
405 144
406 147
407 63
408 33
409 348
410 126
411 197
412 140
413 454
414 225
415 315
416 486
417 132
418 182
419 94
420 226
421 262
422 117
423 37
424 567
425 151
426 589
427 540
428 118
429 205
430 347
431 537
432 167
433 226
434 63
435 124
436 152
437 547
438 59
439 65
440 245
441 78
442 325
443 135
444 464
445 478
446 98
447 258
448 146
449 394
450 444
451 505
452 288
453 57
454 128
455 172
456 316
457 483
458 269
459 31
460 196
461 98
462 223
463 76
464 387
465 338
466 24
467 180
468 328
469 500
470 198
471 200
472 212
473 225
474 216
475 539
476 300
477 170
478 82
479 154
480 57
481 263
482 575
483 502
484 24
485 80
486 512
487 238
488 252
489 34
490 57
491 189
492 437
493 260
494 28
495 113
496 386
497 95
498 77
499 70
500 82
501 235
502 96
503 98
504 462
505 386
506 434
507 62
508 52
509 72
510 169
511 268
512 25
513 465
514 361
515 497
516 509
517 470
518 37
519 292
520 102
521 28
522 31
523 70
524 151
525 21
526 74
527 185
528 184
529 40
530 403
531 334
532 273
533 228
534 40
535 66
536 391
537 272
538 74
539 290
540 67
541 25
542 68
543 289
544 246
545 76
546 236
547 45
548 86
549 113
550 422
551 192
552 495
553 91
554 155
555 309
556 120
557 365
558 67
559 41
560 320
561 243
562 220
563 124
564 280
565 396
566 127
567 56
568 118
569 157
570 128
571 161
572 58
573 283
574 157
575 524
576 232
577 24
578 226
579 64
580 242
581 145
582 61
583 215
584 506
585 491
586 142
587 90
588 110
589 515
590 89
591 112
592 308
593 70
594 147
595 147
596 221
597 156
598 573
599 180
600 423
601 269
602 305
603 84
604 267
605 139
606 167
607 534
608 73
609 584
610 171
611 458
612 212
613 150
614 63
615 210
616 425
617 456
618 360
619 150
620 268
621 170
622 145
623 633
624 190
625 23
626 164
627 522
628 111
629 61
630 182
631 404
632 74
633 271
634 223
635 202
636 185
637 192
638 139
639 51
640 97
641 65
642 53
643 73
644 34
645 69
646 169
647 73
648 540
649 503
650 186
651 497
652 333
653 176
654 517
655 146
656 93
657 301
658 132
659 315
660 104
661 479
662 137
663 99
664 142
665 96
666 127
667 175
668 312
669 184
670 546
671 192
672 162
673 71
674 214
675 68
676 258
677 37
678 92
679 219
680 149
681 23
682 213
683 62
684 274
685 29
686 174
687 377
688 196
689 556
690 281
691 69
692 91
693 138
694 200
695 270
696 403
697 69
698 75
699 489
700 102
701 120
702 150
703 153
704 405
705 404
706 265
707 153
708 182
709 23
710 67
711 114
712 71
713 217
714 88
715 169
716 65
717 553
718 33
719 433
720 104
721 257
722 167
723 172
724 93
725 526
726 556
727 132
728 42
729 106
730 127
731 104
732 259
733 325
734 281
735 238
736 301
737 290
738 165
739 270
740 535
741 157
742 455
743 513
744 267
745 72
746 584
747 438
748 21
749 41
750 336

<precedence relations>
1,10
2,12
3,9
3,11
3,15
4,13
4,14
4,17
4,20
5,14
5,19
5,21
5,56
6,14
6,16
7,98
7,110
8,14
8,18
9,22
10,23
11,24
12,26
13,25
14,26
14,30
15,28
15,32
15,55
16,26
16,27
16,28
17,29
18,26
18,27
18,28
18,55
19,26
20,26
20,27
20,28
21,31
22,33
23,34
24,35
25,36
26,35
27,35
27,36
27,38
28,40
28,41
29,35
29,37
30,35
31,35
31,36
32,35
32,39
33,43
34,42
35,44
35,46
35,47
36,46
36,47
37,45
37,48
38,46
38,47
39,662
39,744
40,87
40,122
41,49
42,51
43,55
44,52
45,53
46,50
46,54
46,57
47,54
48,64
48,94
49,56
50,58
51,61
52,60
53,61
54,59
54,61
54,62
54,63
54,64
54,66
55,62
55,63
56,61
56,62
56,63
56,64
56,65
56,66
57,65
57,87
58,68
59,67
60,69
61,70
61,71
61,72
61,75
61,76
62,141
62,315
63,72
63,73
63,98
64,70
64,371
64,529
65,73
65,82
66,70
66,74
67,77
68,78
69,79
70,80
70,533
70,544
70,582
71,124
71,178
71,201
71,216
71,240
72,141
72,175
73,81
73,84
73,86
74,82
74,85
75,83
75,87
76,81
76,82
76,83
76,84
77,88
78,90
79,89
80,91
81,92
81,93
81,95
81,96
82,94
82,95
82,96
82,97
82,98
83,145
83,146
84,94
84,95
85,94
85,95
86,97
86,99
87,94
87,95
87,96
88,105
89,100
90,101
91,102
92,103
93,104
94,109
94,111
95,105
95,106
95,107
96,108
96,111
97,105
97,112
97,135
98,105
98,106
99,110
99,122
100,114
101,115
102,118
103,116
104,120
105,529
106,113
106,117
107,227
107,306
108,123
108,124
109,117
110,117
110,118
110,119
110,121
111,304
112,122
113,126
114,127
115,128
116,130
117,125
117,130
117,131
117,132
117,135
118,705
119,129
119,270
120,130
120,131
120,134
120,180
121,166
121,178
122,130
122,132
123,131
123,133
124,170
124,270
124,310
125,136
126,138
127,137
128,139
129,140
130,240
130,369
131,141
131,144
132,141
132,145
132,146
132,147
133,141
133,142
133,315
134,141
134,143
135,141
135,142
135,143
135,146
135,148
136,154
137,155
138,151
139,152
140,153
141,149
141,157
142,150
143,203
144,156
144,158
144,373
145,159
145,160
146,155
146,267
147,155
147,214
148,625
149,161
150,163
151,162
152,166
153,165
154,164
155,170
156,170
156,388
157,168
158,673
158,682
159,178
160,165
160,166
160,167
160,168
160,169
160,240
161,174
162,172
163,173
164,174
165,171
165,174
165,175
165,181
165,189
166,174
166,267
166,302
167,179
167,180
168,174
168,176
168,178
168,187
168,257
169,177
170,174
170,357
171,182
172,184
173,183
174,185
174,190
174,360
175,453
176,192
176,266
176,304
177,191
178,186
178,188
178,189
179,217
179,315
180,186
180,187
180,214
181,186
181,187
181,188
182,197
183,193
184,195
185,196
186,194
186,197
186,200
186,204
187,197
188,199
188,202
189,282
189,305
189,333
189,360
190,544
190,557
191,198
191,201
192,203
193,205
194,208
195,207
196,212
197,307
197,317
197,321
197,426
198,206
198,213
199,209
200,210
200,217
200,218
201,211
201,213
201,214
201,304
202,381
202,509
203,216
203,287
204,213
204,215
205,227
206,220
207,221
208,222
209,224
210,225
211,226
212,227
213,219
213,228
213,230
214,223
214,227
214,232
215,329
216,359
217,229
217,231
218,318
219,233
220,234
221,240
222,237
223,235
224,241
225,236
226,238
227,239
227,303
228,267
228,316
228,329
229,243
229,256
229,321
229,331
231,243
231,388
232,242
233,246
234,244
235,245
236,247
237,248
238,249
239,250
240,251
240,252
241,255
242,253
242,256
242,257
243,252
243,253
243,254
244,261
245,259
246,262
247,263
248,264
249,266
250,266
251,265
252,258
252,304
252,316
253,260
253,267
253,269
254,266
255,268
255,271
256,285
256,297
257,270
257,382
257,413
258,272
259,273
260,274
261,275
262,276
263,278
264,280
265,281
266,277
266,284
266,359
266,384
267,279
267,285
267,286
267,354
268,287
269,282
269,283
270,307
270,426
271,282
271,283
272,288
273,289
274,293
275,290
276,294
277,291
278,294
279,292
280,295
281,294
282,392
282,454
283,309
283,386
283,426
284,410
284,412
285,736
286,296
287,294
287,297
288,302
289,298
290,303
291,299
292,300
293,301
294,308
294,309
294,310
295,302
295,303
295,304
295,413
296,303
296,318
296,319
296,455
297,305
297,306
297,307
298,315
299,316
300,313
301,314
302,355
303,317
303,401
303,429
304,311
304,314
304,371
305,312
305,314
306,318
306,332
307,319
307,320
308,321
308,429
308,475
308,484
308,557
309,380
309,492
310,382
310,383
311,323
312,325
313,326
314,322
314,324
314,329
315,331
315,392
316,327
316,332
316,577
317,515
318,328
318,333
318,411
319,327
319,495
320,330
321,528
322,336
323,335
324,337
325,338
326,340
327,334
327,638
328,339
328,342
328,510
329,397
330,341
330,383
331,453
332,370
332,452
332,662
333,343
333,383
333,438
334,344
335,345
336,351
337,349
338,347
339,348
340,350
341,346
341,352
341,354
341,357
341,360
342,353
342,355
342,356
342,358
342,541
343,359
344,361
345,363
346,362
347,369
348,364
349,367
350,370
351,373
352,365
352,389
353,366
353,369
353,370
354,368
355,371
355,492
356,387
357,372
358,466
358,571
359,390
359,553
361,374
362,381
363,375
364,376
365,377
366,378
367,382
368,379
369,384
370,709
370,728
371,552
372,380
373,383
374,386
375,387
376,386
377,388
378,386
379,386
380,385
380,389
380,392
381,576
382,485
382,553
382,585
382,695
382,709
383,390
383,553
384,391
385,393
386,394
386,395
386,396
387,571
387,596
388,485
388,553
389,397
389,398
389,401
389,494
390,397
390,399
391,400
392,415
392,439
393,402
394,405
395,406
396,407
397,403
397,408
397,409
397,415
397,416
398,404
399,410
399,505
399,681
400,412
400,413
400,428
401,411
401,414
402,417
403,418
404,421
405,419
406,422
407,425
408,423
409,424
410,420
410,429
410,623
411,651
412,426
413,502
413,589
414,428
415,427
415,557
416,430
416,454
417,438
418,431
419,432
420,433
421,439
422,435
423,437
424,434
425,546
425,739
426,436
426,586
426,652
426,675
427,441
427,442
428,440
430,475
431,449
432,444
433,450
434,443
435,452
436,446
437,445
438,451
438,454
439,455
439,510
440,447
441,453
441,467
442,448
443,457
444,459
445,460
446,461
447,462
448,456
448,466
448,467
449,704
450,463
450,683
451,458
451,494
452,492
452,672
452,685
453,465
454,585
454,697
455,464
455,541
456,468
457,469
458,470
459,472
460,473
461,474
462,475
463,471
464,475
464,557
465,475
465,476
466,477
466,531
467,514
467,663
467,664
467,746
468,479
469,478
470,481
471,480
472,484
473,482
474,483
475,486
476,485
477,487
478,491
479,488
480,491
481,489
482,490
483,492
484,494
484,566
485,495
485,673
485,749
486,496
487,493
487,564
488,497
489,498
490,499
491,501
493,515
493,545
493,554
494,640
495,505
496,500
496,502
496,503
496,504
497,506
498,507
499,508
499,510
500,509
501,512
501,575
501,652
501,661
502,511
502,516
502,675
503,513
503,514
503,515
503,565
503,625
504,508
504,529
505,688
505,720
506,519
507,517
508,518
508,522
508,532
509,521
511,546
512,520
516,520
517,524
518,525
519,529
519,744
520,523
520,527
520,528
520,530
521,526
521,532
521,582
522,531
522,533
522,563
522,576
523,534
524,541
525,537
526,538
527,535
527,539
527,540
527,615
528,536
528,638
529,555
529,740
530,673
531,542
531,544
532,543
532,546
532,601
532,612
533,545
533,554
533,681
534,552
535,548
536,549
537,550
538,554
539,551
540,547
540,556
540,688
541,553
541,557
541,624
542,555
543,646
543,674
544,586
544,689
546,716
547,558
548,559
549,563
550,561
551,562
553,560
553,564
553,576
554,565
554,566
555,739
556,564
556,567
558,571
559,568
560,569
561,571
562,570
563,746
564,572
564,736
565,574
565,577
566,573
566,575
567,576
568,579
569,578
570,582
571,586
571,587
571,599
571,727
572,580
572,682
574,581
574,583
574,599
576,588
577,584
577,585
577,589
577,660
578,590
579,593
580,594
581,591
581,595
581,600
581,601
581,674
583,592
583,596
583,598
585,694
586,614
587,597
588,599
588,602
588,614
590,605
591,607
592,609
593,610
594,604
595,611
596,603
596,606
596,615
596,707
597,608
597,612
598,640
598,717
599,613
600,626
601,614
602,640
603,617
604,618
605,619
606,620
607,616
608,621
609,622
610,625
611,623
612,625
612,626
613,648
613,696
613,740
614,627
615,624
615,658
616,628
617,636
618,629
619,633
620,630
621,631
622,632
623,634
623,639
623,683
624,635
624,638
624,641
625,671
626,640
626,730
627,637
627,694
627,749
628,646
629,647
630,644
631,648
632,649
633,642
634,643
635,645
638,651
639,650
639,652
640,689
642,653
643,655
644,657
645,654
646,656
646,661
646,708
647,663
648,659
648,660
648,664
648,748
650,658
651,662
651,677
651,685
653,666
654,668
655,667
656,669
657,671
658,665
658,670
658,677
658,743
659,676
660,673
660,674
661,672
661,675
662,738
662,747
663,718
663,738
664,750
665,678
666,681
667,679
668,682
669,683
670,680
671,685
672,688
672,744
675,684
676,686
676,687
677,689
677,740
678,692
679,691
680,693
681,690
681,694
682,696
683,715
685,695
685,697
685,706
688,717
689,703
689,721
690,699
691,698
692,700
693,701
694,702
694,703
694,704
694,705
694,706
694,707
694,736
694,744
695,704
697,708
697,709
697,728
698,710
699,714
700,711
701,712
702,713
704,718
706,715
708,717
708,721
709,716
709,718
709,719
709,720
710,727
711,723
712,728
713,724
714,726
715,722
716,725
717,730
721,729
722,731
723,734
724,732
725,735
726,733
727,736
728,737
728,738
730,739
730,740
731,743
732,741
733,742
734,744
735,743
736,747
738,749
739,748
739,750
740,745
740,746

<end>
