<number of tasks>
750

<cycle time>
1000

<order strength>
0.196


<task times>
1 86
2 295
3 343
4 143
5 55
6 53
7 49
8 123
9 167
10 116
11 242
12 115
13 116
14 113
15 36
16 191
17 144
18 162
19 55
20 56
21 179
22 155
23 153
24 47
25 168
26 255
27 186
28 196
29 275
30 95
31 109
32 28
33 102
34 269
35 185
36 85
37 293
38 243
39 138
40 127
41 79
42 256
43 21
44 43
45 34
46 63
47 185
48 96
49 195
50 185
51 160
52 86
53 247
54 199
55 366
56 118
57 155
58 139
59 48
60 465
61 215
62 135
63 127
64 46
65 77
66 171
67 97
68 127
69 255
70 123
71 98
72 95
73 170
74 64
75 99
76 176
77 135
78 101
79 27
80 107
81 215
82 63
83 21
84 121
85 67
86 41
87 207
88 121
89 150
90 77
91 163
92 190
93 124
94 121
95 216
96 136
97 85
98 56
99 28
100 222
101 40
102 303
103 153
104 146
105 73
106 27
107 172
108 82
109 192
110 275
111 57
112 116
113 141
114 91
115 87
116 142
117 25
118 86
119 110
120 131
121 159
122 55
123 158
124 158
125 97
126 176
127 50
128 88
129 41
130 109
131 76
132 87
133 134
134 100
135 52
136 153
137 113
138 94
139 232
140 121
141 194
142 142
143 249
144 176
145 180
146 222
147 38
148 105
149 211
150 189
151 150
152 280
153 204
154 154
155 48
156 35
157 133
158 57
159 207
160 171
161 217
162 72
163 91
164 140
165 63
166 63
167 172
168 119
169 185
170 102
171 183
172 59
173 221
174 233
175 67
176 81
177 191
178 223
179 100
180 203
181 86
182 208
183 243
184 179
185 53
186 201
187 44
188 262
189 252
190 53
191 78
192 166
193 247
194 157
195 94
196 94
197 228
198 53
199 147
200 202
201 246
202 220
203 149
204 146
205 196
206 209
207 65
208 136
209 44
210 165
211 150
212 256
213 181
214 300
215 136
216 45
217 164
218 194
219 282
220 50
221 196
222 152
223 21
224 190
225 279
226 153
227 209
228 71
229 76
230 113
231 117
232 238
233 272
234 22
235 23
236 104
237 153
238 153
239 139
240 117
241 127
242 213
243 147
244 233
245 428
246 133
247 71
248 48
249 187
250 99
251 114
252 173
253 29
254 114
255 310
256 62
257 156
258 94
259 163
260 76
261 44
262 222
263 246
264 139
265 119
266 114
267 78
268 151
269 348
270 154
271 98
272 199
273 110
274 118
275 208
276 37
277 183
278 210
279 172
280 70
281 86
282 65
283 317
284 243
285 94
286 179
287 215
288 120
289 120
290 326
291 64
292 113
293 103
294 174
295 256
296 40
297 95
298 135
299 123
300 94
301 93
302 297
303 216
304 75
305 165
306 263
307 86
308 232
309 72
310 154
311 151
312 148
313 102
314 36
315 334
316 293
317 140
318 176
319 67
320 75
321 228
322 49
323 71
324 92
325 37
326 93
327 58
328 56
329 35
330 106
331 74
332 151
333 225
334 170
335 237
336 31
337 85
338 205
339 143
340 120
341 353
342 188
343 185
344 182
345 162
346 177
347 276
348 139
349 53
350 35
351 22
352 37
353 234
354 153
355 27
356 34
357 278
358 158
359 226
360 46
361 236
362 59
363 250
364 197
365 83
366 89
367 120
368 172
369 211
370 173
371 28
372 209
373 161
374 132
375 45
376 102
377 238
378 111
379 189
380 105
381 25
382 177
383 187
384 65
385 218
386 124
387 82
388 30
389 125
390 285
391 66
392 186
393 93
394 149
395 116
396 116
397 212
398 229
399 250
400 112
401 174
402 191
403 91
404 22
405 105
406 93
407 166
408 48
409 64
410 68
411 132
412 37
413 80
414 214
415 186
416 56
417 79
418 227
419 64
420 185
421 197
422 196
423 23
424 80
425 63
426 153
427 161
428 162
429 204
430 339
431 85
432 195
433 102
434 100
435 220
436 230
437 199
438 171
439 169
440 84
441 291
442 123
443 146
444 138
445 71
446 70
447 91
448 23
449 75
450 119
451 239
452 61
453 171
454 34
455 138
456 121
457 60
458 71
459 304
460 133
461 200
462 125
463 86
464 166
465 166
466 173
467 214
468 134
469 168
470 144
471 34
472 174
473 61
474 175
475 33
476 48
477 69
478 38
479 74
480 67
481 159
482 172
483 84
484 173
485 151
486 50
487 159
488 206
489 141
490 79
491 62
492 173
493 237
494 120
495 243
496 91
497 182
498 175
499 118
500 133
501 45
502 43
503 150
504 116
505 89
506 228
507 56
508 166
509 72
510 279
511 339
512 193
513 93
514 203
515 210
516 100
517 33
518 56
519 161
520 312
521 150
522 138
523 225
524 364
525 142
526 73
527 86
528 200
529 200
530 66
531 176
532 281
533 133
534 358
535 163
536 107
537 82
538 83
539 172
540 121
541 219
542 74
543 279
544 146
545 267
546 148
547 63
548 109
549 144
550 157
551 106
552 87
553 277
554 84
555 198
556 76
557 130
558 195
559 215
560 180
561 50
562 173
563 98
564 162
565 154
566 117
567 49
568 192
569 49
570 126
571 158
572 101
573 276
574 52
575 237
576 25
577 248
578 204
579 121
580 223
581 285
582 62
583 53
584 50
585 100
586 67
587 129
588 25
589 134
590 104
591 101
592 334
593 77
594 156
595 174
596 200
597 64
598 272
599 60
600 56
601 211
602 53
603 54
604 170
605 54
606 94
607 213
608 32
609 46
610 90
611 156
612 102
613 356
614 23
615 52
616 162
617 79
618 228
619 63
620 132
621 187
622 163
623 45
624 103
625 139
626 128
627 118
628 122
629 290
630 144
631 47
632 238
633 63
634 107
635 222
636 31
637 157
638 224
639 103
640 75
641 157
642 439
643 106
644 261
645 94
646 32
647 134
648 243
649 83
650 62
651 65
652 131
653 126
654 151
655 230
656 35
657 227
658 86
659 155
660 135
661 131
662 95
663 131
664 204
665 117
666 126
667 91
668 40
669 58
670 132
671 140
672 48
673 267
674 170
675 122
676 129
677 222
678 88
679 207
680 87
681 35
682 68
683 140
684 36
685 202
686 67
687 38
688 58
689 41
690 37
691 180
692 27
693 112
694 109
695 221
696 166
697 52
698 74
699 44
700 161
701 109
702 91
703 131
704 72
705 282
706 154
707 96
708 270
709 71
710 99
711 107
712 277
713 69
714 65
715 110
716 222
717 128
718 336
719 61
720 30
721 262
722 323
723 23
724 104
725 321
726 168
727 197
728 121
729 38
730 180
731 22
732 237
733 81
734 140
735 118
736 27
737 95
738 206
739 125
740 320
741 31
742 54
743 21
744 339
745 93
746 153
747 59
748 58
749 245
750 46

<precedence relations>
1,104
2,24
3,63
3,598
4,21
4,622
5,81
5,329
5,498
6,31
7,27
9,26
9,355
9,608
9,681
10,714
11,28
11,30
13,19
13,22
14,23
15,619
16,20
17,29
17,33
17,34
17,106
17,378
18,25
18,32
18,153
18,252
18,540
19,35
19,44
19,52
20,36
20,39
20,40
20,42
21,739
22,41
22,43
23,37
23,49
23,488
24,53
25,45
25,188
25,392
25,712
26,46
26,651
27,45
27,53
28,35
28,50
29,209
30,45
30,47
30,48
30,527
32,38
32,51
33,212
36,61
36,266
37,70
37,376
38,54
38,69
38,72
39,60
39,62
40,55
40,144
41,64
41,174
42,234
43,59
43,63
43,65
43,66
43,68
45,590
45,661
46,71
47,56
47,57
47,90
47,519
48,342
49,324
50,58
50,115
50,297
52,295
53,67
55,384
55,475
58,76
58,83
58,85
58,101
59,80
59,177
59,218
59,345
59,395
61,81
61,227
61,513
61,601
62,73
63,317
64,398
65,86
66,75
66,82
67,74
67,84
68,92
68,295
69,77
69,337
69,453
71,79
72,78
72,87
72,372
72,502
72,547
73,632
74,96
74,97
75,98
75,105
75,243
75,499
76,95
76,196
76,228
76,287
76,442
77,104
78,88
78,101
78,234
79,90
79,91
79,99
79,100
80,103
80,104
81,92
81,571
81,662
82,88
82,89
82,93
82,102
83,194
83,500
84,94
85,481
85,657
86,224
87,410
87,517
88,111
88,120
88,243
89,116
89,150
91,107
91,594
92,118
92,196
92,621
93,121
94,113
94,116
94,119
95,109
95,177
96,106
96,112
96,115
96,122
99,525
100,114
100,549
101,108
102,110
102,172
102,398
103,149
104,244
105,117
105,123
105,195
105,352
106,452
107,717
108,134
108,464
108,469
109,140
111,298
112,130
112,136
112,141
112,142
112,143
113,125
113,133
113,137
114,126
114,129
114,138
114,715
115,131
116,124
116,132
116,167
116,500
117,144
119,128
119,139
119,203
120,273
121,135
123,127
125,147
125,161
126,568
127,536
128,149
128,151
128,153
129,156
129,162
129,239
131,154
131,158
132,157
133,155
134,159
134,418
135,145
135,400
135,747
136,152
137,148
137,150
137,409
138,182
138,464
144,146
144,160
145,178
145,188
148,168
149,171
152,164
152,165
152,169
152,457
152,463
153,167
153,172
153,201
154,174
154,257
155,173
155,179
157,175
157,283
157,408
158,163
158,166
159,452
159,479
160,414
161,703
162,170
162,176
162,177
162,589
163,499
164,185
164,189
164,190
164,195
164,285
165,180
165,212
166,182
166,396
166,422
167,187
168,183
168,191
168,194
168,257
169,418
171,184
171,197
172,188
173,181
173,186
173,642
174,193
175,196
177,533
179,192
180,202
180,203
180,257
181,383
181,432
181,682
183,360
184,207
184,250
185,317
185,666
186,318
187,606
187,716
188,697
189,204
189,403
190,388
190,661
191,286
191,351
192,198
192,199
192,200
193,481
195,205
195,292
196,262
197,198
197,201
197,206
198,223
198,316
198,386
199,214
199,215
199,415
200,209
200,216
200,220
200,224
201,208
201,222
201,225
202,213
202,217
203,218
203,397
203,509
204,219
204,338
204,547
205,210
205,212
205,226
206,211
206,221
206,459
207,415
208,415
209,227
209,230
209,236
209,243
209,245
209,648
210,228
210,229
210,241
210,469
211,233
211,235
211,496
211,624
211,715
212,459
213,231
213,240
214,487
214,602
215,328
215,505
217,637
218,246
218,566
219,234
219,394
219,488
219,699
220,237
220,568
221,239
221,593
222,242
222,414
222,642
222,650
223,238
223,244
223,491
224,232
224,285
225,475
225,536
225,641
227,252
228,295
229,354
231,255
232,248
232,259
234,249
236,325
237,253
237,257
237,261
238,250
238,251
238,473
239,247
239,259
239,262
240,260
241,247
241,258
241,429
242,256
243,262
243,433
244,255
244,275
244,519
245,279
245,373
246,254
247,276
248,277
249,265
249,397
250,271
251,263
251,279
253,264
254,266
254,273
254,722
256,666
257,280
258,269
258,278
258,282
259,281
260,267
260,272
260,274
260,454
261,268
261,270
262,275
264,297
264,729
264,746
265,668
266,430
266,656
267,285
267,689
268,351
268,366
269,283
270,290
270,526
271,286
271,287
272,283
272,284
272,285
272,289
273,291
273,294
274,492
276,333
276,438
277,292
277,296
280,288
280,295
280,478
281,293
281,298
281,357
282,298
284,304
284,308
285,301
285,307
285,520
286,310
286,312
287,365
289,309
289,580
290,303
291,299
291,744
292,305
293,379
295,302
296,300
296,306
296,311
296,313
297,702
298,564
298,713
299,459
300,323
301,321
301,325
302,453
302,532
304,318
304,320
304,324
305,317
305,666
306,715
307,349
308,315
309,327
309,700
310,328
310,520
312,326
312,330
312,639
313,314
313,316
313,319
313,322
313,329
313,367
314,333
314,335
314,345
314,410
315,663
316,343
316,499
316,508
317,331
317,336
317,338
318,337
318,346
321,334
321,386
322,341
324,340
324,484
324,648
325,724
326,457
327,342
328,339
328,344
329,332
331,359
331,368
331,503
331,520
332,355
332,522
334,358
337,349
337,356
337,622
338,357
339,348
340,360
341,354
343,350
343,533
344,361
345,347
345,351
345,353
346,352
346,548
348,367
348,370
348,376
349,371
350,433
351,363
352,362
352,374
352,375
353,366
353,377
356,372
357,636
357,662
357,734
360,364
360,365
360,368
360,369
361,373
362,384
362,687
363,391
363,392
365,380
365,563
366,387
367,381
367,385
368,389
369,378
369,388
369,505
369,525
370,393
373,379
373,394
374,386
374,646
375,382
375,395
376,383
376,567
377,390
377,611
381,616
382,397
382,403
384,409
384,414
385,618
386,405
387,398
387,404
387,411
388,399
389,400
389,410
389,530
390,396
390,406
390,407
390,622
390,639
391,401
391,408
392,413
393,401
393,412
394,683
395,402
395,474
396,460
396,535
398,424
398,599
398,601
400,632
400,733
401,710
402,426
403,416
403,421
403,607
404,415
404,418
404,629
407,423
408,420
409,438
410,705
411,417
411,425
412,422
412,481
413,415
413,419
413,614
414,446
414,527
415,435
415,440
415,443
416,432
416,444
417,427
417,428
417,432
417,436
417,440
417,442
419,441
419,680
420,445
420,447
421,430
422,431
422,434
423,456
424,429
424,437
424,439
424,609
425,433
425,446
425,462
426,438
427,455
428,450
428,457
430,448
430,456
430,608
431,458
432,452
432,459
432,461
433,609
434,451
435,627
436,555
437,453
439,533
439,557
439,661
441,448
442,454
442,690
445,449
445,460
445,735
446,498
448,462
448,464
449,471
450,474
450,541
451,482
453,467
453,495
453,627
455,465
455,477
456,472
456,593
457,468
457,469
458,470
458,478
458,539
459,473
459,475
459,476
460,463
460,466
460,711
461,479
462,492
462,494
463,643
465,484
466,705
467,572
468,487
468,490
469,482
470,483
471,488
472,480
472,493
473,485
475,556
475,609
475,697
475,733
476,486
477,481
478,489
478,551
479,491
480,511
480,638
481,497
481,507
481,595
482,495
483,583
484,509
484,510
485,515
486,501
486,503
486,512
486,534
487,499
487,508
488,502
489,496
489,506
489,576
490,513
491,498
492,504
492,587
493,505
494,500
494,514
495,519
496,698
496,712
498,530
498,580
499,521
500,527
500,531
501,522
502,520
503,516
503,523
503,526
503,533
507,529
508,525
509,517
510,524
511,518
511,749
512,528
513,707
518,540
519,538
519,542
519,545
519,550
521,534
521,551
521,736
522,533
522,546
523,544
523,605
524,543
524,549
525,548
526,541
527,535
528,532
528,537
528,539
529,737
530,597
531,536
531,547
531,628
532,558
532,561
534,556
534,691
538,557
538,559
538,564
539,553
539,554
539,563
540,562
542,657
547,606
548,560
549,716
550,555
551,552
552,576
552,632
553,577
554,567
554,571
554,718
555,690
556,573
556,575
557,566
558,579
559,569
560,570
560,580
561,565
562,568
562,572
564,574
564,578
565,652
566,583
566,584
566,585
567,586
569,590
569,591
569,594
569,598
570,593
571,595
571,596
572,646
573,582
574,592
574,641
575,581
575,644
576,599
577,615
577,698
578,588
578,597
578,705
579,581
580,587
580,589
580,680
582,633
583,611
583,612
584,626
584,643
585,603
587,601
587,745
590,605
590,608
590,615
591,610
592,600
592,604
594,602
594,606
594,607
594,614
594,677
595,609
597,613
600,632
603,626
604,617
606,631
607,698
608,621
608,624
609,627
610,616
610,620
611,619
611,623
611,704
612,616
612,622
612,625
612,628
612,629
612,748
614,630
614,750
615,618
617,633
618,638
618,649
621,717
622,643
624,648
625,640
625,644
626,634
626,635
626,637
626,642
627,639
628,645
628,646
630,636
630,641
630,675
632,647
633,664
634,650
634,657
635,692
637,662
638,650
639,659
641,661
641,663
642,651
643,715
644,658
645,654
647,652
647,682
649,653
649,655
649,656
649,660
650,666
650,670
650,678
651,667
651,676
654,679
656,665
658,668
658,677
659,711
660,669
660,672
660,675
661,667
662,674
662,706
663,671
663,673
665,705
666,692
667,680
667,683
667,684
670,685
670,686
670,689
670,694
670,695
671,691
673,682
673,693
674,695
675,696
675,727
676,700
677,688
677,690
678,687
679,681
680,697
681,700
681,705
682,699
682,702
682,716
682,717
684,744
685,715
686,707
688,711
688,712
690,698
690,706
691,701
691,703
691,709
692,708
693,704
694,713
694,714
695,710
696,718
697,725
698,730
699,727
702,722
702,728
704,735
705,734
707,726
708,721
708,724
710,723
712,729
713,720
713,727
715,731
715,732
718,719
718,733
719,749
720,742
721,739
721,741
721,743
721,748
722,744
724,739
725,745
726,750
727,737
727,738
727,746
728,749
729,740
731,736
734,747

<end>
