<number of tasks>
750

<cycle time>
1000

<order strength>
0.292


<task times>
1 542
2 366
3 509
4 449
5 639
6 603
7 406
8 528
9 523
10 558
11 559
12 573
13 467
14 477
15 405
16 559
17 537
18 576
19 758
20 475
21 453
22 620
23 453
24 761
25 551
26 519
27 335
28 517
29 625
30 452
31 622
32 810
33 350
34 817
35 349
36 601
37 560
38 591
39 537
40 523
41 476
42 489
43 588
44 546
45 355
46 487
47 529
48 477
49 392
50 416
51 488
52 408
53 349
54 633
55 511
56 538
57 514
58 201
59 531
60 460
61 294
62 476
63 361
64 502
65 782
66 376
67 361
68 518
69 560
70 510
71 558
72 496
73 495
74 582
75 565
76 523
77 297
78 559
79 726
80 380
81 712
82 392
83 531
84 609
85 546
86 613
87 430
88 482
89 430
90 497
91 557
92 471
93 615
94 442
95 445
96 389
97 491
98 710
99 425
100 495
101 407
102 423
103 582
104 726
105 479
106 534
107 526
108 653
109 668
110 615
111 500
112 572
113 580
114 337
115 374
116 576
117 601
118 538
119 481
120 571
121 248
122 590
123 417
124 594
125 477
126 573
127 599
128 500
129 446
130 398
131 417
132 479
133 438
134 705
135 545
136 475
137 494
138 403
139 616
140 348
141 598
142 469
143 471
144 482
145 509
146 566
147 526
148 636
149 528
150 606
151 609
152 521
153 588
154 549
155 536
156 431
157 513
158 275
159 481
160 422
161 527
162 457
163 584
164 401
165 350
166 432
167 485
168 497
169 578
170 386
171 541
172 604
173 427
174 285
175 383
176 273
177 518
178 549
179 576
180 511
181 476
182 415
183 564
184 506
185 546
186 549
187 548
188 498
189 378
190 252
191 472
192 487
193 591
194 500
195 468
196 460
197 525
198 364
199 420
200 520
201 638
202 498
203 565
204 457
205 537
206 437
207 453
208 497
209 504
210 602
211 664
212 819
213 675
214 645
215 356
216 485
217 551
218 667
219 619
220 361
221 419
222 539
223 488
224 499
225 725
226 109
227 587
228 370
229 182
230 581
231 538
232 510
233 559
234 481
235 330
236 488
237 700
238 545
239 733
240 474
241 387
242 611
243 523
244 502
245 466
246 672
247 523
248 511
249 395
250 583
251 409
252 616
253 576
254 460
255 639
256 503
257 732
258 432
259 356
260 542
261 567
262 486
263 444
264 422
265 312
266 637
267 323
268 325
269 515
270 539
271 631
272 543
273 350
274 698
275 534
276 564
277 387
278 400
279 260
280 511
281 404
282 429
283 380
284 546
285 344
286 561
287 377
288 532
289 576
290 473
291 318
292 411
293 573
294 457
295 287
296 500
297 564
298 327
299 674
300 526
301 387
302 480
303 429
304 557
305 399
306 468
307 464
308 506
309 616
310 600
311 361
312 571
313 750
314 314
315 487
316 645
317 408
318 558
319 786
320 568
321 313
322 669
323 612
324 506
325 504
326 629
327 289
328 580
329 324
330 608
331 557
332 494
333 212
334 543
335 639
336 329
337 581
338 535
339 255
340 439
341 552
342 503
343 517
344 658
345 508
346 500
347 480
348 632
349 593
350 532
351 577
352 447
353 426
354 667
355 361
356 290
357 531
358 418
359 295
360 660
361 584
362 519
363 485
364 328
365 360
366 486
367 348
368 473
369 565
370 446
371 861
372 508
373 317
374 607
375 655
376 362
377 546
378 379
379 448
380 815
381 559
382 500
383 485
384 499
385 465
386 291
387 485
388 641
389 320
390 562
391 469
392 722
393 656
394 370
395 347
396 758
397 332
398 699
399 600
400 566
401 669
402 553
403 282
404 453
405 355
406 567
407 488
408 658
409 334
410 504
411 430
412 601
413 486
414 380
415 424
416 589
417 560
418 426
419 521
420 536
421 436
422 602
423 346
424 646
425 504
426 439
427 619
428 541
429 227
430 514
431 342
432 375
433 616
434 450
435 498
436 228
437 759
438 635
439 565
440 604
441 735
442 627
443 569
444 719
445 313
446 724
447 489
448 384
449 557
450 464
451 594
452 641
453 506
454 668
455 478
456 639
457 552
458 403
459 454
460 675
461 472
462 388
463 511
464 529
465 507
466 403
467 573
468 533
469 556
470 656
471 485
472 823
473 412
474 527
475 361
476 364
477 340
478 314
479 652
480 612
481 696
482 626
483 799
484 522
485 533
486 490
487 510
488 345
489 295
490 246
491 511
492 392
493 616
494 555
495 460
496 392
497 608
498 434
499 414
500 521
501 326
502 547
503 464
504 714
505 425
506 654
507 495
508 217
509 368
510 370
511 577
512 450
513 511
514 552
515 534
516 386
517 400
518 441
519 344
520 324
521 397
522 442
523 447
524 664
525 316
526 488
527 734
528 419
529 475
530 497
531 556
532 517
533 552
534 363
535 605
536 567
537 356
538 370
539 511
540 580
541 456
542 467
543 414
544 394
545 583
546 677
547 375
548 627
549 473
550 819
551 651
552 581
553 605
554 593
555 465
556 508
557 248
558 630
559 522
560 587
561 396
562 770
563 432
564 458
565 431
566 529
567 284
568 427
569 513
570 528
571 336
572 471
573 530
574 705
575 555
576 718
577 511
578 401
579 595
580 457
581 642
582 682
583 408
584 578
585 335
586 284
587 531
588 643
589 535
590 356
591 631
592 584
593 552
594 175
595 437
596 386
597 572
598 502
599 539
600 396
601 690
602 379
603 439
604 588
605 457
606 522
607 658
608 517
609 564
610 474
611 396
612 349
613 388
614 587
615 639
616 514
617 522
618 560
619 618
620 466
621 494
622 738
623 501
624 572
625 418
626 430
627 792
628 571
629 422
630 675
631 470
632 441
633 758
634 587
635 806
636 618
637 460
638 763
639 492
640 335
641 482
642 318
643 513
644 589
645 319
646 531
647 456
648 531
649 409
650 603
651 512
652 418
653 548
654 506
655 654
656 561
657 783
658 535
659 473
660 247
661 630
662 502
663 619
664 332
665 326
666 557
667 563
668 709
669 506
670 505
671 524
672 693
673 144
674 472
675 421
676 508
677 606
678 387
679 426
680 389
681 565
682 674
683 498
684 634
685 531
686 567
687 426
688 350
689 437
690 320
691 427
692 608
693 449
694 403
695 415
696 472
697 384
698 267
699 676
700 650
701 552
702 500
703 415
704 535
705 590
706 465
707 734
708 197
709 431
710 327
711 314
712 548
713 449
714 643
715 364
716 714
717 369
718 418
719 481
720 664
721 504
722 271
723 562
724 339
725 355
726 529
727 587
728 369
729 364
730 444
731 498
732 604
733 250
734 517
735 433
736 378
737 193
738 593
739 716
740 351
741 330
742 533
743 363
744 621
745 613
746 341
747 583
748 630
749 461
750 579

<precedence relations>
1,62
2,62
3,62
4,85
5,244
6,379
7,292
8,647
9,31
10,33
11,20
11,23
11,30
11,38
11,39
12,18
12,22
12,28
12,32
12,37
13,24
13,25
13,27
14,21
14,29
14,34
15,35
15,36
15,40
16,19
16,26
18,62
19,62
20,62
21,85
22,85
23,244
24,66
25,66
26,66
27,66
28,291
29,613
30,54
31,58
32,56
33,59
34,46
34,47
34,51
34,52
34,53
34,57
35,41
35,44
35,55
36,48
37,61
38,43
38,50
38,60
40,42
40,45
40,49
41,62
42,62
43,62
44,85
45,66
46,66
47,66
48,66
49,291
50,291
51,226
52,331
53,70
54,74
55,71
56,63
57,72
58,65
58,68
58,73
58,79
59,64
59,75
59,77
59,78
59,80
60,67
61,69
61,76
62,81
62,82
62,83
62,84
63,85
64,244
65,244
66,86
66,87
66,88
66,89
66,93
67,268
68,291
69,226
70,98
71,90
72,96
73,97
74,95
74,102
75,100
78,91
78,101
79,92
79,99
79,103
80,94
81,291
83,120
84,123
85,105
85,106
85,107
85,108
85,109
85,110
85,111
85,112
85,113
85,114
86,115
87,121
90,291
91,732
92,226
93,379
94,647
95,117
96,104
97,118
99,116
99,119
100,122
104,448
105,127
105,129
107,141
110,128
110,139
111,132
112,140
115,613
116,134
117,135
118,138
119,133
120,124
120,136
121,126
121,130
122,131
123,125
123,137
124,448
125,448
126,244
127,244
128,512
129,291
130,292
131,561
132,637
133,150
134,151
135,142
136,153
137,144
137,148
137,149
137,152
137,159
138,154
138,155
138,156
138,158
139,145
139,146
140,147
140,160
141,143
141,157
142,244
143,244
144,244
145,244
146,512
147,268
148,561
149,613
150,169
151,170
152,171
153,172
154,163
154,166
154,168
154,173
154,175
154,178
155,162
155,167
155,174
157,165
157,177
157,179
158,164
159,181
160,161
160,176
160,180
161,268
162,291
163,732
164,379
165,292
166,561
167,637
168,187
169,182
170,192
171,182
172,189
173,185
173,188
173,198
174,190
175,183
175,191
175,200
176,184
176,197
177,193
177,195
177,196
178,186
180,199
181,194
182,244
183,244
184,226
185,379
186,613
187,208
188,210
189,211
190,212
191,214
192,215
192,219
193,201
193,209
193,218
194,213
195,204
196,217
197,202
197,203
197,220
197,222
198,205
198,206
198,216
199,207
199,221
201,512
202,732
203,226
204,292
205,331
206,685
207,685
208,234
209,229
210,230
211,235
212,231
213,232
214,223
215,233
216,227
216,240
217,225
217,228
219,239
220,241
221,224
221,236
221,237
222,238
222,242
223,244
224,244
225,268
226,247
226,248
226,249
226,250
226,259
227,331
228,612
229,251
230,252
231,253
232,255
233,254
235,243
235,246
235,256
236,257
238,245
239,258
243,448
244,260
244,261
244,262
244,263
244,264
244,265
244,266
244,267
245,268
246,291
247,270
248,277
249,274
251,271
252,269
253,272
254,273
257,275
257,276
260,379
261,613
262,293
262,295
268,278
268,279
268,280
268,281
268,282
268,283
268,284
268,285
268,286
268,287
268,288
268,289
268,290
269,291
270,292
271,294
274,296
277,297
278,308
283,310
290,311
291,299
291,300
291,301
291,302
292,303
292,304
292,305
292,306
293,307
294,298
295,309
298,448
299,331
301,319
304,317
305,320
306,318
306,321
307,312
308,313
309,315
310,314
311,316
312,612
313,324
314,326
315,322
315,325
316,328
317,323
320,327
320,329
320,330
322,331
323,561
324,332
325,333
326,336
327,334
327,338
327,343
328,335
328,339
329,337
329,340
329,342
330,341
331,345
331,346
331,347
331,348
331,349
331,350
331,351
332,344
333,352
334,353
335,354
336,344
337,355
337,358
337,361
337,362
340,359
340,360
341,357
342,363
343,356
344,647
345,372
345,374
346,373
347,366
349,365
352,370
353,364
354,364
355,371
356,378
359,375
360,377
361,368
361,376
362,367
363,369
364,448
365,512
366,512
367,732
368,379
369,637
370,382
371,381
372,380
372,383
372,384
373,387
374,385
375,386
376,389
377,388
379,391
379,392
379,393
379,394
379,395
379,396
380,397
381,398
382,402
383,400
384,401
385,399
386,403
387,390
387,404
390,732
391,414
391,417
392,411
392,415
392,420
394,418
395,412
395,419
397,408
398,409
399,406
400,405
401,407
402,410
402,416
403,413
405,732
406,426
407,424
408,427
409,422
409,428
409,434
410,423
410,429
414,425
415,431
415,432
416,421
416,430
417,433
421,448
422,448
423,612
424,438
425,435
425,436
425,437
425,439
425,440
426,443
426,446
430,445
431,442
431,444
431,447
433,441
435,448
436,449
437,450
438,453
439,451
440,452
442,455
442,457
444,454
445,456
447,458
448,459
448,460
448,461
448,462
448,463
448,464
448,465
448,466
448,467
448,468
448,469
448,470
448,471
448,472
448,473
448,474
448,475
449,476
450,477
451,478
452,479
455,480
457,481
457,482
458,483
459,685
460,485
460,486
460,487
460,488
461,497
468,493
470,495
472,489
473,494
475,647
476,490
477,484
478,491
479,496
480,492
484,505
485,500
486,501
487,502
488,503
489,499
489,504
490,510
493,506
493,511
496,498
496,509
497,507
497,508
498,512
499,516
500,515
501,513
502,522
503,513
504,519
505,518
506,517
506,523
506,526
507,524
508,514
508,520
510,525
511,521
512,527
512,528
512,529
512,530
512,531
512,532
512,533
512,534
512,535
512,536
512,537
512,538
512,539
512,540
512,541
512,542
512,543
513,732
514,613
515,547
516,548
517,551
518,552
519,553
520,545
520,546
520,554
521,549
521,559
523,550
523,557
523,560
524,544
524,555
526,556
526,558
527,563
527,567
532,574
544,561
545,564
546,565
547,562
548,566
549,568
550,571
551,572
552,573
553,562
554,569
555,570
555,575
561,577
561,578
561,579
561,580
561,591
561,593
562,637
563,685
564,586
565,587
566,576
567,581
568,576
569,582
570,583
571,584
572,585
573,592
575,588
575,589
575,590
576,647
577,597
578,605
579,602
580,607
581,599
582,594
583,600
584,603
585,604
588,598
588,608
588,610
590,595
591,606
591,611
592,596
592,601
593,609
594,732
595,612
596,613
597,615
598,618
599,622
600,619
601,616
602,617
603,614
603,621
606,620
612,624
612,625
612,626
612,627
612,628
612,629
612,630
612,646
613,631
613,632
613,633
613,634
613,635
613,636
613,642
614,637
615,623
616,638
617,639
618,643
620,644
620,645
621,640
622,641
623,647
624,667
627,662
628,668
630,664
630,665
636,663
637,648
637,649
637,650
637,651
637,652
637,653
637,654
637,655
638,660
639,659
640,656
641,657
641,661
642,658
643,666
647,670
647,671
647,672
647,673
647,674
648,678
648,684
650,681
651,680
652,682
656,675
657,676
658,677
659,679
661,683
662,669
669,732
670,685
671,688
671,689
673,695
673,696
675,692
676,687
677,690
678,691
679,693
680,686
682,694
684,697
684,698
685,699
685,700
685,701
685,702
685,703
685,704
685,705
686,706
687,709
688,707
689,708
690,709
691,712
692,713
695,714
695,715
695,716
696,710
696,711
697,718
698,717
702,725
702,730
703,724
704,726
705,728
706,721
707,719
708,719
710,722
710,729
711,723
716,727
717,720
718,731
719,732
720,732
721,733
722,734
723,735
724,739
727,740
728,736
728,737
729,738
732,741
732,742
732,743
732,744
733,745
734,746
735,747
736,748
739,750
740,749

<end>
