<number of tasks>
750

<cycle time>
1000

<order strength>
0.597


<task times>
1 507
2 98
3 40
4 562
5 90
6 508
7 479
8 224
9 221
10 442
11 130
12 244
13 153
14 160
15 118
16 284
17 335
18 269
19 67
20 281
21 462
22 192
23 204
24 390
25 491
26 47
27 259
28 84
29 319
30 122
31 239
32 114
33 564
34 458
35 264
36 240
37 199
38 32
39 274
40 532
41 76
42 151
43 413
44 76
45 321
46 311
47 289
48 27
49 229
50 456
51 74
52 263
53 73
54 111
55 403
56 80
57 268
58 87
59 65
60 166
61 370
62 462
63 111
64 137
65 580
66 341
67 431
68 71
69 190
70 256
71 36
72 22
73 513
74 37
75 190
76 152
77 92
78 270
79 205
80 153
81 206
82 294
83 410
84 169
85 26
86 236
87 257
88 85
89 457
90 513
91 224
92 64
93 487
94 543
95 240
96 389
97 546
98 332
99 261
100 177
101 363
102 371
103 246
104 561
105 40
106 121
107 76
108 567
109 360
110 429
111 147
112 261
113 76
114 90
115 250
116 514
117 125
118 300
119 269
120 514
121 35
122 233
123 195
124 489
125 170
126 112
127 254
128 404
129 527
130 160
131 184
132 180
133 50
134 500
135 468
136 160
137 158
138 39
139 130
140 320
141 308
142 311
143 91
144 148
145 257
146 529
147 202
148 158
149 162
150 53
151 98
152 172
153 55
154 49
155 188
156 471
157 103
158 527
159 475
160 251
161 135
162 232
163 517
164 273
165 385
166 197
167 183
168 75
169 125
170 29
171 84
172 544
173 183
174 88
175 505
176 115
177 156
178 153
179 438
180 281
181 264
182 280
183 142
184 273
185 178
186 83
187 282
188 35
189 84
190 129
191 594
192 76
193 191
194 375
195 258
196 336
197 142
198 47
199 33
200 317
201 114
202 178
203 226
204 365
205 548
206 99
207 173
208 42
209 168
210 190
211 214
212 68
213 83
214 264
215 176
216 221
217 138
218 310
219 197
220 158
221 165
222 414
223 27
224 56
225 95
226 29
227 126
228 148
229 202
230 90
231 140
232 197
233 580
234 568
235 115
236 267
237 63
238 186
239 189
240 28
241 305
242 356
243 21
244 159
245 248
246 489
247 531
248 46
249 176
250 445
251 238
252 37
253 279
254 565
255 89
256 130
257 578
258 478
259 215
260 261
261 249
262 70
263 123
264 157
265 194
266 122
267 392
268 107
269 74
270 30
271 513
272 391
273 90
274 187
275 123
276 38
277 117
278 179
279 41
280 162
281 386
282 276
283 185
284 114
285 163
286 238
287 60
288 57
289 503
290 186
291 276
292 245
293 28
294 140
295 479
296 233
297 238
298 24
299 130
300 39
301 85
302 243
303 192
304 61
305 378
306 139
307 239
308 345
309 197
310 596
311 49
312 207
313 27
314 119
315 84
316 26
317 22
318 140
319 250
320 190
321 27
322 264
323 123
324 335
325 88
326 198
327 134
328 126
329 498
330 521
331 267
332 72
333 23
334 483
335 89
336 81
337 148
338 352
339 275
340 112
341 156
342 473
343 153
344 155
345 462
346 241
347 181
348 577
349 479
350 131
351 237
352 27
353 439
354 185
355 249
356 192
357 486
358 307
359 316
360 287
361 138
362 498
363 35
364 294
365 85
366 161
367 471
368 28
369 269
370 171
371 206
372 279
373 499
374 524
375 299
376 301
377 259
378 92
379 162
380 72
381 464
382 255
383 259
384 610
385 482
386 206
387 572
388 24
389 122
390 108
391 255
392 32
393 238
394 144
395 553
396 106
397 147
398 212
399 163
400 119
401 488
402 22
403 211
404 339
405 68
406 611
407 168
408 125
409 197
410 59
411 23
412 193
413 58
414 475
415 106
416 302
417 54
418 491
419 253
420 54
421 324
422 490
423 231
424 129
425 285
426 92
427 130
428 34
429 114
430 180
431 121
432 134
433 159
434 78
435 183
436 102
437 85
438 275
439 36
440 98
441 470
442 659
443 132
444 54
445 391
446 70
447 201
448 306
449 171
450 31
451 67
452 126
453 511
454 247
455 124
456 566
457 515
458 188
459 559
460 180
461 81
462 480
463 127
464 144
465 73
466 27
467 174
468 502
469 40
470 143
471 192
472 243
473 179
474 55
475 556
476 31
477 75
478 184
479 79
480 313
481 513
482 137
483 195
484 55
485 462
486 121
487 508
488 172
489 102
490 144
491 236
492 314
493 31
494 122
495 249
496 28
497 66
498 217
499 235
500 85
501 536
502 218
503 39
504 327
505 136
506 263
507 52
508 37
509 600
510 448
511 177
512 234
513 249
514 169
515 57
516 302
517 206
518 165
519 207
520 313
521 85
522 119
523 184
524 208
525 170
526 115
527 54
528 86
529 147
530 139
531 188
532 185
533 127
534 120
535 376
536 285
537 125
538 154
539 35
540 245
541 215
542 502
543 276
544 34
545 38
546 451
547 305
548 463
549 219
550 527
551 481
552 331
553 119
554 43
555 135
556 60
557 454
558 227
559 486
560 292
561 83
562 258
563 67
564 153
565 116
566 38
567 61
568 443
569 499
570 349
571 210
572 296
573 513
574 208
575 66
576 440
577 256
578 386
579 62
580 132
581 62
582 114
583 516
584 229
585 152
586 170
587 164
588 555
589 230
590 554
591 517
592 483
593 557
594 280
595 194
596 193
597 56
598 181
599 574
600 230
601 165
602 407
603 122
604 192
605 217
606 35
607 64
608 34
609 142
610 367
611 64
612 101
613 119
614 407
615 459
616 222
617 264
618 269
619 150
620 306
621 42
622 494
623 134
624 87
625 83
626 154
627 25
628 231
629 118
630 268
631 217
632 249
633 103
634 259
635 246
636 175
637 30
638 88
639 516
640 170
641 39
642 25
643 322
644 440
645 203
646 536
647 204
648 118
649 527
650 278
651 125
652 252
653 493
654 31
655 540
656 189
657 65
658 341
659 139
660 266
661 168
662 187
663 38
664 530
665 91
666 530
667 61
668 510
669 82
670 115
671 45
672 571
673 527
674 44
675 161
676 524
677 177
678 338
679 506
680 223
681 146
682 196
683 91
684 258
685 79
686 85
687 173
688 39
689 154
690 363
691 215
692 596
693 106
694 355
695 28
696 506
697 225
698 281
699 239
700 169
701 63
702 358
703 56
704 52
705 255
706 103
707 111
708 383
709 89
710 302
711 185
712 70
713 144
714 442
715 75
716 230
717 224
718 270
719 225
720 69
721 513
722 160
723 47
724 84
725 435
726 443
727 103
728 48
729 590
730 318
731 171
732 511
733 27
734 150
735 668
736 127
737 182
738 242
739 396
740 319
741 75
742 88
743 50
744 143
745 294
746 153
747 461
748 163
749 24
750 478

<precedence relations>
1,13
1,21
1,23
2,190
3,18
4,24
4,25
5,13
5,14
5,15
5,17
5,73
6,22
7,14
7,19
8,15
8,16
9,179
11,20
11,35
12,13
12,14
12,25
13,26
13,34
14,142
14,202
15,26
15,29
16,493
16,510
16,538
16,618
16,690
17,31
18,32
18,35
18,38
19,33
19,36
19,84
20,26
20,28
20,73
21,26
21,55
22,27
22,37
22,49
22,130
23,30
24,39
25,26
25,27
25,32
26,40
26,41
26,46
26,74
27,592
28,41
28,48
29,40
29,41
29,42
29,48
30,71
30,220
31,40
32,47
32,53
32,126
32,205
33,40
33,43
34,40
34,44
35,71
36,121
37,51
37,88
37,133
38,40
38,41
38,49
38,50
38,74
39,40
39,41
39,45
39,52
40,54
40,64
41,56
41,57
41,207
42,54
42,58
42,63
43,381
44,57
44,155
44,259
45,281
46,508
46,574
47,284
48,136
48,430
49,55
49,62
49,169
49,185
49,280
50,244
50,267
50,272
51,59
51,61
51,91
52,54
52,65
52,66
53,60
54,67
54,68
54,69
54,70
54,71
56,69
56,70
56,143
56,153
57,67
57,72
58,67
59,142
59,170
59,280
60,67
61,478
62,71
63,150
63,218
64,67
64,68
65,73
65,74
66,263
67,107
67,116
68,75
68,79
68,80
68,82
68,86
68,133
69,87
69,88
70,76
70,77
71,75
71,78
71,81
71,83
71,85
72,84
72,579
73,246
73,289
73,351
74,142
75,340
75,439
76,89
76,92
76,94
77,89
77,259
78,104
79,91
80,400
81,475
81,507
82,183
83,90
83,106
83,235
84,704
85,530
86,89
86,90
87,89
87,93
87,210
88,89
88,119
89,98
89,102
91,95
91,96
91,100
91,103
92,97
93,95
93,99
93,123
93,176
93,352
94,101
95,104
95,353
96,105
96,107
96,356
97,114
97,119
97,340
98,104
98,118
98,131
99,105
99,117
100,108
100,113
101,106
101,110
101,115
101,272
102,109
102,111
102,112
102,116
103,104
103,413
103,512
103,564
104,530
105,126
105,297
105,407
106,168
106,226
107,268
108,124
108,129
109,121
109,131
110,128
110,158
111,120
112,120
112,239
112,294
113,320
114,120
115,120
115,121
115,125
115,127
116,122
116,272
117,130
117,276
117,362
118,122
118,123
118,272
119,120
119,179
119,204
120,215
120,218
121,180
121,273
122,132
122,134
123,136
123,323
124,135
125,132
125,146
126,444
127,690
128,226
129,137
129,138
129,230
130,133
131,189
132,142
132,144
134,146
134,147
135,139
135,146
135,189
136,227
136,244
136,326
137,140
137,145
138,141
138,143
139,148
139,152
139,157
140,149
140,153
141,148
141,149
141,150
141,155
141,272
142,148
143,148
143,178
144,148
144,151
144,280
145,212
146,150
147,154
147,156
147,414
148,158
148,169
149,158
149,498
150,158
150,159
150,277
151,160
151,164
151,356
152,161
152,163
152,167
152,193
153,166
153,168
153,170
154,162
154,261
155,208
156,354
156,648
157,158
157,165
157,171
158,296
159,258
160,282
160,297
160,377
161,202
162,221
162,732
164,175
164,216
165,172
165,280
166,360
166,556
167,178
167,232
168,176
168,421
169,172
169,173
169,174
170,181
170,264
171,172
171,175
171,177
171,179
171,180
172,182
172,232
173,182
173,183
173,190
173,191
173,196
174,551
175,320
176,187
177,184
177,186
177,192
178,182
178,183
178,185
179,188
180,182
180,183
180,184
180,279
180,280
181,188
181,189
181,191
182,192
182,200
182,267
183,628
184,194
185,196
186,195
186,197
186,198
187,192
187,406
188,192
188,199
188,256
189,192
189,193
189,194
190,229
191,494
191,508
191,666
192,375
193,303
194,203
194,208
194,267
195,201
195,202
195,224
196,201
196,209
196,211
196,263
196,283
197,206
197,207
197,212
197,291
197,340
198,320
198,465
199,202
199,205
199,210
199,287
199,356
200,204
201,214
201,221
202,213
202,214
203,213
203,434
203,445
203,687
204,213
204,218
204,247
205,488
205,579
206,215
206,357
207,355
208,217
209,213
209,216
210,213
210,615
211,220
212,219
213,437
213,708
214,226
214,228
214,229
214,231
215,230
215,248
216,223
217,222
217,232
218,222
218,225
218,227
219,222
219,224
220,222
221,608
221,657
222,238
223,239
223,273
224,234
224,235
224,236
225,233
226,257
227,421
228,241
228,282
229,305
229,429
229,447
230,365
231,233
232,237
232,240
232,353
233,242
233,243
233,248
233,251
233,254
233,255
234,242
234,243
234,244
234,245
234,259
235,247
235,368
237,249
237,265
238,242
238,252
238,253
238,256
239,244
239,258
239,311
240,242
240,246
240,250
241,257
242,269
243,573
244,271
244,350
244,421
245,272
245,365
246,263
247,268
247,274
248,433
248,541
249,544
249,590
250,265
251,266
252,260
252,356
252,468
253,262
254,260
254,498
254,641
255,313
256,260
256,270
257,267
258,261
258,264
259,260
259,261
259,262
259,273
260,350
260,502
261,279
261,287
262,275
262,276
263,275
263,276
263,282
263,368
264,275
264,276
265,275
265,276
265,283
266,275
266,278
267,275
267,277
268,275
269,275
270,275
270,281
271,299
271,478
272,280
272,295
273,293
273,441
273,626
274,334
274,403
275,286
275,292
276,332
276,509
277,289
277,293
277,294
278,290
278,291
278,337
278,404
279,336
279,424
280,284
281,284
281,287
282,295
283,285
283,288
283,328
284,301
284,302
284,307
285,304
285,367
286,300
286,305
287,305
287,362
287,423
288,298
288,299
288,300
290,339
291,296
291,427
292,393
292,745
294,297
294,306
294,454
295,296
295,303
296,308
296,459
297,311
297,465
298,313
298,314
298,318
298,347
299,648
299,668
300,309
301,316
301,331
302,315
303,317
304,308
304,309
304,312
305,308
305,480
305,507
305,544
306,366
306,427
306,580
307,308
307,310
308,601
308,642
308,732
309,322
309,325
309,327
310,352
310,384
311,320
311,324
311,376
312,323
313,330
314,324
314,335
315,319
315,328
316,364
317,319
318,319
318,321
318,326
319,329
319,331
319,390
319,465
320,329
320,334
320,335
322,599
323,404
324,329
325,330
325,337
325,338
326,332
326,333
326,346
326,456
327,329
327,338
327,395
328,336
328,556
329,339
329,346
329,360
329,466
330,339
330,343
330,344
331,339
331,342
331,466
333,340
333,471
333,483
334,341
334,347
335,345
335,361
336,517
337,372
337,393
338,347
338,371
338,434
339,357
339,358
339,359
339,361
340,356
341,353
341,354
341,421
342,348
343,352
343,360
344,355
345,351
345,430
346,349
346,350
346,354
346,515
347,348
347,445
347,600
347,647
348,372
348,515
349,364
349,372
350,366
350,508
351,368
351,433
352,363
352,370
352,472
353,367
354,516
355,362
355,365
356,371
356,550
356,567
357,693
358,447
358,567
359,401
360,583
360,687
361,369
361,394
362,384
363,376
363,377
363,379
364,373
364,380
364,382
364,385
364,389
365,373
365,374
365,381
365,409
366,383
366,486
367,373
367,415
367,518
367,529
368,374
369,448
369,535
369,600
370,613
370,686
370,724
371,375
372,373
372,378
372,524
373,388
373,633
375,387
375,389
375,397
375,466
375,488
375,580
376,396
376,559
377,393
377,395
378,391
379,443
379,661
380,501
380,716
381,394
382,725
383,396
384,390
384,392
385,386
385,410
385,438
386,398
386,406
386,491
386,566
386,569
389,403
389,514
390,398
390,399
390,400
392,398
392,430
392,659
393,473
394,401
394,402
394,411
395,404
395,407
395,408
396,398
396,399
396,405
397,597
398,598
399,410
399,560
399,601
400,411
401,564
401,684
402,410
402,418
403,409
403,413
403,467
404,414
404,415
404,417
405,409
406,412
406,433
407,409
407,416
408,490
408,507
409,423
409,570
410,428
410,620
410,635
410,648
411,422
412,419
412,420
412,427
413,419
413,559
414,422
415,427
415,516
416,426
417,419
417,454
417,555
418,421
418,424
418,425
419,643
420,476
421,429
421,431
421,438
422,429
422,432
422,433
423,441
423,491
424,434
424,435
424,437
424,439
424,483
424,580
425,429
425,430
425,440
426,436
429,445
429,453
430,447
430,451
430,498
430,551
430,555
430,635
432,444
432,450
432,452
432,455
433,449
433,546
433,643
434,446
434,638
435,448
435,656
436,454
436,570
438,442
438,601
439,573
440,459
441,443
442,594
443,494
443,691
444,456
444,457
445,464
446,460
447,513
447,525
448,471
448,658
448,665
451,660
452,461
452,464
452,485
453,459
453,462
453,463
454,458
455,507
455,651
456,467
456,469
456,470
457,474
457,606
458,465
458,466
458,471
458,504
458,540
458,602
458,608
459,476
460,472
460,534
461,486
461,689
462,475
462,527
462,682
463,468
464,473
464,601
464,714
465,568
465,574
466,605
466,675
467,552
467,602
467,742
468,480
468,484
468,603
469,485
469,498
470,477
470,478
471,482
472,479
472,737
474,480
474,521
476,481
476,483
477,508
477,597
478,491
479,541
480,486
480,487
480,489
480,494
480,496
480,524
480,570
480,694
481,490
481,493
483,492
483,495
483,539
484,488
484,521
485,701
487,498
487,526
488,505
488,569
488,649
489,533
489,615
490,500
490,503
490,603
491,504
492,501
494,552
495,497
495,499
495,559
496,502
497,507
497,511
497,519
498,515
498,605
498,638
499,520
500,506
500,514
500,517
500,518
501,513
501,516
502,508
502,509
503,506
503,510
503,521
503,700
504,512
505,655
506,557
507,705
508,528
510,537
510,669
510,723
511,524
511,531
511,535
512,523
512,534
512,594
513,705
514,527
514,673
515,726
516,522
516,532
517,529
518,525
518,533
518,543
518,591
518,622
519,536
519,588
519,600
520,526
520,530
521,541
522,602
523,597
524,542
524,543
525,609
527,660
528,540
528,547
528,550
529,546
529,564
530,544
530,548
531,541
532,549
532,745
533,542
533,575
534,539
534,545
534,603
535,538
535,551
539,587
540,559
541,556
542,552
542,644
543,733
544,553
544,560
544,594
545,619
545,680
546,561
547,554
548,555
548,558
549,557
549,631
549,705
551,575
551,667
552,572
552,748
553,577
554,566
554,569
555,562
555,571
556,564
557,731
558,565
558,575
558,576
558,671
559,563
559,573
560,567
560,574
561,568
561,570
562,588
563,578
563,583
564,582
565,579
565,585
566,587
567,602
567,637
567,656
568,580
571,581
574,586
574,615
575,582
575,584
575,695
576,691
577,593
578,607
579,593
579,596
580,590
580,594
581,597
581,691
582,588
582,592
582,610
584,589
586,591
587,595
587,598
588,628
589,674
589,681
590,665
592,602
593,608
593,685
594,599
594,600
594,604
594,606
594,607
594,609
597,603
597,605
597,733
598,601
598,700
598,732
599,611
599,613
599,614
599,617
599,620
599,693
599,736
600,618
600,671
601,612
601,626
602,649
603,622
603,671
604,610
604,619
605,705
606,615
606,624
606,625
607,621
607,622
607,623
608,611
608,616
610,637
610,648
611,695
612,634
613,632
613,636
613,688
614,629
614,666
615,638
616,631
617,717
618,633
619,630
620,627
620,727
621,635
622,737
623,626
624,640
625,628
626,648
626,725
627,645
627,649
627,650
628,644
628,750
629,640
629,647
629,717
630,646
631,641
632,728
633,642
633,655
634,643
634,721
635,652
635,730
637,639
637,651
637,655
638,642
638,704
640,653
641,746
642,733
644,666
646,656
647,659
648,654
649,658
651,657
651,677
651,704
652,655
652,737
653,662
653,664
655,661
655,665
656,663
657,666
658,748
659,660
660,671
660,679
661,669
661,670
661,674
661,677
661,678
662,681
663,667
663,734
664,668
664,672
665,675
665,683
666,673
666,676
666,680
667,684
667,689
667,695
668,682
670,686
671,694
673,692
674,683
674,691
675,685
675,688
676,690
677,693
678,716
680,720
681,687
683,703
683,705
684,699
685,698
686,701
686,702
687,706
688,697
689,700
689,704
689,722
691,696
693,705
693,707
693,726
694,720
696,708
699,713
700,710
700,738
701,709
701,729
702,713
703,707
706,711
706,712
707,715
707,716
707,717
707,718
707,722
709,719
709,734
711,714
711,723
712,720
712,722
713,721
714,724
715,728
715,741
716,727
717,725
719,732
719,733
719,748
720,730
721,728
721,731
721,735
722,729
722,732
723,726
723,734
724,737
724,738
725,742
726,740
727,741
728,744
728,746
730,743
733,739
733,740
735,736
735,745
737,748
744,747
744,749
744,750

<end>
