<number of tasks>
750

<cycle time>
1000

<order strength>
0.595


<task times>
1 129
2 103
3 43
4 155
5 50
6 147
7 221
8 78
9 154
10 52
11 133
12 109
13 174
14 305
15 87
16 70
17 163
18 98
19 184
20 254
21 31
22 23
23 141
24 69
25 71
26 83
27 135
28 129
29 52
30 70
31 81
32 209
33 179
34 73
35 92
36 48
37 186
38 267
39 51
40 111
41 43
42 345
43 209
44 255
45 83
46 63
47 99
48 147
49 22
50 209
51 139
52 103
53 35
54 103
55 66
56 160
57 181
58 96
59 35
60 61
61 87
62 191
63 28
64 234
65 140
66 94
67 67
68 145
69 273
70 121
71 146
72 133
73 197
74 211
75 161
76 123
77 69
78 98
79 45
80 114
81 95
82 299
83 188
84 121
85 128
86 116
87 76
88 122
89 151
90 119
91 88
92 94
93 36
94 121
95 128
96 239
97 64
98 129
99 105
100 249
101 97
102 257
103 106
104 128
105 116
106 139
107 36
108 53
109 189
110 58
111 141
112 135
113 277
114 116
115 50
116 131
117 193
118 114
119 181
120 195
121 230
122 127
123 117
124 102
125 57
126 83
127 204
128 221
129 124
130 279
131 249
132 62
133 116
134 215
135 176
136 126
137 292
138 162
139 224
140 91
141 144
142 304
143 208
144 222
145 159
146 204
147 49
148 115
149 158
150 91
151 156
152 298
153 116
154 216
155 129
156 25
157 332
158 51
159 116
160 169
161 148
162 110
163 162
164 205
165 36
166 90
167 198
168 88
169 177
170 162
171 199
172 156
173 98
174 170
175 68
176 269
177 146
178 25
179 156
180 153
181 127
182 97
183 109
184 189
185 81
186 133
187 316
188 240
189 193
190 98
191 144
192 129
193 67
194 217
195 180
196 187
197 78
198 165
199 191
200 94
201 22
202 138
203 274
204 160
205 326
206 61
207 88
208 91
209 148
210 30
211 160
212 53
213 143
214 186
215 227
216 254
217 144
218 289
219 151
220 247
221 24
222 180
223 94
224 31
225 151
226 223
227 99
228 220
229 121
230 126
231 52
232 172
233 147
234 186
235 131
236 156
237 147
238 94
239 95
240 359
241 87
242 26
243 33
244 253
245 135
246 121
247 66
248 113
249 166
250 103
251 32
252 170
253 136
254 132
255 178
256 56
257 307
258 178
259 301
260 125
261 166
262 80
263 38
264 31
265 94
266 127
267 98
268 97
269 218
270 34
271 151
272 28
273 261
274 125
275 144
276 117
277 163
278 63
279 318
280 230
281 76
282 184
283 65
284 128
285 235
286 30
287 182
288 246
289 200
290 173
291 71
292 110
293 120
294 282
295 54
296 75
297 197
298 42
299 155
300 283
301 195
302 223
303 247
304 163
305 133
306 51
307 167
308 103
309 101
310 86
311 132
312 48
313 138
314 89
315 245
316 92
317 158
318 134
319 229
320 65
321 82
322 93
323 111
324 35
325 67
326 100
327 276
328 242
329 157
330 147
331 33
332 209
333 43
334 33
335 75
336 54
337 45
338 210
339 59
340 124
341 48
342 205
343 269
344 179
345 121
346 146
347 121
348 32
349 198
350 264
351 110
352 77
353 88
354 198
355 102
356 154
357 45
358 32
359 120
360 120
361 72
362 153
363 66
364 108
365 156
366 50
367 131
368 42
369 89
370 49
371 262
372 49
373 52
374 156
375 137
376 65
377 180
378 70
379 41
380 82
381 201
382 50
383 98
384 37
385 144
386 339
387 63
388 43
389 118
390 350
391 120
392 86
393 91
394 152
395 54
396 79
397 257
398 160
399 78
400 128
401 237
402 214
403 169
404 104
405 73
406 23
407 52
408 144
409 33
410 118
411 86
412 230
413 182
414 79
415 27
416 115
417 210
418 60
419 95
420 422
421 334
422 56
423 70
424 77
425 107
426 180
427 169
428 114
429 135
430 177
431 57
432 36
433 325
434 97
435 167
436 243
437 187
438 27
439 220
440 128
441 60
442 273
443 76
444 117
445 119
446 55
447 313
448 161
449 305
450 239
451 96
452 162
453 252
454 147
455 153
456 91
457 68
458 94
459 49
460 228
461 27
462 137
463 137
464 177
465 54
466 144
467 242
468 98
469 153
470 43
471 51
472 156
473 36
474 117
475 222
476 117
477 136
478 88
479 140
480 196
481 22
482 77
483 263
484 96
485 70
486 86
487 96
488 142
489 25
490 216
491 125
492 97
493 284
494 85
495 88
496 77
497 193
498 198
499 38
500 154
501 40
502 38
503 97
504 131
505 161
506 53
507 194
508 216
509 136
510 108
511 43
512 213
513 110
514 164
515 224
516 259
517 276
518 131
519 77
520 22
521 82
522 77
523 142
524 223
525 65
526 144
527 42
528 116
529 94
530 148
531 151
532 210
533 49
534 172
535 122
536 88
537 261
538 119
539 41
540 217
541 94
542 158
543 317
544 87
545 66
546 282
547 21
548 164
549 31
550 209
551 36
552 155
553 152
554 196
555 139
556 73
557 207
558 197
559 289
560 31
561 20
562 33
563 33
564 74
565 60
566 187
567 134
568 150
569 189
570 98
571 103
572 56
573 195
574 171
575 136
576 203
577 159
578 229
579 231
580 146
581 239
582 73
583 100
584 116
585 34
586 45
587 108
588 298
589 214
590 275
591 227
592 147
593 53
594 92
595 181
596 118
597 181
598 328
599 139
600 35
601 101
602 111
603 108
604 96
605 152
606 123
607 70
608 168
609 150
610 164
611 53
612 161
613 122
614 226
615 122
616 109
617 159
618 136
619 75
620 147
621 293
622 65
623 116
624 89
625 196
626 245
627 72
628 114
629 293
630 94
631 75
632 159
633 107
634 137
635 224
636 162
637 131
638 52
639 26
640 23
641 188
642 66
643 230
644 68
645 203
646 135
647 163
648 226
649 69
650 172
651 96
652 160
653 41
654 146
655 192
656 194
657 261
658 77
659 182
660 237
661 69
662 213
663 219
664 139
665 47
666 87
667 119
668 73
669 124
670 88
671 37
672 46
673 216
674 45
675 131
676 51
677 47
678 66
679 254
680 261
681 26
682 105
683 152
684 132
685 240
686 54
687 140
688 129
689 123
690 53
691 113
692 56
693 32
694 245
695 26
696 85
697 30
698 183
699 82
700 105
701 134
702 198
703 202
704 119
705 108
706 110
707 177
708 181
709 81
710 109
711 63
712 109
713 128
714 26
715 299
716 125
717 22
718 130
719 93
720 193
721 92
722 81
723 114
724 202
725 134
726 174
727 118
728 184
729 101
730 132
731 258
732 112
733 200
734 216
735 134
736 213
737 111
738 66
739 27
740 21
741 128
742 38
743 83
744 146
745 23
746 175
747 93
748 92
749 43
750 30

<precedence relations>
1,209
2,104
3,13
3,20
3,22
4,18
4,19
5,13
5,14
5,15
5,17
6,13
7,16
8,13
9,21
10,14
10,87
11,13
11,21
12,13
13,25
13,26
14,23
15,23
15,24
16,28
16,30
16,52
17,24
17,32
18,23
18,29
18,36
18,41
18,201
19,33
19,149
20,27
20,132
21,23
21,31
21,77
22,274
22,406
23,38
23,204
24,33
24,34
24,37
24,131
25,40
26,33
26,39
27,36
28,80
29,139
30,301
30,548
30,636
30,678
31,34
31,35
31,80
31,95
32,33
32,41
33,42
33,44
33,47
34,42
34,43
34,50
34,149
35,45
35,106
35,217
36,52
36,239
37,46
37,115
37,249
38,42
38,48
39,54
40,49
40,51
40,137
41,42
41,53
42,55
42,64
43,55
43,62
43,70
44,55
44,67
44,71
44,113
44,160
45,58
45,559
46,68
46,133
47,55
47,56
47,60
47,71
48,55
48,66
49,61
50,55
50,69
50,167
51,259
52,63
52,65
53,55
53,57
54,55
54,56
54,57
54,59
54,89
55,72
55,75
55,81
56,146
57,72
57,471
57,560
58,371
59,74
59,144
60,119
60,320
60,321
61,76
61,80
62,75
62,165
62,248
63,157
63,276
64,83
65,72
65,99
66,82
67,72
67,77
68,72
68,216
68,478
69,73
69,78
69,187
70,72
70,79
71,72
71,239
71,393
72,349
73,390
73,482
73,580
73,582
74,683
75,93
75,222
76,84
77,84
77,85
77,120
78,84
78,85
78,97
79,84
79,91
79,96
80,84
80,85
80,87
80,88
80,92
80,94
81,166
82,86
82,90
82,95
83,89
83,174
84,98
84,99
84,100
84,101
85,433
86,98
86,125
86,217
87,133
88,99
89,106
89,170
89,217
90,98
90,116
91,136
92,101
92,107
92,108
93,98
93,188
94,98
94,102
94,104
95,266
96,103
96,122
96,153
96,216
96,264
97,98
97,105
98,150
99,118
100,109
102,109
102,115
103,163
103,210
103,347
104,113
105,109
105,114
106,116
107,109
107,111
107,112
108,109
108,110
109,125
110,117
111,119
111,126
111,247
111,654
112,123
113,117
113,118
113,124
113,145
113,166
114,121
114,122
114,127
115,120
115,417
115,492
116,118
116,156
116,173
117,136
118,128
119,134
120,618
121,642
121,687
122,673
123,130
123,131
123,135
123,138
123,217
124,129
124,132
125,147
126,601
127,133
127,137
127,150
128,148
128,150
129,141
129,147
130,311
130,467
130,472
130,513
131,142
131,149
132,139
132,246
133,140
133,145
133,146
134,160
136,143
136,144
137,139
138,140
138,211
139,157
139,159
140,160
140,503
141,174
142,151
143,151
144,153
145,151
145,152
145,264
146,191
147,151
147,152
147,155
148,151
148,226
149,156
150,154
150,158
150,193
151,163
151,171
152,169
152,170
153,164
153,167
154,168
155,165
156,162
156,166
156,171
157,161
157,162
158,161
158,162
159,721
160,494
161,451
161,468
161,492
162,175
162,180
162,209
163,200
163,267
164,174
164,178
165,173
165,181
165,276
166,172
166,207
167,179
168,213
169,172
169,177
170,253
171,176
171,290
172,182
172,183
172,186
173,182
173,185
174,182
174,183
175,189
175,574
176,240
176,340
177,307
178,182
178,184
178,188
179,182
179,187
179,286
180,185
182,192
182,211
183,193
183,197
183,252
184,190
184,195
184,199
184,201
184,296
185,190
185,194
185,195
185,196
186,190
186,191
186,198
186,200
187,403
187,518
188,190
188,336
189,359
189,458
190,211
190,396
191,214
191,247
191,274
192,202
192,205
192,210
193,206
193,215
194,202
194,212
195,207
195,213
196,203
196,216
196,341
197,208
197,218
197,219
198,202
198,203
198,215
198,315
199,202
199,204
199,217
200,205
200,209
201,202
201,224
202,220
203,232
204,382
204,504
204,534
204,599
204,663
205,227
205,330
206,226
206,290
206,364
207,277
208,228
208,245
208,272
208,307
209,220
209,225
210,266
210,415
211,417
211,533
212,221
213,223
213,229
214,220
214,222
215,224
216,724
217,220
218,220
218,347
219,428
220,230
220,238
221,235
222,240
222,314
223,233
223,250
224,232
225,241
226,231
227,234
227,237
227,433
227,442
227,552
228,239
228,411
229,230
229,236
229,262
230,255
230,257
231,242
231,243
231,244
231,246
231,256
232,250
232,253
232,432
233,242
233,398
234,251
235,244
235,249
235,469
236,321
236,503
236,522
236,618
237,638
238,596
239,248
240,252
241,245
241,247
241,254
241,380
242,258
242,265
242,470
243,729
244,262
244,267
245,274
246,260
246,376
247,375
248,421
249,263
249,264
251,593
251,596
251,623
251,656
252,261
252,263
253,268
254,733
255,259
256,258
257,266
257,281
258,269
259,275
259,277
260,377
260,733
261,269
261,272
261,276
262,271
263,270
263,302
264,274
265,269
265,333
266,312
268,273
269,285
269,287
269,288
270,278
271,278
271,406
272,288
273,278
273,280
273,286
273,314
274,282
274,283
274,422
275,278
275,279
275,395
275,398
276,281
277,284
278,289
278,294
279,545
279,706
280,406
280,427
281,292
282,296
282,342
283,536
283,556
284,290
284,291
284,293
285,295
285,300
286,426
286,457
286,507
287,299
287,389
287,433
288,297
288,298
289,304
290,380
291,301
291,306
292,309
292,312
293,301
293,307
294,301
294,311
294,642
295,302
295,328
295,372
296,353
297,525
298,310
298,408
299,303
299,305
299,492
300,308
301,512
302,319
302,488
303,313
304,313
305,321
306,314
306,546
307,322
308,313
308,315
308,409
309,313
309,317
310,320
310,360
310,504
311,627
311,711
312,316
312,318
313,328
313,330
313,331
313,504
314,329
314,333
314,407
315,441
315,453
316,326
316,475
317,332
317,334
318,323
318,324
318,376
319,466
319,551
320,404
320,508
321,325
322,327
323,348
324,335
324,339
324,547
325,335
325,345
325,347
325,577
326,535
327,340
327,344
328,723
329,337
329,377
329,413
330,338
330,374
331,335
331,336
331,342
331,343
331,345
331,346
332,341
332,357
333,581
334,336
334,424
335,355
335,626
335,677
336,348
336,351
337,604
337,703
338,356
338,662
339,351
339,354
339,471
340,349
340,523
341,350
341,396
341,556
341,560
341,584
343,349
343,549
344,352
344,353
345,349
345,423
347,659
348,360
349,589
350,423
352,357
352,361
352,362
353,363
353,504
354,358
355,359
355,627
357,366
357,370
357,447
358,364
358,369
359,384
359,565
359,605
360,368
360,372
361,364
361,371
361,417
361,504
362,364
362,365
362,367
363,364
363,373
364,405
365,415
365,442
366,376
366,381
366,385
367,378
367,465
367,548
367,635
368,374
368,375
368,379
368,382
368,383
368,388
369,384
369,549
369,637
369,650
370,506
371,377
371,379
372,380
373,386
373,387
373,389
374,393
375,401
375,618
375,657
376,397
376,431
377,394
377,469
377,681
377,703
378,396
378,597
379,390
379,453
379,583
380,390
380,394
380,562
380,593
381,395
381,499
382,391
382,696
386,398
387,470
387,515
388,392
391,401
391,410
392,402
392,403
392,464
393,399
393,405
394,581
395,409
395,534
396,399
396,404
396,406
396,578
397,400
397,408
397,458
398,407
398,546
399,419
399,462
402,417
402,420
403,413
403,416
403,422
403,553
404,423
404,448
404,526
405,411
407,421
408,412
408,414
409,411
409,415
409,418
411,428
411,434
412,427
413,425
413,430
413,687
414,426
415,432
416,431
417,439
419,429
419,476
420,473
420,479
421,424
421,433
421,442
422,679
423,435
423,452
423,517
424,437
424,451
425,440
425,447
425,566
426,449
426,450
427,442
427,443
428,439
428,448
428,452
429,704
430,481
430,541
430,682
431,444
431,445
432,725
433,436
433,438
433,483
433,505
434,446
434,449
434,472
435,436
435,441
435,591
436,455
436,570
436,622
437,530
437,536
439,459
440,554
441,571
442,453
442,461
443,493
443,627
445,456
445,458
445,460
445,550
446,624
449,462
449,621
450,454
450,468
450,481
450,495
451,457
451,614
452,474
453,468
454,466
454,469
457,470
457,514
457,607
458,506
459,465
459,467
459,472
459,474
461,464
461,471
462,463
462,464
462,473
463,713
464,510
465,478
465,482
465,568
465,569
465,632
466,475
467,481
467,639
468,479
468,485
469,639
469,721
471,480
471,483
472,484
473,476
474,477
474,539
474,666
475,489
475,561
476,494
476,505
477,707
478,488
478,494
479,490
479,496
480,486
480,487
480,549
483,492
484,493
484,495
484,498
485,486
485,491
486,508
486,533
487,543
488,501
488,507
489,504
489,555
490,497
490,503
490,704
491,505
491,689
493,606
494,502
495,500
495,560
496,498
496,499
496,506
497,733
498,509
498,514
500,511
500,519
502,515
502,707
503,516
504,510
504,590
505,518
506,512
506,513
508,517
509,528
510,742
511,524
512,523
512,645
513,520
513,521
514,522
514,544
515,731
516,526
516,663
517,540
517,654
518,527
518,529
518,577
519,525
520,533
521,532
522,531
522,570
523,535
523,536
523,576
524,530
524,538
525,641
526,534
526,539
526,589
528,537
529,571
529,634
530,542
530,682
531,550
531,630
531,648
532,541
532,730
533,545
533,671
534,547
534,634
534,666
534,703
536,549
537,544
537,548
537,576
538,543
538,546
539,540
539,702
540,558
540,683
541,560
542,552
542,664
543,553
543,557
543,559
544,551
545,555
546,639
548,588
548,631
549,554
549,566
549,573
550,556
552,563
552,637
553,561
553,563
553,565
553,568
554,722
555,614
556,566
556,668
557,564
557,569
558,570
558,728
559,562
559,567
560,657
560,737
561,579
561,695
562,580
562,582
563,571
563,573
563,574
563,576
564,630
565,732
566,572
566,575
566,578
566,581
566,635
568,577
569,656
569,711
569,744
571,585
571,700
572,588
572,735
572,738
574,635
574,734
575,586
576,584
576,587
577,592
577,676
578,649
579,589
579,631
580,590
580,591
582,583
582,642
583,609
584,598
584,600
585,593
585,594
586,602
587,597
587,599
588,601
588,731
588,750
589,595
589,668
591,603
591,628
591,652
592,596
592,637
593,611
593,616
594,605
594,608
594,724
595,612
595,615
596,604
596,606
596,607
596,609
596,619
596,723
597,618
600,617
600,670
600,677
601,613
602,610
602,697
603,614
603,698
604,638
604,683
606,624
607,626
608,716
609,622
609,629
611,628
612,621
612,623
612,630
614,620
614,638
614,681
615,636
615,657
617,627
617,711
617,726
618,625
620,637
621,692
621,727
623,634
623,640
625,631
625,632
626,633
626,638
627,635
628,639
628,641
629,636
631,651
632,644
633,642
633,643
633,645
633,647
633,750
634,662
634,724
636,648
636,652
638,646
638,650
640,649
640,655
641,653
641,654
641,710
643,657
643,661
644,666
644,722
645,658
646,659
647,663
649,664
651,656
651,660
652,665
653,688
654,662
656,671
658,667
660,722
660,724
661,673
662,669
662,676
663,678
664,675
664,743
665,670
665,672
665,677
666,668
666,674
667,682
667,688
669,683
669,686
670,685
670,710
671,681
671,684
671,689
672,679
672,719
674,680
674,687
674,743
675,690
675,691
681,699
683,694
685,701
686,692
686,696
688,695
688,720
689,698
689,700
689,740
690,692
691,693
691,697
691,739
692,702
692,708
692,711
697,705
697,709
698,703
699,704
699,707
700,710
701,706
702,718
703,719
703,720
704,717
705,715
708,715
708,716
710,713
710,714
710,722
710,734
711,712
711,721
712,729
713,724
713,725
715,723
718,726
720,730
720,748
721,728
721,731
722,727
723,738
725,733
727,732
727,735
728,741
729,739
730,736
730,737
731,734
732,745
734,742
734,748
734,749
735,741
735,746
735,747
735,750
736,743
738,744
739,740

<end>
