<number of tasks>
750

<cycle time>
1000

<order strength>
0.195


<task times>
1 175
2 386
3 222
4 89
5 114
6 37
7 200
8 96
9 109
10 245
11 51
12 59
13 298
14 65
15 103
16 290
17 115
18 166
19 553
20 84
21 432
22 214
23 439
24 457
25 406
26 107
27 170
28 174
29 80
30 107
31 69
32 476
33 130
34 331
35 104
36 145
37 58
38 57
39 564
40 190
41 128
42 379
43 151
44 224
45 244
46 43
47 21
48 308
49 251
50 153
51 139
52 107
53 268
54 37
55 527
56 283
57 147
58 240
59 195
60 164
61 68
62 352
63 189
64 33
65 455
66 383
67 576
68 445
69 341
70 230
71 183
72 586
73 170
74 323
75 25
76 210
77 116
78 328
79 492
80 52
81 181
82 86
83 113
84 236
85 354
86 74
87 508
88 65
89 541
90 477
91 147
92 64
93 280
94 562
95 60
96 211
97 131
98 100
99 63
100 177
101 82
102 44
103 291
104 223
105 88
106 95
107 112
108 499
109 176
110 36
111 648
112 222
113 206
114 161
115 491
116 112
117 114
118 271
119 55
120 97
121 181
122 298
123 87
124 222
125 130
126 473
127 515
128 41
129 363
130 93
131 144
132 496
133 106
134 163
135 582
136 86
137 219
138 461
139 204
140 77
141 153
142 240
143 33
144 208
145 227
146 461
147 144
148 174
149 156
150 320
151 377
152 486
153 145
154 73
155 173
156 144
157 42
158 517
159 220
160 136
161 413
162 70
163 108
164 164
165 327
166 26
167 185
168 87
169 357
170 484
171 85
172 143
173 242
174 142
175 74
176 520
177 125
178 75
179 457
180 41
181 198
182 497
183 170
184 358
185 519
186 182
187 71
188 234
189 109
190 149
191 165
192 433
193 70
194 430
195 332
196 135
197 534
198 105
199 99
200 61
201 74
202 105
203 73
204 101
205 83
206 345
207 388
208 201
209 84
210 109
211 75
212 217
213 119
214 110
215 591
216 60
217 260
218 98
219 213
220 24
221 540
222 281
223 243
224 117
225 311
226 184
227 24
228 293
229 101
230 506
231 217
232 73
233 110
234 245
235 222
236 188
237 124
238 400
239 525
240 329
241 272
242 58
243 507
244 98
245 598
246 258
247 201
248 115
249 151
250 312
251 71
252 94
253 429
254 52
255 225
256 81
257 392
258 42
259 75
260 253
261 160
262 552
263 36
264 176
265 430
266 102
267 195
268 174
269 184
270 78
271 315
272 93
273 245
274 61
275 423
276 465
277 94
278 70
279 241
280 165
281 379
282 185
283 333
284 477
285 82
286 97
287 73
288 194
289 113
290 184
291 456
292 409
293 206
294 650
295 454
296 58
297 137
298 174
299 250
300 171
301 316
302 43
303 70
304 237
305 227
306 394
307 56
308 215
309 175
310 21
311 62
312 149
313 75
314 147
315 505
316 196
317 189
318 352
319 32
320 173
321 111
322 165
323 270
324 212
325 153
326 281
327 560
328 317
329 244
330 152
331 167
332 544
333 508
334 463
335 70
336 386
337 46
338 503
339 143
340 324
341 41
342 47
343 337
344 82
345 149
346 274
347 83
348 35
349 24
350 454
351 108
352 145
353 224
354 339
355 158
356 249
357 175
358 87
359 276
360 87
361 54
362 320
363 212
364 234
365 24
366 20
367 302
368 521
369 324
370 366
371 71
372 174
373 536
374 104
375 507
376 105
377 173
378 197
379 253
380 191
381 352
382 59
383 477
384 87
385 458
386 145
387 130
388 44
389 38
390 67
391 432
392 31
393 216
394 251
395 430
396 483
397 163
398 216
399 252
400 368
401 178
402 150
403 198
404 25
405 330
406 158
407 105
408 36
409 93
410 379
411 488
412 43
413 141
414 284
415 137
416 180
417 555
418 57
419 207
420 229
421 429
422 98
423 199
424 203
425 144
426 42
427 501
428 153
429 260
430 132
431 147
432 162
433 256
434 44
435 99
436 311
437 169
438 519
439 427
440 381
441 191
442 33
443 187
444 87
445 161
446 91
447 539
448 422
449 279
450 183
451 199
452 118
453 328
454 151
455 586
456 30
457 270
458 180
459 37
460 139
461 238
462 159
463 105
464 186
465 45
466 59
467 210
468 185
469 135
470 93
471 94
472 219
473 88
474 145
475 263
476 171
477 246
478 554
479 221
480 246
481 418
482 373
483 25
484 93
485 112
486 141
487 86
488 132
489 89
490 150
491 483
492 380
493 127
494 245
495 237
496 87
497 36
498 401
499 32
500 217
501 520
502 272
503 29
504 94
505 41
506 482
507 482
508 139
509 556
510 79
511 280
512 32
513 170
514 500
515 151
516 105
517 500
518 112
519 472
520 239
521 206
522 268
523 165
524 208
525 270
526 195
527 405
528 417
529 231
530 156
531 222
532 304
533 347
534 234
535 108
536 109
537 152
538 172
539 28
540 357
541 119
542 207
543 37
544 338
545 217
546 267
547 83
548 507
549 171
550 29
551 370
552 506
553 255
554 630
555 170
556 185
557 57
558 526
559 128
560 421
561 107
562 229
563 156
564 494
565 189
566 289
567 257
568 283
569 544
570 69
571 151
572 162
573 307
574 104
575 164
576 33
577 171
578 43
579 77
580 180
581 70
582 169
583 474
584 361
585 221
586 220
587 174
588 506
589 208
590 36
591 524
592 312
593 213
594 129
595 179
596 230
597 174
598 180
599 311
600 127
601 70
602 578
603 85
604 103
605 312
606 158
607 250
608 133
609 317
610 152
611 435
612 183
613 177
614 226
615 320
616 206
617 542
618 183
619 53
620 389
621 143
622 552
623 295
624 161
625 491
626 325
627 287
628 21
629 193
630 185
631 169
632 323
633 201
634 402
635 206
636 22
637 215
638 127
639 56
640 474
641 93
642 319
643 113
644 250
645 199
646 172
647 234
648 193
649 257
650 203
651 188
652 51
653 246
654 220
655 203
656 210
657 79
658 101
659 106
660 157
661 110
662 89
663 195
664 181
665 489
666 42
667 66
668 125
669 302
670 383
671 491
672 571
673 129
674 184
675 40
676 320
677 555
678 146
679 404
680 140
681 373
682 235
683 552
684 93
685 304
686 169
687 589
688 65
689 142
690 486
691 169
692 122
693 203
694 61
695 291
696 182
697 345
698 159
699 167
700 33
701 89
702 358
703 167
704 190
705 493
706 310
707 164
708 358
709 244
710 79
711 412
712 41
713 79
714 510
715 136
716 41
717 52
718 109
719 539
720 185
721 155
722 146
723 420
724 149
725 167
726 489
727 263
728 336
729 301
730 463
731 21
732 183
733 189
734 277
735 33
736 195
737 249
738 22
739 247
740 108
741 238
742 171
743 259
744 173
745 37
746 36
747 244
748 158
749 101
750 334

<precedence relations>
1,19
2,14
2,17
3,15
3,23
4,16
5,18
5,114
6,20
7,21
7,22
11,495
11,650
12,24
13,637
14,25
15,26
16,28
17,29
18,30
19,33
20,31
21,32
22,27
22,35
22,36
22,39
22,41
23,34
23,37
23,40
23,42
24,38
25,43
26,48
27,44
28,45
29,46
30,49
31,50
32,48
33,47
35,52
36,53
36,55
37,54
37,236
38,80
38,342
39,569
40,51
40,56
40,747
43,57
44,59
45,61
46,60
47,61
48,58
48,115
49,64
49,77
50,63
50,66
50,95
51,62
51,67
51,343
52,95
53,65
53,373
53,573
54,91
57,73
58,68
59,69
60,70
61,72
61,74
61,75
61,197
62,71
62,76
62,80
63,78
63,79
64,621
65,77
68,81
69,83
70,84
71,85
72,86
73,87
73,91
74,82
74,94
74,159
75,96
75,478
75,506
77,95
78,89
78,93
79,88
79,90
79,92
80,129
81,99
82,98
83,103
84,105
85,106
86,101
87,102
88,97
88,107
89,100
89,104
89,107
90,108
91,110
91,116
91,177
92,115
92,117
92,488
93,114
94,474
95,111
95,112
95,113
95,460
96,109
96,118
97,119
98,121
99,123
100,125
101,122
102,128
103,120
103,438
104,124
105,134
106,475
107,126
107,132
108,127
110,194
111,248
112,131
113,135
113,148
113,277
114,129
114,130
114,133
115,129
116,192
117,616
118,232
119,146
120,136
121,139
122,140
123,137
124,141
125,142
126,143
127,144
128,138
129,145
129,146
130,148
130,150
130,152
131,147
131,149
131,151
132,656
134,153
134,172
135,540
135,690
136,159
137,154
138,155
139,160
140,156
141,161
142,159
143,157
144,162
145,158
147,168
147,491
147,570
148,163
148,164
150,165
150,166
150,167
150,169
152,655
153,253
154,170
155,172
156,171
157,172
158,174
159,174
159,247
160,173
162,175
162,177
162,640
163,235
163,511
164,178
164,179
164,180
164,211
164,470
165,336
166,345
166,728
167,176
167,182
167,540
167,609
167,632
168,181
169,434
170,188
171,190
172,184
172,185
172,186
172,192
173,183
173,327
175,187
175,193
175,279
175,416
176,195
176,196
177,191
178,197
180,189
181,194
181,359
183,198
184,200
185,203
186,204
187,205
188,201
188,210
188,253
188,337
189,199
189,618
189,708
190,211
190,218
190,721
191,202
191,208
192,206
192,213
193,212
193,214
193,215
194,209
195,216
197,207
197,217
198,222
199,221
200,227
201,223
202,224
203,225
204,227
205,227
206,219
206,230
206,237
206,566
207,220
208,226
211,234
211,236
211,311
212,229
213,228
213,232
214,235
215,231
216,233
216,539
218,723
219,238
220,240
221,239
222,243
223,244
224,241
225,242
226,246
227,375
228,245
228,250
228,622
229,247
229,255
229,260
232,248
232,254
232,258
233,251
233,253
233,356
234,259
234,314
234,541
235,249
235,252
235,257
235,472
236,256
238,261
239,264
240,262
241,266
242,267
243,268
244,263
245,269
246,265
247,270
247,277
247,550
248,271
248,275
248,279
250,278
255,311
256,276
256,280
257,470
258,272
258,273
260,274
261,281
262,282
263,284
264,289
265,285
266,286
267,287
268,291
269,292
270,288
271,290
272,283
272,295
272,668
273,294
273,297
273,298
274,293
274,573
275,296
275,411
277,551
279,624
280,687
281,299
282,301
283,300
284,302
285,303
286,308
287,305
288,309
289,304
290,310
291,307
293,306
293,314
293,315
294,637
294,673
295,313
296,552
297,546
298,311
298,312
299,322
300,319
301,316
302,317
303,318
304,322
305,320
306,321
307,324
308,723
309,329
311,459
312,323
312,325
312,326
312,539
313,328
314,327
315,397
315,437
316,336
317,332
318,337
319,331
320,333
321,338
322,334
322,335
322,340
322,547
322,551
323,330
323,343
323,410
325,341
325,345
326,344
327,397
328,339
328,342
330,347
331,346
332,350
333,351
334,352
335,353
336,348
336,349
336,388
338,356
338,409
339,354
339,359
341,357
341,358
341,360
343,355
345,447
345,550
346,361
347,371
348,364
349,367
350,363
351,368
352,365
353,369
354,362
354,370
354,377
354,431
355,366
355,372
355,373
356,453
357,477
358,375
359,376
360,374
361,378
362,379
363,380
364,382
365,383
366,384
367,389
368,385
369,386
370,387
371,393
372,381
372,390
372,392
372,397
373,568
373,636
373,739
374,391
375,691
376,388
376,396
377,394
377,395
378,399
379,400
380,402
381,401
382,403
383,404
384,407
385,405
386,406
387,408
388,398
388,410
388,416
389,412
389,413
391,409
392,414
393,605
393,731
395,415
395,724
397,411
397,552
397,749
398,418
399,419
400,420
401,417
402,421
403,422
404,423
405,424
406,429
407,425
408,426
409,427
409,431
410,437
411,431
411,432
411,438
411,439
412,433
414,428
414,434
415,430
416,435
416,436
416,475
417,441
418,442
419,443
420,447
421,444
422,445
423,447
424,449
425,447
426,450
427,446
428,440
428,454
428,459
428,460
429,457
430,456
430,515
431,451
432,453
432,455
433,448
433,452
436,458
438,750
440,461
441,469
442,462
443,465
444,467
445,468
446,463
447,466
447,471
448,464
448,475
450,470
451,477
453,472
453,476
453,570
454,542
457,478
458,473
459,474
461,487
462,480
463,481
464,483
465,490
466,485
467,484
468,486
469,492
470,479
470,669
471,482
471,689
472,495
472,565
473,488
474,488
474,489
474,493
474,494
475,619
477,491
477,605
479,496
480,498
481,505
482,499
483,506
484,501
485,504
486,503
487,509
488,497
488,513
488,515
489,500
489,507
489,510
490,516
491,502
491,508
491,675
493,511
493,512
493,667
494,623
495,514
496,518
497,519
498,520
499,517
500,521
501,524
502,522
503,523
504,525
505,526
505,527
505,528
506,528
506,538
507,552
509,529
509,530
510,672
512,540
517,531
518,534
519,538
520,539
521,532
522,533
523,538
524,535
525,536
526,537
527,550
527,551
528,540
528,543
528,548
528,549
529,541
529,545
529,546
529,649
530,542
530,544
530,547
530,552
530,553
531,555
532,557
533,565
534,558
535,561
536,563
537,562
538,554
538,571
539,653
540,556
540,574
541,559
541,566
541,570
541,572
542,560
542,568
543,724
544,564
544,573
548,566
551,567
551,569
552,563
554,576
555,577
556,579
557,580
558,578
559,583
560,584
561,582
562,585
563,575
563,748
564,581
567,588
568,587
569,590
570,591
570,728
571,586
571,615
571,624
572,592
573,634
574,589
575,593
576,599
577,594
578,595
579,600
580,596
581,597
582,598
583,602
584,602
585,601
586,603
587,605
587,722
588,649
590,604
593,609
594,610
595,611
596,607
597,609
598,609
599,606
600,608
601,614
602,613
602,615
602,620
602,621
603,616
603,618
604,612
604,619
604,623
604,624
604,625
605,617
605,622
606,626
607,631
608,627
609,628
611,675
612,629
612,634
613,630
613,636
613,637
614,635
617,725
618,638
620,640
621,633
621,639
623,633
624,748
625,632
626,641
627,642
628,643
629,644
630,645
631,646
632,647
632,649
633,648
633,655
635,652
635,656
636,653
637,650
639,654
640,651
640,742
641,666
642,658
643,667
644,660
645,661
646,662
647,664
648,665
649,657
649,663
649,670
649,672
650,659
650,669
650,674
651,668
652,675
654,673
655,671
657,676
658,677
659,678
660,679
661,680
662,681
663,682
664,683
665,684
666,685
668,686
670,704
671,687
671,689
671,690
672,691
674,689
675,688
676,692
677,702
678,703
679,704
680,696
681,693
682,694
683,698
684,695
685,699
686,700
687,697
688,705
688,708
689,701
690,706
690,707
690,709
692,721
693,712
694,713
695,714
696,716
697,717
698,715
699,719
700,720
701,710
701,718
702,723
702,724
703,723
703,726
703,727
703,729
704,725
705,711
706,731
708,722
708,730
709,728
710,732
711,734
712,738
713,739
714,736
715,735
716,738
717,738
718,737
719,738
720,740
721,742
722,733
723,741
728,743
729,741
732,746
733,744
734,746
735,747
736,745
737,746
739,749
742,750
743,748

<end>
