<number of tasks>
750

<cycle time>
1000

<order strength>
0.595


<task times>
1 126
2 47
3 122
4 37
5 475
6 247
7 472
8 119
9 224
10 28
11 266
12 74
13 154
14 53
15 26
16 548
17 442
18 499
19 169
20 75
21 189
22 267
23 446
24 225
25 49
26 100
27 282
28 324
29 517
30 27
31 159
32 143
33 566
34 37
35 106
36 88
37 29
38 152
39 329
40 427
41 461
42 157
43 287
44 56
45 288
46 96
47 43
48 83
49 335
50 21
51 176
52 229
53 400
54 112
55 223
56 312
57 104
58 201
59 572
60 83
61 270
62 214
63 227
64 71
65 443
66 495
67 355
68 219
69 596
70 105
71 451
72 149
73 199
74 168
75 53
76 190
77 175
78 114
79 45
80 267
81 353
82 31
83 188
84 24
85 116
86 150
87 376
88 160
89 66
90 387
91 189
92 236
93 190
94 87
95 127
96 173
97 166
98 367
99 279
100 101
101 107
102 170
103 177
104 197
105 33
106 154
107 302
108 132
109 160
110 36
111 140
112 438
113 326
114 65
115 471
116 615
117 62
118 384
119 266
120 33
121 168
122 511
123 65
124 313
125 46
126 176
127 172
128 528
129 357
130 82
131 137
132 38
133 233
134 27
135 286
136 227
137 21
138 386
139 225
140 111
141 183
142 388
143 120
144 263
145 36
146 114
147 51
148 88
149 261
150 271
151 440
152 98
153 46
154 40
155 570
156 253
157 168
158 535
159 52
160 260
161 301
162 199
163 276
164 492
165 411
166 93
167 99
168 180
169 301
170 38
171 508
172 240
173 496
174 312
175 466
176 165
177 246
178 508
179 210
180 350
181 331
182 604
183 146
184 532
185 349
186 111
187 476
188 222
189 264
190 112
191 454
192 190
193 104
194 78
195 145
196 255
197 23
198 167
199 83
200 86
201 97
202 203
203 512
204 20
205 173
206 113
207 78
208 307
209 263
210 335
211 49
212 112
213 531
214 67
215 136
216 150
217 84
218 416
219 80
220 383
221 571
222 334
223 486
224 122
225 80
226 67
227 82
228 90
229 87
230 57
231 513
232 245
233 108
234 94
235 260
236 519
237 147
238 219
239 139
240 173
241 38
242 199
243 347
244 426
245 121
246 121
247 99
248 46
249 26
250 68
251 153
252 245
253 245
254 486
255 89
256 523
257 402
258 40
259 52
260 487
261 41
262 69
263 160
264 273
265 70
266 104
267 183
268 172
269 104
270 314
271 208
272 235
273 210
274 299
275 583
276 498
277 328
278 283
279 91
280 186
281 171
282 613
283 39
284 188
285 400
286 70
287 176
288 56
289 91
290 255
291 290
292 44
293 232
294 146
295 50
296 54
297 121
298 77
299 142
300 146
301 194
302 94
303 254
304 153
305 366
306 247
307 277
308 89
309 81
310 70
311 364
312 180
313 216
314 145
315 210
316 72
317 519
318 83
319 101
320 139
321 320
322 137
323 418
324 287
325 135
326 90
327 137
328 242
329 78
330 419
331 63
332 28
333 133
334 243
335 133
336 26
337 139
338 520
339 340
340 452
341 24
342 257
343 58
344 62
345 46
346 319
347 326
348 106
349 426
350 97
351 257
352 323
353 328
354 478
355 64
356 259
357 209
358 34
359 49
360 333
361 383
362 120
363 345
364 411
365 211
366 80
367 244
368 416
369 219
370 178
371 129
372 108
373 171
374 187
375 332
376 223
377 270
378 96
379 345
380 366
381 52
382 181
383 108
384 203
385 539
386 506
387 164
388 348
389 538
390 278
391 160
392 111
393 22
394 216
395 131
396 143
397 169
398 182
399 243
400 97
401 213
402 125
403 100
404 21
405 195
406 236
407 260
408 502
409 338
410 460
411 32
412 61
413 128
414 165
415 464
416 174
417 209
418 89
419 162
420 149
421 193
422 287
423 246
424 98
425 336
426 168
427 115
428 52
429 144
430 238
431 71
432 270
433 99
434 502
435 265
436 27
437 475
438 32
439 91
440 77
441 245
442 230
443 58
444 512
445 410
446 165
447 229
448 86
449 131
450 365
451 120
452 211
453 158
454 280
455 41
456 35
457 261
458 482
459 416
460 33
461 150
462 169
463 128
464 158
465 25
466 485
467 510
468 256
469 213
470 64
471 159
472 176
473 131
474 117
475 235
476 292
477 261
478 266
479 483
480 168
481 102
482 469
483 154
484 275
485 275
486 232
487 557
488 114
489 225
490 192
491 194
492 86
493 65
494 263
495 287
496 122
497 56
498 83
499 89
500 193
501 113
502 36
503 165
504 68
505 130
506 74
507 95
508 97
509 75
510 177
511 213
512 57
513 543
514 21
515 29
516 66
517 66
518 41
519 467
520 633
521 215
522 135
523 163
524 135
525 75
526 551
527 209
528 109
529 470
530 37
531 205
532 52
533 452
534 32
535 154
536 323
537 64
538 230
539 104
540 242
541 230
542 227
543 196
544 70
545 61
546 275
547 111
548 59
549 22
550 260
551 454
552 520
553 489
554 89
555 124
556 97
557 192
558 74
559 130
560 203
561 38
562 78
563 152
564 343
565 153
566 44
567 370
568 298
569 178
570 22
571 297
572 235
573 87
574 167
575 53
576 265
577 110
578 524
579 464
580 144
581 182
582 181
583 504
584 559
585 140
586 42
587 275
588 479
589 96
590 28
591 40
592 97
593 20
594 34
595 49
596 512
597 33
598 197
599 569
600 96
601 61
602 35
603 203
604 50
605 67
606 311
607 185
608 490
609 150
610 488
611 522
612 298
613 175
614 131
615 80
616 118
617 273
618 263
619 41
620 294
621 175
622 111
623 63
624 119
625 248
626 173
627 211
628 38
629 87
630 58
631 72
632 147
633 461
634 523
635 185
636 59
637 499
638 318
639 91
640 323
641 190
642 440
643 30
644 185
645 107
646 73
647 454
648 30
649 72
650 434
651 361
652 163
653 27
654 179
655 212
656 90
657 506
658 276
659 85
660 236
661 152
662 95
663 322
664 108
665 64
666 85
667 241
668 188
669 299
670 177
671 151
672 512
673 30
674 227
675 114
676 245
677 115
678 170
679 44
680 41
681 119
682 500
683 496
684 143
685 261
686 258
687 480
688 259
689 495
690 245
691 184
692 23
693 227
694 537
695 28
696 32
697 49
698 85
699 92
700 42
701 478
702 85
703 174
704 244
705 379
706 176
707 273
708 450
709 115
710 311
711 118
712 285
713 104
714 465
715 148
716 473
717 272
718 163
719 74
720 58
721 199
722 187
723 298
724 452
725 252
726 159
727 540
728 382
729 248
730 68
731 43
732 45
733 423
734 213
735 235
736 88
737 485
738 227
739 53
740 394
741 292
742 232
743 526
744 97
745 238
746 488
747 27
748 137
749 298
750 56

<precedence relations>
1,19
2,19
3,19
4,19
5,19
6,19
7,19
8,19
9,390
10,174
11,174
12,277
13,21
13,22
13,23
13,24
13,87
13,130
14,16
14,17
14,25
14,26
15,18
15,20
15,118
16,574
17,94
18,567
19,27
19,28
19,29
19,30
19,31
19,32
19,33
19,34
19,38
20,157
21,227
22,390
23,461
24,646
25,34
25,197
26,27
26,35
26,36
26,37
27,512
28,157
29,549
30,42
30,91
30,172
30,221
30,254
30,262
31,39
31,40
31,41
31,42
31,43
31,52
31,67
32,44
33,302
34,174
35,44
36,39
36,68
36,195
37,39
37,91
37,125
38,39
38,41
38,43
38,45
38,91
39,335
40,94
41,579
42,649
43,646
44,47
44,50
44,51
44,52
44,53
44,54
44,56
44,58
45,46
45,48
45,49
45,50
45,55
45,57
46,94
47,544
48,734
49,579
50,227
51,227
52,391
53,391
54,174
55,549
56,162
57,59
57,63
57,65
57,67
57,68
57,69
57,127
58,60
58,61
58,62
58,64
58,66
58,70
59,94
60,94
61,567
62,513
63,390
64,258
65,645
66,277
67,74
67,75
67,136
67,181
67,220
68,72
68,78
68,79
68,152
69,71
69,73
69,77
69,80
70,72
70,76
70,81
71,335
72,335
73,363
74,616
75,390
76,390
77,258
78,174
79,162
80,162
81,82
81,83
81,84
81,85
81,86
81,87
81,88
81,89
81,90
81,91
81,92
82,94
83,567
84,567
85,307
86,363
87,157
88,227
89,174
90,174
91,95
91,101
91,103
91,371
92,93
92,94
92,96
92,97
92,98
92,99
92,100
92,102
92,104
92,105
93,335
94,106
94,107
94,108
94,109
94,110
94,111
94,112
94,113
94,114
94,115
94,116
94,119
94,137
95,567
96,734
97,157
98,649
99,549
100,162
101,123
101,128
101,348
101,441
102,118
103,220
103,306
104,117
104,299
105,115
105,116
105,120
105,130
105,133
106,121
106,122
106,123
106,165
106,252
107,122
107,125
107,129
107,130
108,307
109,221
109,262
110,124
110,131
111,133
111,372
111,373
112,295
112,372
113,128
113,140
113,146
113,199
113,200
113,201
114,121
114,126
114,271
115,157
116,390
117,121
117,166
118,121
118,127
118,129
119,160
119,277
119,370
120,132
120,154
120,252
121,335
122,329
123,617
124,360
125,138
125,141
125,145
125,147
126,135
126,163
126,215
127,136
127,137
127,140
127,215
128,144
128,153
129,133
129,134
129,139
129,143
129,144
130,142
131,132
131,136
131,141
131,146
132,734
133,363
134,363
135,157
136,423
137,391
138,391
139,174
140,277
141,150
141,156
142,155
143,154
143,156
144,152
144,159
144,429
145,149
145,151
145,202
146,148
146,298
147,153
147,195
147,285
148,335
149,157
150,227
151,391
152,581
153,699
154,162
155,162
156,158
156,159
156,160
156,161
156,163
156,164
157,165
157,166
157,167
157,168
157,169
157,170
157,171
157,182
157,198
158,227
159,391
160,461
161,174
162,175
162,176
162,177
162,178
162,179
162,180
162,203
162,212
163,195
163,207
163,231
164,172
164,173
164,181
164,184
165,335
166,363
167,185
168,329
168,357
169,183
169,213
169,260
169,263
169,305
170,183
170,483
170,515
171,186
171,361
172,329
173,649
174,189
174,190
174,191
174,192
174,193
174,194
175,383
175,414
176,210
176,217
176,254
177,183
177,263
177,303
177,345
178,183
178,187
179,188
179,232
179,395
179,416
180,184
180,333
180,429
181,183
181,195
181,212
181,254
182,197
182,418
183,667
184,423
185,423
186,390
187,258
188,461
189,200
189,260
189,359
190,198
191,199
191,203
191,228
192,196
192,570
192,573
193,201
194,394
194,581
195,197
195,200
195,229
196,513
197,391
198,391
199,649
200,360
201,202
201,203
201,204
201,205
201,206
201,207
201,208
201,209
201,210
201,211
201,212
202,329
203,447
204,391
205,549
206,645
207,219
207,223
207,224
208,216
208,225
209,418
210,214
210,218
211,220
211,221
211,222
211,231
212,213
212,215
212,217
213,512
214,307
215,302
216,329
217,227
218,227
219,447
220,617
221,258
222,549
223,549
224,226
224,228
224,230
224,232
225,229
225,231
225,233
225,332
226,667
227,236
227,237
227,238
227,239
227,240
227,241
227,242
227,243
227,244
227,245
227,246
227,247
227,248
227,249
227,250
227,251
227,253
228,549
229,549
230,277
231,234
231,235
232,260
232,382
233,252
233,254
233,280
234,307
235,329
236,258
237,255
237,256
237,260
237,274
237,308
237,333
238,316
239,255
240,426
240,499
241,255
242,493
242,507
243,256
243,313
244,255
244,259
245,255
245,256
245,281
245,295
245,316
245,372
246,255
246,256
246,257
246,259
246,293
247,255
247,362
248,255
249,255
250,278
250,280
251,361
252,255
253,273
253,425
254,272
254,373
255,335
256,734
257,302
258,261
258,263
258,264
258,265
258,266
258,267
258,268
258,269
258,270
259,261
259,262
260,543
261,335
262,544
263,302
264,649
265,549
266,277
267,275
267,278
268,271
268,272
268,273
268,280
269,393
269,477
269,481
270,274
270,276
270,279
271,512
272,544
273,391
274,617
275,617
276,735
277,281
277,283
277,286
277,287
277,288
277,289
277,290
277,291
277,292
277,293
277,296
277,297
278,295
279,282
279,284
280,285
280,294
280,359
281,307
282,302
283,391
284,360
285,360
286,414
286,424
287,299
287,646
288,304
288,382
288,535
289,334
290,300
290,330
291,303
291,304
291,307
291,349
292,298
292,426
292,504
293,305
294,484
295,301
296,387
297,298
297,306
298,574
299,567
300,697
301,307
302,309
302,310
302,311
302,312
302,313
302,360
303,390
304,735
305,308
306,314
307,317
307,318
307,319
307,320
307,321
307,322
307,323
307,324
307,325
307,326
307,327
307,328
307,333
308,579
309,329
310,447
311,549
312,334
312,481
313,315
313,316
313,331
313,332
314,330
315,335
316,335
317,390
318,391
319,722
319,748
320,345
320,395
321,348
321,508
322,334
323,430
323,476
323,490
324,344
326,347
327,346
327,348
328,399
328,491
328,518
329,336
329,337
329,338
329,339
329,340
329,341
329,342
329,343
330,360
331,334
331,430
331,507
332,484
333,476
334,667
335,350
335,351
335,352
335,353
335,354
335,355
335,356
335,361
336,359
336,489
337,475
337,584
338,614
339,397
341,349
341,362
342,401
342,446
342,509
343,359
343,723
344,391
345,617
346,360
347,357
347,358
348,478
349,512
350,364
350,393
350,414
350,474
350,477
351,373
352,489
353,397
353,426
353,488
354,387
354,423
354,427
355,363
355,370
355,371
356,395
356,401
357,363
358,391
359,617
360,363
360,365
360,366
360,367
360,368
360,369
360,373
361,363
362,363
362,372
363,374
363,375
363,376
363,377
363,378
363,379
363,380
363,381
364,617
365,386
366,380
367,460
367,483
368,441
369,501
369,539
370,384
370,392
371,381
371,430
372,393
372,479
372,513
372,520
373,379
373,380
374,391
375,382
375,474
375,481
375,498
375,518
376,427
376,508
377,388
377,474
378,384
378,390
378,425
379,387
379,389
380,382
380,383
380,384
380,385
381,385
381,386
381,500
382,512
383,390
384,391
385,549
387,392
387,394
388,393
388,395
389,390
389,396
389,397
389,398
389,422
390,402
390,403
390,404
390,405
390,406
390,407
391,399
391,408
391,409
391,410
391,411
391,412
391,413
392,649
393,549
394,675
395,414
395,477
396,441
397,400
397,401
398,444
398,541
399,574
400,579
401,447
402,415
403,419
403,464
404,496
405,547
407,620
407,698
408,491
408,580
409,736
409,737
410,416
410,517
410,647
411,430
412,415
412,416
412,420
413,415
413,417
414,418
415,423
416,581
417,646
418,422
418,425
418,429
418,481
419,421
419,424
419,428
419,430
420,426
420,427
421,697
422,579
423,431
423,432
423,433
423,434
423,435
423,436
423,437
423,438
423,439
423,440
423,446
425,441
425,442
426,444
427,442
427,477
427,509
428,604
428,606
429,573
429,703
430,443
431,445
431,451
431,473
431,490
432,445
432,448
432,473
432,475
433,480
433,519
434,448
434,452
434,454
435,505
437,614
437,622
437,666
438,449
440,450
440,453
440,507
441,447
442,445
442,446
442,447
442,476
443,454
443,549
445,574
446,667
447,455
447,456
447,457
447,458
447,459
447,463
448,461
449,461
450,699
451,645
452,464
453,460
453,537
454,462
455,617
456,649
457,581
458,478
459,465
459,475
459,479
459,480
459,511
459,515
460,617
461,466
461,467
461,468
461,469
461,470
461,471
461,472
461,474
462,489
463,473
463,614
463,735
464,477
464,535
464,544
464,550
465,544
466,476
466,491
467,478
467,479
467,481
468,477
469,502
469,573
470,476
471,480
471,621
472,550
473,675
474,621
476,544
477,697
478,483
478,486
479,484
479,487
479,542
480,482
480,570
481,485
481,505
482,616
483,489
483,490
483,493
483,494
484,540
484,549
485,488
485,492
486,503
486,587
487,491
487,540
488,499
488,502
489,495
489,497
489,501
490,496
490,500
491,501
491,516
491,534
492,508
492,543
493,498
495,649
496,503
496,511
497,504
497,584
497,587
498,505
498,547
499,506
499,508
499,509
500,507
500,510
500,580
501,514
501,646
503,512
504,512
505,513
506,513
507,616
508,649
509,515
509,533
509,567
510,518
510,519
511,514
511,516
511,517
511,520
512,521
512,522
512,523
512,524
512,525
512,526
512,534
513,527
513,528
513,529
513,530
513,531
513,532
514,617
515,649
516,533
516,535
516,539
518,586
519,534
520,620
521,617
522,699
523,543
523,548
524,723
525,547
525,646
526,613
528,542
528,548
528,566
529,540
529,604
530,537
530,675
531,536
532,539
533,538
534,536
534,541
535,678
536,544
537,649
538,549
539,675
540,620
540,645
541,545
541,547
541,548
541,585
542,546
543,544
543,550
544,551
544,552
544,553
544,554
544,555
544,556
544,557
544,558
545,616
546,617
547,617
548,735
549,560
549,561
549,562
549,563
549,564
549,565
550,559
551,617
552,572
553,566
554,702
555,569
555,571
555,612
555,617
558,621
559,567
561,568
563,570
564,667
565,573
565,675
566,574
567,575
567,576
567,577
567,578
567,580
568,579
569,581
570,646
571,583
572,579
572,582
572,586
573,584
573,585
573,587
574,588
574,589
574,590
574,591
576,604
579,592
579,593
579,594
579,595
579,596
579,597
579,598
579,619
580,616
581,599
581,600
581,601
581,602
581,603
582,645
583,622
584,604
584,732
585,609
587,609
588,698
589,607
591,722
595,605
595,697
596,606
596,609
597,667
601,608
601,696
602,623
603,620
603,649
606,610
606,613
606,614
607,611
607,612
607,615
609,610
609,697
610,667
611,616
612,616
613,617
614,646
615,618
615,619
615,620
615,621
615,622
615,623
615,624
616,625
616,626
616,627
616,628
616,629
616,630
616,631
616,632
616,633
616,634
616,635
616,636
616,637
616,638
617,639
617,640
617,641
617,642
617,643
617,645
617,647
618,645
619,646
622,644
622,676
625,727
628,725
630,648
631,725
632,666
633,649
635,737
637,737
642,660
642,666
644,649
645,650
645,651
645,652
645,653
645,654
645,655
645,656
645,657
645,658
645,659
646,661
646,662
646,663
646,664
646,665
647,732
648,667
649,668
649,669
649,670
649,671
649,672
649,673
649,674
650,678
651,698
652,676
652,697
653,679
656,736
660,675
661,675
662,734
663,705
663,722
665,724
665,750
666,677
667,680
667,681
667,682
667,683
667,684
667,685
667,686
670,689
671,687
671,699
672,703
672,734
673,696
673,735
674,731
675,690
675,691
675,692
675,693
675,694
675,695
676,689
676,724
676,735
677,728
678,688
679,732
681,700
685,701
685,705
686,698
687,697
688,699
689,699
690,702
691,704
693,703
696,726
696,737
697,706
697,707
697,708
697,709
697,722
698,734
699,710
699,711
699,712
699,713
699,714
699,715
699,716
699,717
699,718
699,719
699,720
699,721
701,723
705,724
706,727
707,736
709,728
710,726
711,730
712,729
712,733
714,731
715,725
718,733
719,732
721,736
725,734
726,734
727,735
729,737
733,736
733,738
734,739
734,740
734,741
734,742
734,748
735,743
735,744
735,745
735,746
735,747
737,749
738,750

<end>
