<number of tasks>
750

<cycle time>
1000

<order strength>
0.197


<task times>
1 28
2 68
3 65
4 80
5 116
6 24
7 253
8 275
9 77
10 83
11 139
12 120
13 94
14 179
15 191
16 98
17 119
18 162
19 124
20 104
21 85
22 26
23 50
24 29
25 215
26 165
27 118
28 63
29 268
30 153
31 89
32 251
33 71
34 54
35 23
36 221
37 84
38 96
39 210
40 73
41 52
42 27
43 45
44 177
45 166
46 96
47 99
48 54
49 161
50 39
51 59
52 134
53 39
54 244
55 109
56 138
57 35
58 29
59 59
60 220
61 244
62 189
63 24
64 37
65 86
66 161
67 158
68 159
69 224
70 222
71 267
72 99
73 23
74 58
75 201
76 44
77 159
78 238
79 148
80 44
81 59
82 221
83 185
84 150
85 119
86 208
87 153
88 212
89 219
90 75
91 139
92 37
93 182
94 65
95 165
96 246
97 346
98 81
99 200
100 63
101 220
102 118
103 186
104 58
105 152
106 84
107 123
108 247
109 204
110 118
111 61
112 24
113 65
114 147
115 61
116 112
117 139
118 127
119 56
120 98
121 21
122 155
123 48
124 121
125 135
126 222
127 187
128 193
129 60
130 42
131 237
132 46
133 173
134 123
135 89
136 90
137 162
138 134
139 36
140 144
141 168
142 117
143 182
144 139
145 161
146 185
147 51
148 70
149 254
150 214
151 202
152 205
153 91
154 146
155 156
156 96
157 137
158 31
159 99
160 28
161 143
162 150
163 56
164 150
165 67
166 118
167 195
168 135
169 42
170 104
171 222
172 60
173 118
174 150
175 127
176 93
177 162
178 48
179 146
180 154
181 161
182 164
183 150
184 178
185 197
186 166
187 116
188 42
189 110
190 63
191 128
192 304
193 232
194 40
195 122
196 264
197 115
198 35
199 36
200 160
201 177
202 51
203 20
204 305
205 178
206 201
207 187
208 103
209 106
210 75
211 140
212 132
213 42
214 137
215 253
216 73
217 146
218 183
219 54
220 109
221 205
222 105
223 99
224 165
225 211
226 202
227 74
228 240
229 104
230 276
231 52
232 242
233 146
234 76
235 224
236 37
237 82
238 209
239 89
240 236
241 126
242 174
243 163
244 77
245 55
246 116
247 125
248 159
249 47
250 50
251 132
252 44
253 96
254 97
255 111
256 78
257 159
258 351
259 109
260 21
261 265
262 271
263 162
264 106
265 33
266 258
267 244
268 211
269 204
270 124
271 230
272 161
273 91
274 254
275 68
276 81
277 171
278 111
279 46
280 35
281 233
282 63
283 136
284 296
285 39
286 210
287 249
288 181
289 252
290 159
291 135
292 146
293 129
294 47
295 21
296 146
297 82
298 230
299 175
300 176
301 77
302 75
303 237
304 299
305 112
306 191
307 217
308 84
309 122
310 223
311 104
312 209
313 111
314 128
315 54
316 398
317 72
318 116
319 185
320 251
321 152
322 44
323 333
324 60
325 132
326 61
327 86
328 56
329 67
330 279
331 163
332 37
333 164
334 31
335 121
336 179
337 104
338 80
339 112
340 87
341 233
342 106
343 211
344 104
345 91
346 141
347 273
348 110
349 44
350 101
351 114
352 224
353 54
354 75
355 139
356 73
357 34
358 55
359 114
360 117
361 80
362 189
363 104
364 37
365 209
366 258
367 99
368 91
369 104
370 155
371 28
372 116
373 189
374 125
375 67
376 129
377 325
378 47
379 33
380 94
381 173
382 135
383 23
384 115
385 130
386 58
387 88
388 224
389 166
390 142
391 34
392 169
393 197
394 50
395 102
396 107
397 118
398 249
399 198
400 61
401 155
402 226
403 41
404 21
405 101
406 87
407 55
408 193
409 144
410 41
411 327
412 106
413 157
414 112
415 117
416 123
417 143
418 307
419 181
420 300
421 171
422 112
423 140
424 202
425 152
426 189
427 275
428 36
429 61
430 155
431 60
432 40
433 230
434 25
435 81
436 207
437 63
438 287
439 51
440 107
441 166
442 25
443 86
444 214
445 140
446 102
447 270
448 35
449 171
450 189
451 60
452 254
453 21
454 161
455 337
456 140
457 39
458 186
459 158
460 46
461 91
462 67
463 202
464 85
465 81
466 117
467 265
468 43
469 86
470 27
471 81
472 96
473 143
474 224
475 81
476 79
477 236
478 146
479 199
480 210
481 102
482 94
483 37
484 222
485 106
486 166
487 102
488 104
489 312
490 107
491 24
492 199
493 152
494 153
495 48
496 141
497 141
498 220
499 20
500 217
501 101
502 303
503 114
504 222
505 75
506 86
507 138
508 171
509 114
510 47
511 41
512 168
513 277
514 112
515 34
516 82
517 84
518 116
519 120
520 226
521 57
522 106
523 125
524 71
525 33
526 274
527 180
528 108
529 288
530 215
531 66
532 73
533 106
534 141
535 204
536 253
537 201
538 21
539 94
540 87
541 74
542 228
543 174
544 103
545 63
546 21
547 45
548 40
549 48
550 182
551 44
552 252
553 32
554 67
555 54
556 146
557 48
558 90
559 128
560 47
561 132
562 214
563 29
564 49
565 129
566 247
567 34
568 63
569 47
570 88
571 229
572 174
573 26
574 122
575 229
576 153
577 257
578 101
579 33
580 106
581 218
582 129
583 70
584 133
585 152
586 21
587 250
588 24
589 135
590 281
591 89
592 131
593 204
594 103
595 165
596 161
597 125
598 110
599 76
600 21
601 102
602 40
603 93
604 95
605 57
606 99
607 272
608 133
609 329
610 181
611 282
612 107
613 181
614 170
615 259
616 38
617 172
618 148
619 27
620 272
621 88
622 69
623 48
624 38
625 60
626 345
627 76
628 172
629 176
630 87
631 118
632 86
633 199
634 125
635 93
636 161
637 219
638 217
639 84
640 91
641 72
642 84
643 59
644 142
645 260
646 204
647 87
648 182
649 130
650 150
651 194
652 59
653 354
654 134
655 196
656 53
657 235
658 241
659 77
660 89
661 110
662 61
663 84
664 179
665 71
666 205
667 266
668 274
669 167
670 172
671 189
672 86
673 75
674 35
675 224
676 187
677 251
678 146
679 52
680 38
681 110
682 75
683 108
684 139
685 172
686 91
687 222
688 196
689 101
690 79
691 39
692 34
693 167
694 71
695 43
696 165
697 109
698 137
699 157
700 166
701 53
702 43
703 349
704 180
705 223
706 100
707 90
708 76
709 138
710 114
711 134
712 167
713 185
714 84
715 106
716 65
717 106
718 204
719 126
720 26
721 152
722 85
723 74
724 180
725 130
726 146
727 133
728 155
729 31
730 88
731 228
732 39
733 158
734 193
735 414
736 58
737 219
738 32
739 237
740 352
741 123
742 160
743 65
744 112
745 188
746 162
747 370
748 129
749 147
750 233

<precedence relations>
1,14
2,16
3,19
4,15
4,17
4,22
5,18
6,24
6,25
6,133
6,718
7,26
7,133
8,641
9,20
9,27
9,113
10,610
10,688
11,21
12,23
13,419
14,28
15,32
16,30
17,35
18,36
19,31
20,29
21,33
21,93
21,281
22,34
23,38
24,41
26,37
26,40
26,223
27,39
27,195
28,42
29,45
30,46
31,47
32,48
33,49
34,50
35,43
36,51
37,44
37,51
37,52
37,56
38,54
38,58
38,440
39,53
39,55
40,57
40,59
41,60
41,61
42,68
43,62
44,63
45,65
46,64
47,70
48,66
49,67
50,72
51,112
52,195
52,715
53,75
53,77
55,69
55,71
55,115
56,708
59,73
59,74
59,579
60,78
61,76
61,549
62,87
63,79
64,80
65,82
66,84
67,85
68,86
68,88
68,96
68,418
69,81
69,91
69,100
70,95
71,83
71,97
72,92
72,98
72,644
73,93
74,93
74,94
74,316
76,90
76,99
76,604
77,89
78,92
79,101
80,103
81,104
82,105
83,107
84,106
85,108
86,110
87,111
87,112
87,114
87,116
88,102
88,117
88,352
88,381
89,109
89,511
90,314
91,239
91,739
92,113
93,284
94,115
94,319
94,686
95,563
97,118
98,260
98,731
99,119
100,452
101,122
102,123
103,124
104,129
105,128
106,125
107,131
108,126
109,127
110,135
111,120
111,136
111,138
111,737
112,121
112,265
113,137
113,417
114,139
115,132
115,141
115,142
116,134
117,140
117,279
117,548
117,643
118,130
118,133
118,158
118,244
120,144
121,145
122,143
123,147
124,148
125,149
126,152
127,146
128,154
129,153
130,150
130,161
131,590
132,151
132,160
133,155
133,748
134,156
134,159
135,158
138,489
138,497
139,471
140,157
141,290
142,279
143,162
144,167
145,163
146,164
147,173
148,165
149,173
150,166
151,168
152,174
153,169
154,170
155,171
156,172
157,177
157,178
158,175
158,176
158,227
161,256
161,279
161,317
162,179
163,181
164,183
165,187
166,180
167,182
168,185
169,184
170,186
171,187
172,190
173,196
173,547
174,189
174,192
174,194
174,195
175,188
176,193
176,400
176,421
176,699
178,191
179,197
180,206
181,199
182,207
183,201
184,202
185,203
186,204
187,205
187,211
188,198
188,374
188,623
188,670
189,200
189,210
190,209
191,212
192,656
194,213
194,435
195,208
196,321
197,214
198,215
199,216
200,217
201,224
202,218
203,219
204,220
205,221
206,230
207,225
207,226
209,223
209,227
209,229
210,622
212,700
213,222
213,228
213,231
214,232
215,239
216,235
217,239
218,236
219,237
220,238
221,239
222,233
223,234
223,285
224,260
225,240
225,245
226,283
227,243
229,244
229,246
229,317
230,241
230,242
230,389
232,251
233,247
234,248
235,249
236,252
237,253
238,250
239,737
240,254
240,260
240,412
242,255
242,257
242,258
242,259
243,256
244,388
244,748
246,267
246,603
247,261
248,262
249,264
250,264
251,263
252,268
253,271
254,270
254,272
254,398
255,267
256,265
256,266
256,272
256,454
258,269
261,273
262,274
263,277
264,275
264,276
264,285
264,288
264,389
265,289
266,281
266,283
266,284
266,290
267,278
267,286
267,370
267,493
268,279
269,287
270,282
272,280
273,291
274,292
275,294
276,295
277,296
278,293
280,300
280,302
281,303
281,396
283,298
284,299
286,301
286,305
286,510
288,304
289,297
291,312
292,307
293,309
294,310
295,312
296,306
296,324
296,424
296,750
297,308
297,314
297,419
298,311
298,319
299,315
299,318
299,396
300,663
301,320
301,322
301,564
302,316
302,321
302,323
302,419
304,317
305,313
306,325
307,327
308,328
309,329
310,331
311,333
312,332
312,334
312,440
313,326
313,339
313,527
314,330
315,337
315,338
316,340
317,336
318,735
319,532
320,734
320,744
321,335
321,455
324,510
325,342
326,343
327,344
328,345
329,347
330,346
331,349
332,348
333,351
334,350
335,341
337,355
337,360
337,398
337,721
338,354
338,357
339,353
339,356
339,358
339,385
340,352
340,359
341,361
342,363
343,365
344,367
345,362
346,367
347,364
348,367
349,366
350,368
351,374
351,375
352,747
354,369
355,372
357,370
357,371
357,411
359,373
360,534
361,376
362,377
363,378
364,381
365,379
366,380
367,384
367,702
368,385
368,387
370,382
372,383
373,439
374,389
374,673
375,386
375,388
375,453
375,703
376,392
377,393
378,395
379,390
380,391
380,394
380,402
381,400
384,396
384,401
385,397
385,398
387,471
388,399
388,416
390,403
391,404
392,411
393,406
394,408
395,405
396,407
396,422
396,424
397,409
397,414
397,418
397,425
398,410
398,413
398,421
399,419
401,415
401,417
402,412
402,416
402,420
402,423
402,733
403,433
404,435
405,426
406,429
407,427
408,431
409,428
410,430
411,432
412,675
413,697
414,438
418,704
419,699
420,439
420,440
422,436
422,724
423,434
423,474
423,611
424,437
425,441
425,442
426,443
427,445
428,452
429,447
430,449
431,448
432,450
433,659
434,444
434,451
435,582
436,446
436,706
437,453
437,456
438,454
440,455
440,457
441,469
441,578
443,458
444,459
445,461
446,462
447,460
448,466
449,465
450,467
451,463
451,683
453,464
453,471
453,512
454,474
454,736
455,469
455,472
455,473
455,717
456,468
457,470
457,588
458,476
459,488
460,475
461,478
462,477
463,482
464,483
465,486
466,487
467,479
467,480
467,481
467,485
467,490
467,492
467,495
468,484
468,497
468,583
469,489
470,493
471,496
473,491
474,494
475,510
476,498
477,499
478,503
479,500
480,501
481,502
482,511
483,504
484,506
485,509
486,505
487,512
488,516
488,583
489,507
489,513
489,514
490,508
491,515
498,527
499,519
500,524
501,525
502,526
503,517
504,518
505,520
506,521
507,522
508,523
509,530
510,531
510,532
513,528
513,529
514,533
515,532
516,534
517,547
518,548
519,537
520,538
521,539
522,549
523,542
524,540
525,541
526,543
527,551
527,568
528,535
529,536
529,545
531,544
532,550
532,552
533,546
533,685
533,713
535,555
536,556
537,558
538,562
539,559
540,562
541,560
542,561
543,564
544,553
545,554
545,565
546,557
547,722
549,568
550,563
552,566
552,567
553,569
554,570
555,571
556,580
557,572
558,574
559,573
560,576
561,583
562,585
562,588
562,687
563,575
564,577
564,589
564,590
566,584
566,587
567,578
567,581
567,586
567,732
568,579
568,582
569,592
570,591
571,596
572,595
573,598
574,599
575,602
576,603
577,593
578,594
579,597
581,600
581,611
582,601
582,608
585,606
585,607
586,604
589,662
589,736
590,605
590,609
590,610
591,612
592,616
593,613
594,614
595,615
596,622
597,618
598,617
599,619
600,620
601,621
602,622
606,708
607,623
607,625
608,626
608,629
609,624
610,670
611,627
611,628
611,705
612,630
613,637
614,631
615,632
616,633
617,634
618,638
619,635
620,639
621,636
622,643
623,642
623,644
623,645
625,658
628,640
628,641
630,652
631,653
632,646
633,648
634,649
635,647
636,654
637,650
637,651
637,661
638,658
639,659
640,662
640,663
642,657
644,656
645,655
645,660
646,664
647,670
648,665
649,666
650,667
651,668
652,672
652,685
655,669
655,675
655,744
656,671
657,673
657,749
660,736
661,674
661,676
662,716
664,677
665,678
666,679
667,681
668,683
669,680
672,688
673,689
673,735
674,690
675,686
676,682
676,684
676,685
676,687
677,692
678,691
679,694
680,697
681,695
682,693
682,696
682,698
682,699
683,701
684,708
685,703
685,706
686,707
686,709
687,704
687,705
689,700
689,702
691,713
692,710
693,711
694,715
695,713
696,712
698,717
698,721
698,722
701,714
702,717
704,718
706,738
707,716
708,719
708,720
708,723
709,724
710,728
711,729
712,725
713,726
713,730
714,727
714,734
715,737
718,731
718,732
720,736
721,735
722,733
722,738
722,739
725,740
726,741
727,742
728,744
729,744
730,743
731,746
733,749
734,748
734,750
739,745
739,747

<end>
