<number of tasks>
750

<cycle time>
1000

<order strength>
0.895


<task times>
1 205
2 221
3 281
4 91
5 108
6 113
7 187
8 249
9 162
10 37
11 125
12 125
13 72
14 82
15 113
16 153
17 179
18 55
19 221
20 137
21 227
22 101
23 60
24 66
25 193
26 61
27 179
28 61
29 60
30 238
31 69
32 191
33 114
34 201
35 47
36 304
37 96
38 168
39 80
40 96
41 220
42 286
43 211
44 89
45 105
46 135
47 38
48 154
49 134
50 80
51 40
52 142
53 171
54 59
55 28
56 51
57 105
58 196
59 221
60 228
61 112
62 85
63 75
64 156
65 192
66 105
67 239
68 102
69 79
70 140
71 33
72 56
73 175
74 78
75 156
76 178
77 109
78 80
79 144
80 62
81 144
82 52
83 158
84 179
85 55
86 51
87 118
88 191
89 250
90 254
91 195
92 213
93 296
94 223
95 156
96 102
97 122
98 133
99 21
100 262
101 131
102 45
103 151
104 330
105 242
106 53
107 137
108 91
109 37
110 22
111 221
112 68
113 114
114 158
115 88
116 190
117 207
118 156
119 108
120 33
121 96
122 58
123 70
124 185
125 55
126 109
127 48
128 240
129 154
130 144
131 259
132 178
133 221
134 197
135 38
136 285
137 41
138 49
139 75
140 156
141 63
142 184
143 191
144 214
145 33
146 257
147 83
148 147
149 132
150 92
151 60
152 216
153 175
154 102
155 152
156 112
157 119
158 26
159 22
160 58
161 205
162 153
163 64
164 95
165 115
166 36
167 165
168 107
169 298
170 126
171 111
172 157
173 54
174 136
175 95
176 265
177 127
178 211
179 119
180 247
181 52
182 40
183 65
184 226
185 254
186 180
187 66
188 96
189 140
190 119
191 309
192 155
193 273
194 76
195 151
196 80
197 55
198 119
199 114
200 170
201 108
202 193
203 34
204 164
205 207
206 71
207 257
208 240
209 255
210 38
211 456
212 20
213 107
214 69
215 66
216 256
217 181
218 86
219 115
220 225
221 261
222 208
223 116
224 114
225 172
226 190
227 289
228 91
229 236
230 39
231 153
232 28
233 144
234 86
235 126
236 32
237 44
238 21
239 81
240 26
241 29
242 136
243 209
244 179
245 139
246 104
247 84
248 90
249 148
250 102
251 206
252 51
253 214
254 209
255 114
256 171
257 81
258 197
259 162
260 77
261 81
262 44
263 78
264 62
265 315
266 200
267 52
268 74
269 56
270 77
271 224
272 180
273 57
274 169
275 44
276 94
277 91
278 39
279 100
280 242
281 59
282 196
283 68
284 119
285 206
286 84
287 93
288 176
289 318
290 99
291 120
292 129
293 49
294 138
295 35
296 246
297 22
298 238
299 100
300 59
301 64
302 195
303 97
304 145
305 37
306 172
307 186
308 89
309 127
310 139
311 180
312 57
313 151
314 120
315 78
316 93
317 122
318 150
319 126
320 131
321 103
322 129
323 224
324 25
325 35
326 41
327 121
328 67
329 162
330 61
331 133
332 133
333 234
334 75
335 196
336 69
337 99
338 281
339 87
340 154
341 37
342 43
343 189
344 196
345 25
346 24
347 111
348 160
349 62
350 51
351 37
352 144
353 116
354 102
355 90
356 121
357 165
358 367
359 121
360 192
361 91
362 204
363 235
364 127
365 323
366 199
367 155
368 102
369 270
370 164
371 62
372 192
373 279
374 242
375 119
376 214
377 50
378 114
379 95
380 73
381 127
382 181
383 55
384 148
385 190
386 86
387 70
388 125
389 241
390 123
391 115
392 272
393 127
394 21
395 213
396 308
397 144
398 122
399 166
400 79
401 81
402 137
403 48
404 149
405 54
406 201
407 131
408 135
409 150
410 175
411 24
412 391
413 159
414 83
415 54
416 274
417 64
418 254
419 121
420 69
421 224
422 37
423 172
424 89
425 196
426 120
427 100
428 117
429 156
430 114
431 127
432 221
433 106
434 21
435 61
436 63
437 247
438 140
439 269
440 53
441 120
442 61
443 116
444 62
445 140
446 141
447 107
448 94
449 62
450 89
451 142
452 199
453 389
454 55
455 59
456 175
457 115
458 238
459 193
460 175
461 62
462 151
463 49
464 169
465 79
466 42
467 190
468 127
469 247
470 203
471 227
472 90
473 125
474 163
475 168
476 190
477 151
478 74
479 76
480 269
481 30
482 182
483 171
484 184
485 102
486 31
487 110
488 90
489 36
490 99
491 132
492 308
493 161
494 242
495 250
496 71
497 94
498 115
499 93
500 83
501 173
502 83
503 264
504 94
505 129
506 82
507 84
508 78
509 101
510 49
511 137
512 186
513 26
514 245
515 218
516 83
517 26
518 28
519 47
520 129
521 53
522 318
523 79
524 49
525 132
526 149
527 180
528 89
529 117
530 256
531 424
532 21
533 105
534 109
535 222
536 175
537 259
538 55
539 158
540 314
541 118
542 194
543 21
544 118
545 216
546 149
547 94
548 127
549 196
550 107
551 59
552 24
553 181
554 49
555 187
556 193
557 307
558 143
559 121
560 43
561 214
562 150
563 265
564 220
565 183
566 94
567 240
568 91
569 137
570 243
571 195
572 55
573 63
574 167
575 22
576 262
577 231
578 145
579 26
580 93
581 124
582 58
583 56
584 41
585 126
586 162
587 129
588 37
589 165
590 227
591 141
592 87
593 152
594 279
595 48
596 137
597 84
598 71
599 80
600 136
601 22
602 243
603 216
604 81
605 169
606 382
607 28
608 325
609 32
610 318
611 50
612 56
613 203
614 109
615 81
616 45
617 252
618 58
619 45
620 39
621 236
622 99
623 111
624 125
625 30
626 150
627 29
628 104
629 90
630 35
631 73
632 52
633 102
634 45
635 182
636 140
637 206
638 132
639 193
640 236
641 119
642 60
643 98
644 142
645 204
646 264
647 77
648 379
649 144
650 141
651 161
652 24
653 261
654 244
655 187
656 28
657 179
658 253
659 86
660 39
661 359
662 146
663 201
664 153
665 141
666 80
667 252
668 61
669 128
670 111
671 153
672 173
673 148
674 94
675 94
676 174
677 108
678 129
679 212
680 201
681 46
682 171
683 140
684 246
685 163
686 100
687 80
688 76
689 130
690 37
691 102
692 295
693 78
694 199
695 257
696 352
697 176
698 121
699 117
700 86
701 256
702 147
703 175
704 165
705 21
706 201
707 176
708 41
709 56
710 179
711 128
712 228
713 158
714 126
715 87
716 225
717 24
718 26
719 143
720 51
721 129
722 22
723 245
724 170
725 107
726 70
727 456
728 239
729 53
730 187
731 52
732 124
733 252
734 114
735 71
736 67
737 24
738 63
739 125
740 28
741 202
742 42
743 162
744 137
745 102
746 120
747 96
748 37
749 83
750 115

<precedence relations>
1,57
2,8
2,9
2,10
2,13
2,14
2,15
3,8
3,9
3,10
3,11
3,12
3,13
3,14
3,15
4,8
4,9
5,8
5,9
5,10
5,11
6,8
6,9
6,15
7,8
7,9
7,10
7,11
7,15
8,16
8,17
8,18
8,19
8,20
9,16
9,17
9,18
9,19
9,20
10,16
10,17
10,18
11,16
11,17
11,18
11,20
12,71
13,16
13,17
14,16
14,17
14,24
15,16
15,17
15,18
15,19
15,20
16,21
16,22
17,21
17,22
17,23
17,25
17,26
18,21
18,22
18,23
18,24
18,25
18,26
19,21
19,22
19,23
20,22
20,25
21,31
22,27
22,28
22,29
22,30
22,31
22,32
23,43
24,27
24,28
24,29
25,27
26,27
26,29
26,31
26,32
27,33
27,36
27,37
27,38
28,33
28,34
28,38
28,39
28,40
29,33
29,34
29,35
29,36
29,37
29,38
29,39
29,40
30,33
30,34
30,35
30,36
30,37
30,38
30,39
31,33
31,34
31,35
31,36
32,33
32,34
32,35
32,36
32,37
33,198
33,234
33,239
34,43
34,45
34,47
35,41
35,44
36,41
36,42
36,43
36,46
36,48
37,41
37,42
37,43
37,44
37,45
37,47
37,48
38,41
38,42
38,43
38,44
38,45
38,46
38,47
38,48
39,41
39,42
39,43
39,44
39,45
39,47
39,48
40,41
40,42
40,43
40,44
40,45
40,46
40,47
40,48
41,49
41,50
41,51
41,52
41,54
41,56
42,49
42,50
42,51
42,52
42,53
42,55
42,64
43,49
43,50
43,52
44,49
45,49
45,50
46,49
46,50
46,77
47,49
47,50
47,51
47,52
47,53
48,49
48,50
48,51
48,52
48,53
48,55
48,56
49,57
49,63
50,58
51,57
51,58
51,59
51,60
51,61
51,71
52,57
52,58
52,59
52,60
52,62
53,215
53,231
54,59
54,64
54,69
54,71
54,72
55,57
55,77
56,57
56,58
56,59
56,64
57,72
58,65
58,66
58,67
58,68
59,65
59,66
59,67
59,77
60,69
60,75
60,76
61,256
62,66
62,67
62,68
62,70
63,65
63,71
64,65
64,66
65,73
65,74
65,75
66,73
66,74
66,75
66,76
67,73
67,88
68,73
69,73
69,74
69,77
70,73
70,74
70,75
70,76
70,77
71,73
72,73
72,74
73,78
74,78
74,79
74,80
74,81
74,82
75,78
75,79
75,81
76,78
76,79
76,80
76,81
76,82
76,83
77,78
77,79
77,80
77,83
78,84
78,85
78,86
78,87
78,89
78,90
78,91
79,84
79,85
79,86
79,87
79,88
80,84
80,85
80,86
80,87
80,88
80,89
80,91
81,84
81,85
81,86
81,87
81,88
81,89
81,90
81,91
82,84
82,85
82,86
82,87
82,88
82,89
82,90
82,91
83,84
83,85
83,86
83,87
83,88
83,89
83,90
83,91
84,92
84,93
85,92
85,93
86,92
86,93
87,92
87,93
88,92
88,93
89,92
89,93
90,92
90,93
91,92
91,93
92,94
92,95
92,96
92,97
92,98
92,99
92,100
93,94
93,95
93,96
93,97
93,98
93,99
94,182
94,194
94,200
95,101
96,103
97,104
98,101
98,102
98,103
99,101
99,102
99,103
100,145
100,147
100,148
101,105
101,106
101,107
101,108
101,110
102,105
102,106
102,107
102,108
102,109
103,285
104,105
104,106
104,111
105,112
105,122
106,112
106,115
106,117
106,118
107,112
107,113
107,115
108,112
108,113
108,114
108,115
108,116
108,117
108,118
109,112
109,113
109,114
109,115
109,116
109,117
109,118
110,113
110,279
110,289
111,112
111,113
111,117
111,118
112,119
112,120
112,121
113,286
114,119
114,120
114,121
114,122
115,119
115,120
115,121
115,122
116,119
116,120
116,121
116,122
117,119
117,120
117,122
118,119
118,120
118,121
118,122
119,123
119,124
119,125
120,123
121,123
121,124
121,125
122,123
122,124
122,125
123,126
123,127
123,128
123,129
124,126
124,127
124,128
124,129
125,126
125,127
125,128
125,129
126,130
126,131
126,132
126,133
126,134
127,130
128,130
128,132
128,133
128,134
129,130
129,131
129,132
129,133
129,134
130,135
130,136
130,137
130,138
130,139
130,140
131,135
131,136
131,137
131,138
131,139
131,140
132,135
132,136
132,138
133,137
134,135
134,136
135,141
135,143
136,141
136,142
136,143
136,144
137,141
137,142
137,143
137,144
138,141
138,142
138,143
138,144
139,141
139,142
139,143
139,144
140,141
140,142
140,143
140,144
141,145
141,146
141,147
141,148
142,145
142,146
142,147
142,148
143,145
143,146
143,147
143,148
144,145
144,146
144,147
144,148
145,149
145,150
145,151
146,149
146,150
146,151
147,149
147,150
147,151
148,149
148,150
148,151
149,152
149,153
149,154
150,152
150,153
150,154
151,152
151,153
151,154
152,155
152,156
152,157
152,158
152,159
152,160
153,155
153,156
153,157
153,158
153,159
153,160
154,155
154,156
154,157
154,158
154,159
154,160
155,161
155,162
155,163
155,164
155,165
155,166
156,161
157,161
158,161
158,162
158,163
158,171
159,161
160,161
160,162
160,163
160,165
161,167
161,168
161,169
161,170
161,172
161,173
162,167
162,168
162,169
162,170
162,172
162,173
163,167
163,168
163,172
163,173
164,167
164,168
164,169
164,171
164,173
165,226
166,167
166,168
166,169
166,170
166,171
166,172
166,173
167,174
167,175
167,176
168,174
168,176
169,174
169,175
169,176
170,174
170,175
171,174
171,180
172,174
172,175
172,176
173,176
174,177
174,179
174,181
174,187
175,177
175,178
175,179
176,177
176,178
176,180
176,181
177,185
177,186
177,188
177,189
177,194
178,183
178,210
178,211
179,182
179,183
179,184
179,211
180,182
180,183
180,184
180,185
180,187
181,182
181,183
181,184
181,185
182,196
183,190
183,193
184,201
185,190
185,191
186,190
186,192
186,213
187,190
187,191
187,192
187,193
187,194
187,203
188,190
188,191
188,192
188,193
188,195
189,190
190,197
190,198
190,239
191,197
191,198
191,199
192,197
192,200
192,234
192,239
193,197
193,205
194,201
194,202
194,204
194,205
195,197
195,198
195,202
196,198
196,203
197,206
198,206
199,206
199,207
199,211
200,206
201,206
201,207
201,210
201,226
202,206
202,207
202,208
202,209
203,206
203,207
204,206
204,207
204,208
204,209
204,210
204,211
205,206
205,207
205,208
205,209
206,217
207,235
207,256
208,212
208,213
208,214
208,215
208,216
209,256
209,268
210,215
210,231
211,212
211,213
211,214
212,218
212,221
213,218
213,219
213,225
213,226
214,218
214,219
214,220
215,218
215,219
215,220
215,221
215,224
215,232
216,218
216,219
216,220
216,222
216,232
217,223
217,240
218,263
219,227
219,288
220,227
220,228
220,230
221,233
222,227
222,231
223,227
223,228
224,229
224,234
225,227
225,228
225,229
225,232
226,227
227,273
228,235
228,236
228,237
228,238
229,235
229,236
229,238
229,240
230,235
230,236
230,237
230,238
230,239
230,240
231,235
231,236
232,235
232,236
232,237
233,235
233,236
234,235
235,241
235,254
236,241
236,244
236,247
237,241
237,245
238,241
238,242
238,243
238,245
239,524
240,241
240,242
240,243
240,244
241,246
242,246
242,247
242,248
242,249
242,250
243,246
243,247
243,248
243,249
244,248
245,246
245,247
245,248
246,251
246,252
246,253
246,255
246,257
246,262
247,582
247,664
248,252
248,256
249,251
249,252
249,253
249,257
250,254
251,258
251,259
251,260
251,261
252,258
253,258
254,260
255,263
255,288
256,258
256,259
256,262
257,258
257,264
258,267
258,282
258,288
259,265
260,265
260,266
260,283
260,284
261,265
261,266
261,267
261,268
262,265
262,266
263,266
264,268
265,271
265,272
266,273
266,274
267,269
267,270
267,271
267,273
268,269
268,270
269,276
269,281
269,283
269,284
270,278
271,277
271,280
271,296
271,310
272,275
272,276
272,277
272,279
273,275
274,275
274,276
274,282
275,285
275,286
275,289
275,290
276,285
277,314
277,318
278,323
279,285
279,288
279,290
279,301
279,302
280,330
280,371
280,372
281,285
281,287
281,289
282,286
282,289
283,285
283,286
283,287
283,294
284,285
284,293
284,301
284,302
285,291
285,292
285,296
286,291
286,292
286,293
286,295
286,296
286,297
287,291
287,293
288,461
288,482
289,428
289,444
290,291
290,294
291,298
291,299
292,298
292,299
292,300
293,298
294,335
294,372
295,299
295,431
295,436
296,324
296,357
297,300
297,301
297,302
298,303
298,304
298,305
298,307
299,606
299,685
300,304
300,306
300,308
300,309
300,317
301,303
301,304
301,305
302,303
302,304
302,314
302,316
303,310
303,317
303,318
304,311
304,361
305,324
306,310
306,311
306,313
306,318
307,310
307,312
308,510
309,660
309,697
310,315
310,319
310,320
311,385
312,314
312,316
312,317
312,318
313,314
314,321
314,322
314,323
314,324
315,321
315,322
316,321
316,322
316,323
316,324
317,338
317,374
318,321
318,322
318,363
319,321
319,322
319,323
319,324
320,321
320,363
321,325
321,326
321,328
321,332
322,331
323,326
323,327
323,330
324,325
324,326
324,329
325,333
325,334
326,336
327,333
327,334
327,335
327,337
328,333
329,333
329,338
329,340
329,360
329,362
330,333
330,339
331,333
331,335
332,333
332,334
332,335
333,345
333,374
334,341
334,343
335,341
335,346
336,341
336,342
336,343
336,374
337,348
337,372
338,341
338,342
338,343
338,344
339,341
339,342
339,344
339,370
339,374
340,347
341,479
341,505
342,349
342,350
342,356
343,349
343,350
343,355
344,349
344,354
345,349
345,351
346,349
346,350
346,357
346,359
346,374
347,349
347,350
347,353
347,372
348,352
348,379
349,358
349,395
349,398
350,379
351,404
352,358
352,360
352,362
353,358
353,363
353,374
354,358
354,397
354,398
355,361
355,364
355,365
356,359
357,358
357,398
358,373
358,399
359,366
359,367
359,368
359,369
359,378
359,379
360,366
360,373
360,374
361,366
361,371
361,382
362,366
362,367
362,369
363,366
363,367
363,368
363,369
363,378
363,379
364,366
364,367
364,372
365,370
366,377
367,376
367,407
368,375
369,387
369,449
370,375
370,398
370,399
371,379
372,507
373,375
373,378
374,375
374,376
374,377
375,380
375,381
375,400
375,402
375,404
376,380
376,381
376,382
377,383
377,384
377,385
378,380
378,381
379,380
379,404
379,407
380,386
380,387
380,390
380,393
380,408
381,386
381,387
381,410
381,456
382,387
383,388
383,394
384,386
384,391
384,395
385,389
385,392
386,401
386,403
387,442
388,396
388,397
388,399
389,396
389,402
389,404
390,396
390,419
391,494
392,396
392,398
393,409
393,428
394,396
394,397
394,398
394,400
395,396
396,405
396,406
396,409
397,405
397,406
398,408
399,467
400,472
400,479
401,430
402,407
403,477
404,405
404,406
405,412
405,424
406,410
407,410
407,427
408,411
409,413
409,415
410,414
410,415
410,416
411,415
411,417
411,419
412,414
412,421
413,418
413,420
414,494
415,421
415,422
416,629
416,677
416,685
417,494
418,421
418,422
418,424
419,421
419,425
420,423
421,426
421,479
421,513
422,426
422,429
422,433
423,426
423,430
423,432
424,431
424,451
425,427
425,428
425,444
427,437
428,434
428,437
429,434
429,438
429,448
429,464
429,470
430,434
431,440
432,434
432,435
432,436
432,437
432,439
433,435
434,441
435,441
436,446
436,450
437,443
438,441
439,442
440,441
440,444
441,445
441,446
441,447
442,445
443,446
443,447
443,448
443,451
444,449
444,450
445,452
445,453
446,573
446,640
447,455
448,453
449,454
449,456
450,452
451,452
451,473
451,497
452,457
452,459
452,462
453,460
453,463
454,457
454,458
454,464
454,498
455,461
455,465
456,732
457,471
458,466
458,470
458,494
458,527
459,468
459,469
459,555
460,466
460,495
461,466
461,485
462,573
463,467
464,736
465,492
465,526
466,472
466,534
467,472
467,473
467,474
468,562
469,601
470,472
471,472
471,492
472,493
472,540
473,476
473,477
473,478
473,480
473,492
474,475
474,479
474,481
475,482
476,483
476,514
477,483
477,486
477,487
478,542
478,610
479,484
479,502
480,513
480,626
480,642
481,485
482,488
482,491
483,490
483,525
484,523
484,524
485,489
486,657
486,736
487,575
488,492
488,538
488,610
489,493
489,495
490,498
490,499
490,510
491,492
491,494
491,496
491,497
492,580
493,506
493,509
494,500
494,501
494,502
494,503
494,504
495,665
496,505
497,549
497,583
498,501
499,703
500,509
500,598
501,507
502,507
503,507
503,508
503,510
504,507
504,508
504,513
505,512
506,508
506,511
507,518
507,519
507,534
508,514
508,533
508,591
508,612
509,514
509,515
510,516
511,514
511,515
511,516
512,517
513,630
514,521
514,525
515,637
515,638
516,520
516,558
517,520
517,523
517,524
517,537
518,522
519,520
520,526
520,529
521,531
521,545
521,605
522,530
523,622
524,526
524,527
525,528
526,532
526,533
526,535
526,536
526,538
527,534
528,584
528,611
529,677
529,737
530,533
530,553
531,537
531,587
532,544
533,545
533,630
534,540
534,585
535,541
535,543
536,539
536,632
538,542
539,642
539,675
540,550
540,589
541,546
541,547
541,548
541,551
542,547
543,546
544,549
544,552
545,584
545,603
546,679
547,557
548,556
549,636
549,639
550,553
551,607
552,554
552,555
552,621
553,558
553,559
553,590
554,559
554,562
555,580
556,561
556,564
556,608
557,560
557,563
558,565
558,569
558,603
558,604
559,570
560,748
561,566
562,565
563,567
563,568
564,637
565,572
565,574
565,575
566,575
566,578
567,612
567,706
568,573
568,577
569,576
570,571
570,667
571,581
571,697
572,648
572,651
573,579
573,584
574,579
575,580
576,582
576,583
576,610
577,579
577,585
579,587
579,592
580,628
580,629
581,588
581,593
581,679
582,586
582,594
582,657
582,706
583,591
583,600
584,589
584,602
585,586
585,590
586,682
586,710
587,595
587,631
588,599
589,733
590,600
591,596
591,598
591,615
593,633
594,597
594,625
595,675
595,697
596,606
596,689
597,727
598,605
598,616
599,603
599,604
599,737
600,601
600,602
600,607
600,608
601,612
601,639
602,609
602,613
602,614
602,616
602,625
603,610
603,692
606,741
607,615
608,609
608,611
608,640
609,619
609,621
609,652
609,669
609,686
611,632
613,732
614,617
614,618
615,620
615,624
615,633
617,623
617,624
617,627
618,665
619,622
619,643
619,655
620,621
620,625
620,626
622,639
622,687
623,629
624,711
625,661
625,730
626,628
626,630
627,628
627,631
627,632
627,633
628,636
628,637
628,638
629,635
630,634
631,639
632,635
632,689
633,662
634,640
635,642
635,643
636,661
637,648
638,652
638,736
639,641
639,695
640,644
640,645
640,648
641,644
641,645
641,646
642,645
643,647
643,692
644,650
645,651
646,711
646,718
647,653
647,654
647,663
648,649
648,650
648,652
648,655
649,660
649,671
649,722
650,656
650,657
651,659
653,661
654,684
655,658
655,662
656,664
657,663
657,727
658,731
658,737
659,665
659,667
660,668
660,669
662,666
662,681
663,672
664,673
665,670
665,671
667,674
668,675
668,680
670,681
672,678
673,676
673,680
673,748
674,682
675,677
675,679
676,685
676,688
677,687
678,738
679,686
680,691
680,693
681,683
681,698
682,684
683,694
683,702
684,688
684,691
684,704
685,689
685,690
685,692
686,693
686,695
686,727
689,697
690,738
692,735
693,698
693,700
693,723
694,696
694,699
694,710
696,701
697,709
698,703
699,704
700,702
700,703
703,705
703,706
703,721
704,707
704,708
704,709
705,710
706,747
707,712
709,711
710,716
710,719
711,715
711,720
711,731
711,742
712,713
712,714
712,717
712,718
713,723
713,730
714,724
717,721
717,722
718,725
721,728
721,729
722,727
722,746
724,726
724,730
727,732
727,735
729,731
729,733
730,734
730,736
731,739
732,738
732,748
736,737
737,740
737,741
738,742
738,745
739,743
739,744
740,749
741,748
743,746
744,750
745,747

<end>
