<number of tasks>
750

<cycle time>
1000

<order strength>
0.595


<task times>
1 656
2 451
3 443
4 385
5 594
6 137
7 525
8 490
9 572
10 571
11 363
12 536
13 627
14 603
15 433
16 517
17 638
18 329
19 572
20 504
21 372
22 416
23 509
24 638
25 514
26 659
27 478
28 465
29 546
30 604
31 740
32 571
33 526
34 664
35 514
36 524
37 420
38 457
39 263
40 519
41 284
42 434
43 437
44 582
45 494
46 372
47 607
48 565
49 400
50 657
51 641
52 560
53 469
54 457
55 585
56 558
57 569
58 505
59 364
60 586
61 512
62 300
63 612
64 311
65 219
66 291
67 468
68 393
69 439
70 469
71 595
72 266
73 693
74 486
75 762
76 584
77 487
78 624
79 397
80 542
81 361
82 525
83 411
84 572
85 563
86 387
87 373
88 295
89 705
90 391
91 467
92 610
93 577
94 385
95 572
96 450
97 722
98 318
99 503
100 660
101 351
102 590
103 524
104 648
105 390
106 471
107 385
108 543
109 684
110 341
111 388
112 602
113 634
114 317
115 552
116 602
117 781
118 366
119 541
120 382
121 439
122 515
123 616
124 470
125 364
126 403
127 327
128 649
129 540
130 578
131 594
132 473
133 495
134 581
135 672
136 272
137 473
138 639
139 346
140 572
141 656
142 533
143 772
144 616
145 720
146 618
147 322
148 506
149 429
150 555
151 257
152 540
153 578
154 652
155 493
156 534
157 556
158 454
159 398
160 578
161 561
162 509
163 485
164 531
165 612
166 564
167 279
168 443
169 705
170 341
171 436
172 420
173 631
174 495
175 711
176 347
177 572
178 637
179 552
180 527
181 471
182 625
183 468
184 519
185 467
186 531
187 606
188 480
189 746
190 514
191 345
192 365
193 532
194 409
195 433
196 634
197 748
198 435
199 454
200 618
201 664
202 564
203 391
204 473
205 319
206 464
207 434
208 613
209 486
210 405
211 383
212 471
213 629
214 538
215 500
216 628
217 740
218 554
219 511
220 549
221 388
222 378
223 689
224 497
225 625
226 615
227 490
228 396
229 564
230 524
231 586
232 544
233 668
234 363
235 535
236 530
237 627
238 508
239 345
240 651
241 490
242 301
243 598
244 617
245 346
246 632
247 603
248 498
249 296
250 630
251 508
252 561
253 498
254 438
255 596
256 584
257 639
258 409
259 357
260 671
261 400
262 504
263 470
264 479
265 616
266 454
267 625
268 471
269 583
270 460
271 500
272 509
273 670
274 524
275 606
276 408
277 703
278 569
279 368
280 446
281 511
282 322
283 397
284 258
285 404
286 462
287 321
288 580
289 522
290 530
291 410
292 777
293 404
294 508
295 647
296 539
297 393
298 610
299 597
300 471
301 407
302 675
303 656
304 501
305 369
306 578
307 675
308 666
309 246
310 771
311 335
312 365
313 271
314 447
315 719
316 464
317 498
318 590
319 393
320 443
321 722
322 435
323 717
324 594
325 452
326 456
327 533
328 707
329 363
330 468
331 453
332 527
333 441
334 430
335 469
336 392
337 565
338 675
339 335
340 532
341 679
342 392
343 735
344 398
345 426
346 530
347 785
348 525
349 690
350 537
351 581
352 449
353 393
354 556
355 292
356 432
357 407
358 542
359 372
360 500
361 469
362 385
363 379
364 734
365 700
366 444
367 612
368 620
369 437
370 302
371 543
372 434
373 456
374 465
375 412
376 480
377 522
378 532
379 453
380 430
381 653
382 504
383 598
384 599
385 318
386 689
387 547
388 447
389 273
390 582
391 393
392 468
393 432
394 526
395 789
396 470
397 588
398 565
399 429
400 442
401 527
402 331
403 588
404 753
405 498
406 534
407 645
408 346
409 549
410 246
411 464
412 453
413 369
414 608
415 282
416 434
417 529
418 515
419 511
420 426
421 636
422 598
423 399
424 507
425 517
426 379
427 493
428 598
429 535
430 499
431 426
432 581
433 530
434 599
435 506
436 261
437 604
438 630
439 389
440 500
441 354
442 518
443 512
444 479
445 401
446 470
447 407
448 471
449 424
450 612
451 428
452 479
453 463
454 746
455 609
456 619
457 559
458 344
459 586
460 536
461 446
462 365
463 524
464 433
465 557
466 331
467 347
468 457
469 708
470 502
471 501
472 707
473 568
474 452
475 517
476 573
477 501
478 298
479 432
480 683
481 461
482 390
483 586
484 544
485 450
486 174
487 442
488 612
489 629
490 522
491 552
492 492
493 519
494 383
495 157
496 597
497 619
498 369
499 403
500 365
501 655
502 490
503 572
504 427
505 392
506 448
507 403
508 344
509 512
510 449
511 290
512 683
513 174
514 409
515 607
516 591
517 521
518 580
519 508
520 693
521 269
522 564
523 537
524 358
525 412
526 357
527 547
528 619
529 379
530 520
531 578
532 491
533 484
534 330
535 514
536 568
537 266
538 397
539 573
540 378
541 495
542 505
543 384
544 605
545 287
546 563
547 708
548 559
549 214
550 655
551 433
552 437
553 485
554 763
555 583
556 471
557 280
558 609
559 414
560 476
561 540
562 303
563 569
564 665
565 424
566 490
567 476
568 448
569 395
570 526
571 398
572 463
573 506
574 416
575 653
576 487
577 527
578 689
579 382
580 647
581 347
582 517
583 370
584 371
585 651
586 268
587 479
588 362
589 370
590 684
591 458
592 510
593 496
594 507
595 520
596 669
597 532
598 434
599 713
600 488
601 527
602 506
603 355
604 640
605 502
606 591
607 239
608 354
609 412
610 587
611 648
612 516
613 474
614 584
615 243
616 510
617 475
618 551
619 684
620 441
621 502
622 533
623 567
624 681
625 571
626 342
627 688
628 372
629 600
630 392
631 344
632 502
633 351
634 645
635 418
636 399
637 288
638 557
639 446
640 575
641 394
642 657
643 625
644 575
645 414
646 306
647 482
648 621
649 454
650 630
651 735
652 554
653 498
654 546
655 658
656 466
657 482
658 530
659 400
660 700
661 469
662 576
663 608
664 559
665 549
666 616
667 416
668 595
669 623
670 415
671 522
672 659
673 360
674 342
675 627
676 558
677 612
678 273
679 629
680 367
681 467
682 481
683 460
684 490
685 655
686 524
687 533
688 598
689 586
690 545
691 395
692 543
693 511
694 471
695 562
696 341
697 390
698 551
699 438
700 613
701 408
702 576
703 324
704 455
705 685
706 583
707 735
708 674
709 499
710 450
711 683
712 522
713 407
714 316
715 369
716 549
717 582
718 296
719 624
720 522
721 405
722 415
723 430
724 535
725 497
726 633
727 387
728 557
729 246
730 597
731 578
732 669
733 494
734 577
735 406
736 391
737 498
738 337
739 438
740 541
741 649
742 472
743 624
744 377
745 463
746 498
747 331
748 364
749 633
750 726

<precedence relations>
1,16
2,20
2,264
2,328
3,19
3,57
3,64
4,23
5,14
5,15
5,17
6,20
6,322
6,341
7,21
8,14
8,106
8,138
8,144
9,589
9,606
10,113
11,22
12,15
13,18
14,89
14,314
14,364
15,30
16,143
16,179
17,26
17,33
18,27
19,24
19,27
19,29
20,558
21,24
21,25
21,32
22,246
22,446
23,28
23,31
24,40
24,69
25,41
25,70
26,34
26,35
26,36
27,42
27,45
27,46
28,37
28,149
29,34
29,35
29,36
29,39
29,84
30,43
30,44
31,38
31,131
32,252
32,278
33,34
33,35
34,55
34,56
35,47
35,48
35,117
36,368
37,51
37,76
38,133
39,107
40,47
40,48
40,49
40,53
40,54
41,50
42,52
43,49
43,97
44,47
44,48
44,49
44,57
44,58
44,106
45,47
45,181
46,58
46,267
47,234
47,243
48,67
48,102
48,128
49,59
49,60
49,62
49,63
50,59
50,60
50,61
50,62
50,64
51,60
51,69
51,165
52,65
53,68
54,59
55,59
55,66
55,71
56,59
56,61
56,70
57,59
57,60
57,61
57,62
58,157
58,337
59,85
60,72
60,84
61,72
61,73
61,74
61,75
61,81
62,74
62,124
62,222
63,72
63,73
63,81
64,72
65,72
65,73
65,80
66,72
66,73
66,82
67,72
67,79
68,72
68,73
68,74
68,75
68,76
69,72
69,78
70,77
71,72
71,83
72,91
72,96
73,86
73,87
73,89
74,655
75,86
75,93
75,97
76,218
77,227
77,289
78,181
78,623
79,87
79,110
80,500
80,509
81,98
82,92
83,86
83,94
84,186
84,208
84,211
85,88
85,90
85,95
86,99
86,100
87,99
87,107
88,99
88,100
88,101
89,743
90,104
90,188
91,100
91,101
92,99
92,106
93,105
93,117
94,245
95,128
96,103
97,99
97,100
97,102
98,99
99,112
99,121
100,108
100,113
100,119
101,108
101,109
101,110
101,111
101,112
101,175
101,181
102,110
103,118
103,120
103,208
104,108
105,359
106,111
106,117
107,108
107,114
107,115
107,116
107,160
107,164
108,122
108,123
108,137
108,167
109,131
110,122
110,124
110,143
111,257
112,122
113,123
113,127
113,196
114,122
114,123
114,124
114,130
115,125
115,126
116,158
116,165
116,221
116,222
117,122
117,123
117,128
117,187
117,188
118,122
119,247
119,296
120,122
120,129
120,130
121,122
122,134
122,221
123,133
124,132
124,138
125,136
126,135
126,137
126,156
126,222
127,132
127,133
127,215
127,222
128,143
128,337
129,140
130,132
130,141
130,142
130,215
131,132
131,139
131,144
131,215
131,221
131,222
132,145
132,146
132,148
133,150
133,308
134,145
134,154
135,145
136,145
136,149
136,171
137,385
137,476
138,151
138,152
139,155
140,153
140,335
141,145
141,221
141,222
142,145
142,147
143,312
143,445
144,146
144,156
144,356
145,157
145,158
146,161
146,360
147,168
147,207
147,221
147,222
148,437
148,539
149,157
149,165
150,157
150,166
151,157
151,158
151,162
152,167
153,620
153,746
154,159
155,160
155,164
156,163
157,177
157,241
157,323
158,173
158,174
159,178
160,561
160,670
161,169
161,172
161,180
162,169
163,170
163,171
163,179
164,169
164,415
165,169
165,181
165,266
166,176
167,182
167,219
167,301
168,169
168,173
168,175
169,385
170,299
171,416
171,476
171,709
172,187
172,188
172,459
172,561
173,190
174,184
174,185
175,494
175,565
175,636
176,189
176,191
177,330
177,465
177,491
177,709
178,186
179,183
179,184
180,199
181,183
181,385
182,369
184,195
184,198
184,199
185,197
186,196
186,200
187,486
187,541
187,574
189,230
190,192
190,194
190,206
190,340
191,192
191,193
191,199
191,321
192,204
193,201
193,208
194,201
195,201
196,209
197,205
197,207
197,211
198,537
198,582
198,635
199,203
200,201
200,202
200,203
200,206
200,210
201,212
201,213
201,214
201,217
201,220
201,223
202,215
202,222
202,284
203,212
203,216
203,289
204,214
204,224
205,501
205,707
206,321
206,693
207,218
207,219
208,212
208,221
208,324
208,364
209,212
209,235
210,666
211,311
211,355
211,504
212,225
212,264
212,556
214,225
214,227
214,228
214,231
214,233
215,225
215,427
215,434
216,374
217,226
217,230
217,232
217,387
218,252
218,381
219,229
219,232
219,315
220,234
221,346
222,517
222,706
222,717
223,332
224,225
224,557
225,489
225,705
226,305
227,249
228,235
228,240
228,242
228,243
229,241
229,246
229,247
230,238
230,248
231,235
231,236
231,245
232,237
232,412
232,485
232,598
233,239
234,235
234,244
235,256
235,262
236,252
236,365
237,462
237,463
237,590
238,305
238,364
239,251
239,254
239,258
239,259
240,255
241,250
241,331
241,408
242,281
243,535
243,690
244,454
244,547
245,508
245,534
247,250
247,253
247,261
248,260
248,309
249,257
249,375
250,304
251,628
251,739
252,476
252,707
253,264
253,266
253,270
254,271
254,275
255,267
255,361
256,353
256,584
257,297
257,298
258,265
259,268
260,269
260,273
261,263
261,328
262,263
262,264
262,265
263,275
263,540
263,553
263,692
264,282
264,387
265,272
265,279
265,281
266,274
266,277
266,283
267,280
267,378
267,507
268,345
269,272
269,283
270,272
270,273
270,276
270,278
271,273
271,595
272,293
272,295
273,414
273,600
274,533
274,645
275,532
276,380
277,288
278,285
278,289
279,454
279,628
279,678
280,287
280,292
281,284
281,286
281,290
282,291
282,306
283,416
283,422
283,495
284,296
284,301
285,302
285,543
285,660
286,599
287,304
287,490
288,294
288,295
288,303
289,294
289,299
289,331
290,708
290,747
291,295
291,298
291,300
293,297
293,320
293,400
294,305
294,306
294,307
294,309
294,400
295,353
295,523
295,553
296,305
296,315
296,322
296,351
296,419
297,307
297,311
297,313
298,305
299,316
300,343
300,461
300,604
300,728
301,685
302,312
302,520
302,657
303,306
303,308
303,310
304,314
304,379
304,512
305,319
307,323
307,326
308,550
309,322
309,608
310,324
311,317
311,500
311,524
311,531
312,321
312,597
313,318
313,325
313,607
314,397
315,317
315,325
315,357
316,320
316,377
317,405
317,549
318,331
319,456
320,327
320,328
320,329
320,332
320,333
321,470
321,592
321,623
322,330
322,529
322,631
323,328
323,334
324,335
324,410
325,617
325,620
325,678
326,327
326,332
327,336
327,339
327,475
328,344
328,346
329,337
329,342
330,558
331,343
331,361
331,577
332,336
332,341
332,345
333,392
334,336
334,338
335,340
337,566
338,350
338,352
339,349
339,490
340,356
341,466
341,649
341,670
342,354
343,533
344,354
345,351
345,355
346,347
346,348
346,353
347,425
348,365
348,526
349,363
349,457
349,524
350,680
351,359
351,382
352,357
354,357
354,358
355,361
355,364
355,367
355,512
356,357
356,360
356,362
356,366
357,374
357,379
358,370
359,368
359,369
360,371
360,375
360,430
361,368
361,588
362,485
363,368
363,373
364,372
364,378
364,452
365,494
365,553
369,376
370,380
370,383
371,397
371,465
371,527
372,379
373,378
374,381
374,382
375,377
376,384
376,433
377,387
377,407
377,453
377,464
378,423
379,386
379,389
379,422
380,384
380,391
381,392
381,550
382,384
382,388
383,385
383,390
383,416
384,393
384,394
384,396
384,397
384,404
385,469
385,568
386,398
386,402
386,509
387,400
387,585
387,653
388,395
388,595
389,401
390,403
390,474
390,563
391,688
391,734
392,397
392,399
392,430
393,405
393,658
394,407
394,408
394,414
395,558
395,602
397,405
397,409
397,411
397,412
398,487
398,496
398,613
399,406
399,407
399,516
399,527
400,595
401,413
401,451
403,410
403,634
403,658
404,571
404,722
405,416
405,667
406,597
406,664
407,454
407,526
408,415
408,420
408,421
409,476
410,419
410,440
410,531
410,536
411,418
411,482
411,559
413,417
413,599
414,576
415,422
415,425
415,427
415,429
415,430
416,567
416,674
417,428
417,462
417,519
417,529
417,687
418,562
420,423
420,426
421,424
422,438
422,440
422,445
423,432
423,444
424,436
424,443
424,446
425,434
425,541
426,441
426,630
427,435
427,439
427,447
428,433
428,491
428,509
429,431
429,437
430,442
432,458
432,553
433,698
434,454
434,490
434,560
434,696
435,546
436,671
437,450
437,453
438,448
438,543
439,452
439,488
440,449
441,578
442,451
442,485
442,585
443,457
443,502
444,479
445,451
445,456
446,491
446,592
446,657
447,455
447,500
448,467
448,470
448,605
449,462
449,670
450,461
450,466
450,725
450,750
451,459
451,460
451,471
451,489
453,463
453,470
453,481
454,459
454,654
455,472
455,608
456,468
457,465
457,469
458,464
459,473
462,481
462,717
463,475
463,477
463,483
467,476
467,531
467,553
467,634
468,474
468,479
468,482
469,478
469,625
470,702
470,726
471,480
471,484
471,523
471,565
471,611
472,485
472,502
472,574
473,488
473,497
473,683
474,489
474,567
476,493
476,628
476,653
477,709
478,499
478,503
479,492
479,569
480,486
480,561
480,567
481,714
482,487
482,491
483,494
483,495
484,498
485,488
485,490
485,491
485,496
486,506
486,572
487,502
488,637
488,648
488,677
489,570
491,723
492,500
494,531
495,504
496,501
496,503
496,505
496,685
498,514
498,590
498,633
499,567
499,603
500,508
500,514
501,511
501,748
502,510
502,513
502,515
502,630
503,705
504,507
504,512
504,624
505,517
505,518
505,533
505,676
506,509
506,516
507,561
507,585
508,521
508,523
508,526
508,604
509,527
509,554
510,519
510,520
510,529
510,531
510,533
510,554
512,646
513,528
513,618
514,525
514,532
515,534
515,735
516,522
516,524
517,573
518,530
520,544
521,537
521,539
521,540
521,542
521,717
522,596
523,616
523,646
523,659
525,545
526,546
528,541
528,543
528,704
528,718
528,730
530,538
531,547
531,589
532,536
532,621
534,535
534,719
536,549
537,681
537,714
538,556
538,594
538,640
538,681
538,750
541,548
542,550
542,558
542,559
542,657
544,670
546,551
546,552
546,553
546,554
546,557
547,555
548,564
549,636
551,562
551,563
553,699
554,566
554,592
555,561
555,577
556,614
556,719
556,734
557,560
557,565
558,650
560,567
560,570
560,573
561,569
561,571
561,575
562,572
562,574
564,576
564,602
566,568
567,580
567,582
567,590
567,734
568,583
568,586
569,578
569,662
570,632
571,579
571,588
571,659
571,662
572,577
573,689
574,584
574,585
574,589
575,587
575,614
576,581
578,604
579,642
581,619
583,596
583,598
583,602
584,593
584,595
584,600
585,591
586,603
587,592
587,597
589,594
589,648
589,695
590,597
590,599
590,601
591,605
591,613
592,609
593,611
593,618
594,614
595,697
596,612
596,688
597,607
599,608
599,634
601,714
602,606
602,610
605,619
605,623
606,615
606,617
606,627
607,618
607,620
609,622
610,621
610,625
612,624
612,626
613,615
613,616
615,633
615,636
617,634
617,643
618,635
619,631
619,633
620,628
620,735
620,736
621,638
622,641
623,630
624,738
625,632
625,637
627,629
628,648
629,646
630,699
631,643
631,649
633,642
634,639
634,641
635,640
635,644
636,647
636,649
637,645
638,653
640,652
640,653
642,657
642,660
643,658
644,650
644,655
644,659
647,651
648,656
649,654
650,668
651,663
651,667
651,670
652,662
652,669
653,671
654,672
656,666
657,661
657,701
660,664
660,665
661,673
661,674
661,676
661,680
662,677
662,682
662,683
663,689
666,679
668,675
669,692
670,678
670,749
672,681
673,690
674,685
674,692
675,710
676,684
677,686
677,691
677,693
681,689
681,694
683,687
683,688
684,696
684,705
685,700
685,705
686,699
686,701
688,695
689,703
689,725
690,702
691,697
691,704
691,706
691,716
692,699
692,700
693,698
694,726
695,715
696,708
696,709
696,714
698,717
699,716
699,737
701,706
701,713
702,731
703,711
705,707
705,710
705,712
708,723
709,720
711,721
711,722
714,719
714,735
715,718
715,725
717,724
720,726
720,727
721,731
721,733
721,734
722,728
723,729
723,735
724,730
724,732
725,732
726,743
727,750
728,745
728,746
731,736
731,738
731,739
732,737
732,740
732,743
733,742
733,744
733,745
733,748
734,747
734,749
735,741

<end>
