<number of tasks>
750

<cycle time>
1000

<order strength>
0.599


<task times>
1 131
2 44
3 79
4 48
5 77
6 92
7 78
8 32
9 126
10 112
11 50
12 87
13 358
14 101
15 58
16 178
17 104
18 52
19 282
20 87
21 192
22 44
23 158
24 99
25 21
26 32
27 170
28 169
29 115
30 33
31 49
32 170
33 107
34 163
35 137
36 243
37 102
38 146
39 210
40 55
41 156
42 201
43 266
44 154
45 48
46 41
47 257
48 188
49 228
50 248
51 81
52 147
53 115
54 106
55 54
56 20
57 145
58 110
59 97
60 295
61 184
62 154
63 132
64 93
65 271
66 149
67 28
68 205
69 259
70 137
71 186
72 151
73 30
74 181
75 62
76 198
77 126
78 39
79 64
80 129
81 102
82 41
83 187
84 158
85 24
86 122
87 158
88 268
89 99
90 94
91 38
92 117
93 223
94 134
95 77
96 76
97 195
98 108
99 26
100 88
101 90
102 24
103 29
104 52
105 137
106 180
107 167
108 38
109 31
110 186
111 168
112 176
113 150
114 178
115 97
116 205
117 160
118 137
119 28
120 333
121 117
122 71
123 115
124 134
125 51
126 49
127 176
128 183
129 203
130 116
131 81
132 227
133 130
134 230
135 171
136 77
137 103
138 91
139 123
140 29
141 196
142 70
143 141
144 67
145 115
146 183
147 132
148 77
149 210
150 85
151 39
152 51
153 83
154 145
155 190
156 75
157 100
158 243
159 128
160 216
161 270
162 187
163 227
164 23
165 162
166 285
167 136
168 176
169 52
170 120
171 56
172 240
173 250
174 59
175 77
176 192
177 132
178 223
179 221
180 132
181 132
182 273
183 66
184 53
185 58
186 227
187 81
188 202
189 59
190 109
191 168
192 121
193 218
194 77
195 167
196 40
197 72
198 99
199 94
200 122
201 97
202 263
203 64
204 151
205 29
206 131
207 101
208 101
209 104
210 148
211 94
212 96
213 149
214 36
215 129
216 75
217 192
218 268
219 33
220 168
221 123
222 65
223 235
224 165
225 53
226 118
227 178
228 77
229 106
230 107
231 61
232 321
233 158
234 137
235 194
236 150
237 291
238 84
239 55
240 100
241 138
242 233
243 83
244 87
245 170
246 170
247 172
248 106
249 271
250 254
251 246
252 69
253 62
254 182
255 146
256 230
257 110
258 127
259 93
260 168
261 35
262 136
263 100
264 23
265 90
266 257
267 156
268 92
269 72
270 106
271 268
272 91
273 94
274 71
275 208
276 228
277 188
278 33
279 50
280 57
281 132
282 23
283 39
284 137
285 140
286 182
287 32
288 116
289 64
290 28
291 72
292 146
293 210
294 61
295 186
296 47
297 140
298 185
299 81
300 96
301 237
302 28
303 149
304 79
305 33
306 95
307 240
308 95
309 136
310 237
311 50
312 180
313 102
314 110
315 302
316 40
317 232
318 140
319 96
320 159
321 161
322 103
323 223
324 56
325 135
326 221
327 143
328 229
329 60
330 22
331 235
332 118
333 146
334 180
335 156
336 349
337 128
338 193
339 198
340 197
341 125
342 111
343 101
344 36
345 161
346 126
347 215
348 154
349 33
350 164
351 135
352 40
353 81
354 26
355 62
356 229
357 115
358 87
359 93
360 161
361 235
362 172
363 192
364 175
365 216
366 251
367 246
368 161
369 223
370 47
371 85
372 216
373 158
374 155
375 148
376 254
377 79
378 58
379 99
380 102
381 124
382 95
383 90
384 55
385 90
386 165
387 166
388 118
389 145
390 233
391 187
392 174
393 94
394 133
395 174
396 228
397 175
398 66
399 33
400 54
401 106
402 325
403 56
404 222
405 92
406 163
407 129
408 72
409 297
410 163
411 128
412 144
413 199
414 314
415 151
416 162
417 50
418 49
419 120
420 190
421 297
422 72
423 35
424 155
425 243
426 81
427 144
428 143
429 279
430 122
431 250
432 242
433 263
434 129
435 77
436 176
437 185
438 127
439 295
440 270
441 138
442 150
443 111
444 54
445 60
446 221
447 103
448 219
449 193
450 251
451 59
452 97
453 103
454 39
455 80
456 244
457 99
458 212
459 134
460 160
461 195
462 149
463 139
464 158
465 54
466 90
467 48
468 162
469 213
470 75
471 178
472 147
473 107
474 168
475 163
476 81
477 235
478 319
479 96
480 63
481 215
482 288
483 183
484 315
485 121
486 85
487 124
488 36
489 120
490 179
491 110
492 112
493 197
494 236
495 102
496 185
497 109
498 33
499 174
500 240
501 238
502 131
503 70
504 131
505 127
506 58
507 142
508 151
509 55
510 83
511 102
512 113
513 89
514 172
515 199
516 146
517 207
518 223
519 37
520 187
521 276
522 54
523 43
524 89
525 271
526 139
527 222
528 95
529 89
530 23
531 172
532 226
533 237
534 271
535 30
536 101
537 53
538 22
539 172
540 175
541 123
542 259
543 96
544 58
545 196
546 100
547 152
548 153
549 117
550 173
551 243
552 96
553 140
554 123
555 70
556 21
557 112
558 28
559 246
560 116
561 74
562 308
563 112
564 59
565 82
566 127
567 242
568 41
569 284
570 45
571 184
572 220
573 48
574 73
575 74
576 168
577 122
578 178
579 113
580 49
581 148
582 29
583 33
584 72
585 93
586 111
587 144
588 83
589 145
590 75
591 20
592 59
593 197
594 76
595 233
596 46
597 136
598 43
599 178
600 183
601 77
602 283
603 162
604 202
605 146
606 68
607 73
608 225
609 90
610 308
611 311
612 184
613 106
614 226
615 211
616 76
617 174
618 36
619 204
620 201
621 115
622 238
623 56
624 247
625 65
626 156
627 125
628 147
629 115
630 217
631 184
632 214
633 65
634 114
635 131
636 271
637 251
638 224
639 44
640 140
641 66
642 184
643 157
644 100
645 133
646 83
647 51
648 60
649 133
650 183
651 217
652 38
653 205
654 255
655 28
656 160
657 95
658 93
659 232
660 245
661 168
662 84
663 148
664 86
665 137
666 255
667 106
668 122
669 45
670 96
671 205
672 277
673 202
674 58
675 169
676 193
677 90
678 72
679 66
680 107
681 54
682 167
683 49
684 105
685 39
686 116
687 218
688 169
689 57
690 119
691 158
692 310
693 153
694 156
695 49
696 92
697 81
698 263
699 21
700 227
701 23
702 23
703 112
704 166
705 27
706 60
707 46
708 86
709 25
710 97
711 181
712 90
713 167
714 66
715 151
716 137
717 153
718 105
719 192
720 52
721 72
722 33
723 171
724 191
725 84
726 123
727 28
728 204
729 83
730 107
731 67
732 66
733 139
734 93
735 149
736 113
737 132
738 92
739 26
740 236
741 72
742 71
743 97
744 214
745 89
746 231
747 45
748 235
749 79
750 97

<precedence relations>
1,10
2,13
3,8
3,9
3,11
3,12
4,15
4,17
5,14
6,14
6,15
7,16
7,157
7,174
8,19
9,20
10,18
11,22
12,23
13,24
14,21
14,48
14,68
15,24
15,25
17,198
18,26
19,28
20,28
21,27
22,28
23,29
24,28
24,29
24,31
24,32
25,28
25,30
25,33
25,34
26,37
27,36
28,35
28,37
28,39
29,37
29,40
29,158
30,37
30,38
30,39
30,42
31,41
31,86
32,37
32,38
33,37
33,38
34,721
35,43
36,45
37,44
37,49
38,48
38,51
39,50
39,52
40,46
40,47
40,77
41,45
42,83
42,161
43,54
44,53
45,54
45,55
45,57
45,126
46,54
46,55
46,148
47,69
48,54
48,60
49,195
50,55
51,54
51,55
51,56
51,57
51,58
51,60
52,54
52,55
52,59
53,61
54,205
54,226
55,63
55,88
56,66
56,68
57,64
57,65
58,62
58,63
58,64
58,65
58,67
58,86
59,62
60,62
60,69
61,71
62,70
62,72
62,77
62,83
62,115
63,75
64,531
64,608
65,73
65,74
66,73
66,101
66,161
67,161
68,687
68,703
69,76
70,78
71,79
72,81
73,80
73,419
73,422
73,458
74,85
74,87
74,88
75,84
75,89
76,83
76,86
77,82
78,90
79,92
80,93
81,98
82,91
82,94
82,95
82,97
83,96
83,101
84,100
85,99
85,100
85,158
85,161
86,174
86,184
87,169
88,99
88,100
88,101
88,102
88,161
89,99
89,100
89,161
90,105
91,106
92,107
93,104
94,108
95,109
96,110
97,112
98,111
99,103
99,115
99,195
99,226
100,113
101,113
102,114
102,125
102,262
103,116
104,117
105,118
106,124
107,125
108,119
109,121
110,121
111,120
112,126
113,121
113,122
113,123
113,124
114,168
115,380
115,749
116,130
117,132
118,135
119,131
120,136
121,127
122,128
122,133
122,135
123,129
123,133
123,138
124,133
124,134
125,133
126,133
126,137
126,149
127,140
128,142
129,143
130,141
131,146
132,145
133,139
133,146
133,150
134,144
134,146
134,149
135,409
136,148
137,146
138,147
139,151
140,157
141,152
142,153
143,154
144,155
145,158
146,156
146,157
147,157
147,159
147,164
147,224
148,161
148,275
148,313
148,380
149,163
150,160
150,162
151,167
152,168
153,166
154,167
155,170
156,165
157,167
158,320
159,169
160,168
160,175
160,237
161,296
162,173
163,167
163,172
164,171
164,174
164,194
165,181
166,178
167,177
167,217
167,250
168,181
169,176
169,185
170,182
170,262
170,366
170,370
171,179
171,181
171,184
172,180
173,183
174,181
174,235
175,701
176,186
177,187
178,190
179,188
180,189
181,191
181,197
182,196
183,193
183,224
184,191
184,192
185,194
185,195
185,198
186,204
187,205
188,202
189,204
190,203
191,199
192,200
192,204
192,205
193,201
194,204
194,205
194,206
195,204
195,207
195,262
196,251
197,260
197,420
197,612
198,206
199,208
200,210
201,212
202,209
203,213
204,217
205,266
206,211
206,214
206,215
206,216
207,214
207,215
207,218
208,222
209,219
210,221
211,220
212,222
213,224
214,222
215,288
216,225
216,226
217,227
217,305
218,223
218,288
219,229
220,232
221,230
222,234
222,236
223,228
223,238
223,321
223,331
224,235
224,313
224,319
225,231
225,266
225,391
226,239
227,231
227,233
227,237
228,240
229,241
230,242
231,243
232,244
232,251
232,252
233,245
233,260
234,247
235,244
235,250
235,356
236,244
236,246
237,244
237,248
237,249
237,499
238,244
238,260
239,249
239,306
239,445
240,253
241,260
242,255
243,256
244,254
244,258
244,259
244,381
245,257
246,263
247,266
248,260
248,265
248,298
248,315
249,261
249,264
250,530
251,259
251,309
252,262
252,626
253,268
254,269
255,270
256,272
257,273
258,274
259,267
259,271
259,394
259,419
259,487
259,506
259,626
260,401
260,555
262,585
262,657
263,277
263,278
264,275
264,330
264,397
264,444
265,275
266,275
266,276
267,279
268,282
269,280
270,283
271,281
272,283
273,283
274,285
275,345
275,412
276,287
276,288
277,283
277,286
277,322
278,284
278,446
279,290
280,289
281,291
282,293
283,294
283,297
284,292
284,497
285,585
285,587
286,296
286,299
286,321
286,334
287,485
288,294
288,295
288,298
289,301
290,300
291,302
292,303
293,305
294,304
294,308
295,309
295,370
296,305
297,307
297,370
298,454
298,521
299,306
299,595
300,310
301,311
302,314
303,313
304,312
305,315
305,317
305,323
305,344
306,598
307,316
307,318
307,319
307,320
307,321
308,474
309,313
309,322
310,326
311,325
312,329
313,324
314,420
315,327
315,371
315,421
316,328
316,331
316,366
316,444
317,330
317,332
318,330
318,380
318,458
318,618
319,333
320,330
321,358
322,330
322,334
323,671
323,702
324,335
325,336
326,339
327,340
328,341
329,342
330,337
330,571
331,338
331,346
331,456
332,343
332,345
332,398
332,543
332,633
333,344
334,344
335,349
336,347
337,348
338,351
339,350
340,352
341,354
342,356
343,353
344,355
344,358
344,401
345,357
345,535
345,574
345,581
346,396
347,366
348,367
349,360
350,361
351,359
352,363
353,362
354,364
355,365
356,369
356,370
356,371
356,385
356,541
357,373
357,680
357,731
358,368
358,372
358,410
359,375
360,379
361,376
362,377
363,378
364,380
365,381
366,379
366,380
366,384
366,385
368,374
368,382
368,383
368,384
368,497
370,399
370,621
370,668
370,730
371,390
371,542
371,587
372,584
374,387
375,388
376,389
377,390
378,391
379,386
379,394
379,401
379,409
379,430
381,399
381,687
382,393
382,396
382,398
382,400
383,392
383,397
384,424
385,389
385,395
385,524
386,402
387,403
388,404
389,405
390,679
390,730
391,410
392,406
392,407
392,411
392,412
394,656
395,454
395,542
396,409
397,430
397,532
398,408
398,597
399,704
399,732
399,743
400,421
401,740
402,413
403,415
404,414
405,416
406,418
407,417
409,421
409,422
410,507
411,419
411,420
411,424
412,423
413,425
414,430
415,427
416,426
417,429
418,428
419,432
419,559
419,684
420,485
421,433
421,434
421,435
423,431
423,581
424,521
424,546
425,437
426,438
427,439
428,440
429,436
430,442
431,441
431,489
432,444
432,446
433,445
433,542
433,678
433,679
434,442
434,443
435,574
435,619
436,447
437,448
438,449
439,450
440,456
441,452
442,451
442,453
442,455
442,459
443,454
443,460
443,522
443,611
443,619
444,544
445,458
445,634
446,457
446,557
447,462
448,463
449,466
450,467
451,468
452,461
453,469
454,464
454,470
454,471
455,465
455,472
456,473
456,474
456,523
457,609
459,540
459,542
460,543
461,476
462,485
463,486
464,477
465,478
466,479
467,480
468,482
469,484
470,481
471,483
472,475
472,523
473,488
473,572
473,610
474,487
474,489
475,490
476,492
477,495
478,496
479,497
480,493
481,495
482,494
483,495
484,491
485,495
485,500
486,678
487,508
488,499
489,498
489,505
490,503
491,502
492,504
493,506
494,505
495,501
495,730
496,508
496,509
497,521
498,507
499,518
499,586
500,510
500,546
500,586
501,512
502,516
503,513
504,515
505,511
505,514
505,518
505,520
505,582
506,521
507,518
507,530
508,531
509,517
509,522
509,524
510,519
510,523
510,636
511,525
512,526
513,530
514,528
515,531
516,534
516,556
516,606
516,618
516,657
517,527
518,529
518,562
518,636
519,533
519,571
520,660
521,532
521,535
521,557
522,531
522,588
523,745
524,572
525,540
526,536
527,538
528,537
529,539
530,542
530,547
531,541
531,545
531,546
533,541
533,543
533,562
533,607
534,584
535,544
535,545
535,611
535,636
536,555
537,548
538,550
539,554
540,551
540,561
541,549
541,556
541,711
542,552
542,557
542,561
542,636
543,553
543,561
544,558
544,560
544,585
545,610
546,559
547,562
547,563
548,568
549,564
550,565
551,566
552,567
553,570
554,569
555,724
556,723
557,572
557,606
558,571
559,574
560,571
560,573
562,575
563,621
564,582
565,576
566,578
567,583
568,579
569,580
570,581
571,577
572,586
572,588
572,635
572,682
573,587
573,609
575,583
575,584
575,585
575,659
576,591
577,590
578,592
579,595
580,596
581,589
582,620
582,634
583,597
584,593
584,621
585,594
585,599
585,688
586,599
586,721
587,598
587,681
589,600
590,602
591,601
592,607
593,603
594,605
595,612
595,692
596,606
596,608
597,604
597,609
597,611
598,610
598,719
599,647
599,683
600,613
601,618
602,615
603,616
604,617
605,620
606,614
606,621
609,624
609,712
609,725
610,623
610,625
611,622
612,619
612,626
613,627
614,628
615,629
616,633
617,631
618,680
619,630
619,636
621,634
621,635
622,632
623,656
623,730
624,711
626,690
626,701
627,638
628,637
629,639
630,641
631,642
632,640
632,672
632,723
633,643
634,644
634,647
635,645
636,646
636,648
637,650
638,649
639,651
640,654
641,652
642,655
643,653
644,682
645,656
645,660
646,657
646,659
648,658
649,661
650,668
651,662
652,663
653,665
654,670
655,667
656,664
656,669
656,671
657,666
657,672
661,678
662,679
663,673
664,675
665,678
666,676
667,677
669,674
669,683
670,680
670,682
672,681
672,684
673,687
674,685
675,687
676,687
677,686
680,691
680,692
681,693
682,690
683,689
683,746
684,688
684,703
685,695
686,694
687,696
687,697
687,698
687,702
687,714
688,736
690,715
691,700
691,703
691,704
692,701
693,699
693,704
694,705
695,707
696,708
697,709
698,706
698,712
699,710
699,713
699,714
700,715
702,711
705,718
706,717
707,716
708,718
709,718
710,721
710,736
712,723
712,724
713,719
713,720
713,749
714,722
715,725
716,726
717,727
718,728
718,729
718,731
721,730
722,732
723,733
724,748
726,735
727,736
728,734
729,740
732,738
732,739
733,737
733,741
734,743
735,742
737,746
738,744
738,747
738,748
739,747
739,750
740,745
740,749

<end>
