<number of tasks>
750

<cycle time>
1000

<order strength>
0.195


<task times>
1 227
2 251
3 49
4 217
5 295
6 159
7 262
8 101
9 66
10 58
11 180
12 157
13 88
14 58
15 126
16 107
17 196
18 81
19 81
20 87
21 73
22 25
23 110
24 113
25 148
26 111
27 106
28 28
29 158
30 112
31 72
32 47
33 128
34 232
35 284
36 206
37 177
38 78
39 187
40 157
41 146
42 155
43 120
44 82
45 99
46 231
47 243
48 374
49 162
50 272
51 78
52 93
53 136
54 217
55 227
56 265
57 213
58 33
59 83
60 54
61 354
62 328
63 293
64 64
65 394
66 40
67 76
68 52
69 210
70 86
71 101
72 46
73 283
74 194
75 79
76 266
77 49
78 85
79 104
80 54
81 186
82 98
83 100
84 243
85 154
86 115
87 145
88 50
89 125
90 237
91 317
92 259
93 279
94 86
95 202
96 163
97 150
98 96
99 50
100 120
101 94
102 157
103 220
104 207
105 61
106 105
107 85
108 59
109 201
110 60
111 280
112 68
113 220
114 58
115 58
116 172
117 82
118 70
119 110
120 172
121 31
122 73
123 49
124 118
125 75
126 41
127 159
128 82
129 196
130 172
131 73
132 32
133 179
134 88
135 243
136 24
137 271
138 136
139 230
140 76
141 125
142 153
143 139
144 177
145 30
146 69
147 50
148 189
149 38
150 203
151 95
152 111
153 204
154 108
155 65
156 129
157 26
158 68
159 105
160 244
161 33
162 103
163 64
164 129
165 31
166 138
167 227
168 125
169 261
170 26
171 217
172 127
173 107
174 259
175 87
176 202
177 81
178 242
179 120
180 113
181 316
182 96
183 201
184 166
185 146
186 97
187 179
188 56
189 105
190 230
191 75
192 103
193 86
194 25
195 99
196 98
197 182
198 219
199 98
200 237
201 258
202 178
203 214
204 146
205 133
206 194
207 142
208 82
209 123
210 205
211 251
212 144
213 40
214 114
215 48
216 84
217 58
218 265
219 125
220 27
221 54
222 40
223 74
224 410
225 129
226 256
227 141
228 127
229 133
230 22
231 197
232 79
233 87
234 116
235 47
236 236
237 225
238 263
239 119
240 100
241 245
242 258
243 190
244 176
245 126
246 34
247 97
248 55
249 112
250 101
251 181
252 156
253 157
254 248
255 76
256 120
257 59
258 142
259 42
260 54
261 226
262 95
263 79
264 45
265 66
266 204
267 43
268 210
269 123
270 104
271 52
272 175
273 150
274 254
275 228
276 141
277 72
278 194
279 168
280 100
281 89
282 189
283 170
284 209
285 52
286 102
287 60
288 201
289 80
290 137
291 211
292 82
293 20
294 165
295 100
296 31
297 90
298 89
299 134
300 66
301 34
302 80
303 69
304 103
305 25
306 269
307 160
308 63
309 126
310 108
311 115
312 301
313 102
314 83
315 321
316 110
317 108
318 281
319 191
320 189
321 204
322 101
323 75
324 55
325 91
326 95
327 37
328 292
329 162
330 257
331 329
332 175
333 237
334 109
335 100
336 59
337 203
338 57
339 42
340 125
341 143
342 168
343 29
344 117
345 36
346 118
347 98
348 236
349 102
350 143
351 116
352 274
353 24
354 42
355 207
356 194
357 121
358 95
359 163
360 141
361 145
362 192
363 97
364 208
365 57
366 127
367 141
368 303
369 92
370 51
371 101
372 168
373 162
374 275
375 165
376 174
377 216
378 68
379 152
380 167
381 91
382 146
383 72
384 42
385 288
386 207
387 163
388 183
389 65
390 150
391 147
392 73
393 120
394 94
395 107
396 109
397 192
398 27
399 339
400 167
401 134
402 85
403 63
404 206
405 111
406 199
407 83
408 94
409 435
410 221
411 51
412 37
413 95
414 55
415 32
416 115
417 40
418 100
419 80
420 40
421 83
422 147
423 41
424 147
425 69
426 270
427 137
428 95
429 54
430 52
431 51
432 67
433 96
434 312
435 108
436 69
437 100
438 181
439 77
440 59
441 176
442 95
443 145
444 110
445 138
446 112
447 48
448 248
449 110
450 150
451 87
452 114
453 78
454 202
455 55
456 101
457 55
458 40
459 150
460 102
461 63
462 81
463 86
464 87
465 290
466 151
467 112
468 234
469 55
470 101
471 135
472 375
473 34
474 170
475 233
476 38
477 259
478 68
479 149
480 54
481 86
482 95
483 230
484 58
485 52
486 242
487 210
488 89
489 127
490 121
491 115
492 169
493 153
494 202
495 138
496 36
497 209
498 176
499 103
500 83
501 110
502 198
503 180
504 280
505 24
506 92
507 155
508 218
509 222
510 116
511 127
512 121
513 129
514 25
515 92
516 227
517 100
518 131
519 101
520 79
521 65
522 44
523 36
524 125
525 159
526 45
527 58
528 77
529 156
530 48
531 280
532 41
533 129
534 264
535 32
536 51
537 62
538 243
539 132
540 197
541 189
542 74
543 140
544 174
545 121
546 52
547 62
548 284
549 244
550 148
551 69
552 88
553 114
554 135
555 277
556 189
557 64
558 239
559 114
560 42
561 258
562 221
563 109
564 52
565 169
566 97
567 77
568 139
569 121
570 194
571 53
572 174
573 121
574 206
575 157
576 130
577 242
578 188
579 143
580 218
581 179
582 79
583 289
584 101
585 24
586 185
587 55
588 67
589 34
590 36
591 69
592 71
593 280
594 190
595 49
596 196
597 89
598 202
599 42
600 230
601 153
602 298
603 171
604 185
605 92
606 21
607 150
608 202
609 241
610 204
611 123
612 242
613 196
614 149
615 198
616 225
617 333
618 53
619 125
620 23
621 93
622 159
623 315
624 134
625 242
626 173
627 23
628 89
629 116
630 148
631 63
632 20
633 67
634 200
635 106
636 184
637 73
638 32
639 206
640 138
641 91
642 33
643 130
644 59
645 39
646 45
647 28
648 217
649 48
650 87
651 104
652 155
653 174
654 78
655 98
656 43
657 128
658 125
659 281
660 132
661 226
662 45
663 175
664 208
665 168
666 229
667 181
668 159
669 116
670 183
671 72
672 291
673 179
674 219
675 75
676 226
677 241
678 167
679 149
680 214
681 147
682 89
683 206
684 80
685 84
686 159
687 112
688 117
689 210
690 292
691 289
692 221
693 142
694 58
695 40
696 71
697 87
698 164
699 114
700 108
701 160
702 74
703 199
704 38
705 92
706 80
707 91
708 112
709 210
710 98
711 50
712 215
713 40
714 25
715 143
716 143
717 274
718 47
719 161
720 150
721 102
722 61
723 87
724 194
725 232
726 188
727 114
728 151
729 34
730 83
731 182
732 73
733 323
734 182
735 83
736 244
737 224
738 104
739 86
740 45
741 101
742 201
743 238
744 110
745 272
746 143
747 134
748 110
749 29
750 94

<precedence relations>
1,197
1,698
2,30
2,549
3,23
3,29
4,15
4,18
4,28
5,14
5,15
5,22
5,26
5,233
6,19
6,32
6,276
8,24
8,167
9,16
9,52
10,17
10,171
10,332
11,27
11,28
12,20
12,25
13,21
13,31
14,444
15,46
15,243
16,44
17,42
17,43
17,163
18,33
18,44
19,36
19,52
20,35
20,41
20,50
20,124
21,252
22,34
22,40
23,37
23,39
23,298
24,512
26,51
27,45
27,49
27,215
28,71
28,166
28,689
29,48
29,648
31,38
31,47
31,138
33,60
35,68
35,157
36,61
37,169
38,63
39,464
40,54
40,352
40,392
42,53
42,55
42,58
42,66
43,56
43,614
44,59
45,175
46,67
47,64
48,248
48,432
49,210
50,136
51,65
51,603
52,55
52,57
52,62
56,69
57,258
57,339
57,393
58,71
58,72
58,80
59,74
59,85
60,70
60,82
60,83
61,86
62,73
62,77
62,87
63,76
63,81
63,84
64,78
64,278
66,75
66,246
67,222
68,79
69,118
69,196
69,633
70,96
71,124
72,93
72,103
72,497
73,140
74,95
74,100
74,386
75,268
76,99
76,353
78,94
78,177
79,331
79,339
80,582
80,599
81,89
81,359
82,681
83,102
84,88
84,92
85,90
85,97
85,101
86,91
86,98
86,311
88,105
88,688
89,564
89,706
90,103
91,505
92,484
93,106
93,107
94,118
95,117
96,115
96,116
96,119
98,108
98,111
98,113
98,222
99,110
100,109
101,104
102,112
102,114
102,380
102,485
103,126
103,130
103,228
105,124
105,332
107,123
107,133
107,579
107,691
108,125
108,132
109,121
109,122
109,127
111,501
111,544
111,670
112,179
113,120
113,129
115,172
115,596
117,131
118,726
119,128
119,134
120,139
120,144
121,135
121,145
121,150
122,147
122,307
122,538
123,151
123,416
124,141
124,149
124,161
126,533
126,638
127,574
128,158
128,538
129,140
129,496
129,640
130,137
130,221
131,136
131,138
131,146
132,148
133,558
133,607
134,142
134,143
135,711
135,730
136,163
137,636
138,161
138,376
139,152
139,154
139,734
140,475
142,160
144,156
145,159
145,167
146,155
146,164
146,165
147,153
147,353
147,425
148,157
148,158
148,162
148,522
149,670
151,166
152,178
153,176
155,489
156,173
156,177
156,181
157,244
158,354
159,278
159,726
160,175
161,183
162,170
162,180
162,551
163,172
163,182
163,185
164,169
164,179
164,380
165,174
166,168
166,184
167,171
167,176
168,186
168,197
168,392
169,193
169,196
171,190
171,200
172,187
172,189
173,192
173,195
173,372
174,188
174,312
175,191
175,199
176,362
176,371
177,201
178,277
179,198
179,372
180,205
182,194
182,203
183,186
183,202
183,372
184,720
185,204
187,212
187,214
187,721
188,225
188,298
188,463
188,580
189,222
190,217
190,343
190,352
191,206
191,210
194,208
194,219
194,231
194,399
194,599
195,207
197,215
197,218
198,211
198,216
199,221
199,222
199,224
200,213
201,206
201,209
201,223
203,322
204,220
204,587
205,644
206,232
206,239
207,235
207,500
208,229
208,230
208,594
209,233
210,240
211,248
212,234
213,288
214,231
214,237
214,274
214,275
214,380
214,741
216,236
218,226
218,227
218,609
219,564
221,365
222,228
222,238
222,658
223,351
223,528
224,513
225,296
225,712
226,252
226,446
226,664
226,726
227,252
227,255
228,253
228,623
229,246
229,251
232,254
232,685
233,257
233,260
234,250
234,261
235,242
235,244
235,256
235,262
235,479
236,427
237,245
237,248
238,241
238,258
238,259
238,381
238,509
239,247
239,249
240,243
241,266
241,275
242,621
242,697
243,546
244,516
246,488
247,279
248,268
248,269
248,276
248,526
249,625
249,740
251,263
251,278
252,264
253,271
253,274
253,378
254,321
254,402
255,330
258,272
259,277
259,372
260,265
260,267
260,270
260,465
260,723
261,411
262,273
264,285
265,291
265,292
266,284
266,294
268,293
269,296
271,573
273,290
273,459
275,281
275,288
277,282
277,283
277,295
277,398
278,546
279,280
279,286
279,287
279,289
281,297
282,304
282,316
282,676
283,313
284,303
284,306
284,310
285,308
286,299
286,314
287,300
288,307
289,315
290,301
290,633
291,305
291,309
292,303
293,311
294,302
294,312
295,298
297,645
299,320
300,322
300,324
302,607
304,679
306,318
306,327
307,611
308,394
308,723
309,319
309,321
310,318
311,608
313,325
314,326
315,323
316,317
316,321
317,337
317,344
318,328
319,332
319,340
319,395
320,332
320,333
320,335
321,338
322,330
322,331
322,336
322,341
322,485
324,339
324,462
325,334
325,342
325,668
326,329
327,343
327,345
328,356
329,352
331,358
332,353
334,348
335,349
335,355
336,350
337,347
337,357
337,519
341,351
341,443
342,483
343,346
344,354
344,359
344,728
345,413
345,624
346,363
346,364
347,370
347,443
348,360
348,362
348,368
349,374
349,608
349,696
351,372
352,365
352,375
352,377
352,378
354,366
354,373
354,418
355,367
355,371
355,647
355,717
357,361
358,369
358,484
359,376
359,646
360,388
361,380
361,387
361,407
361,455
362,391
363,389
363,474
364,392
364,580
365,390
366,644
366,694
366,709
367,386
367,411
367,465
367,569
369,382
371,379
371,383
375,381
375,384
375,416
378,385
380,396
380,674
380,724
382,397
382,668
383,393
384,399
384,403
385,395
385,398
385,407
385,417
386,405
386,524
388,402
390,394
390,401
390,406
391,404
391,597
392,400
392,471
396,411
396,415
397,413
397,523
397,560
398,410
398,422
399,421
400,409
400,423
401,415
401,424
401,716
402,412
403,420
403,425
404,417
404,649
405,416
405,495
406,408
406,414
406,418
406,736
407,419
408,431
408,436
410,435
410,619
412,437
414,430
415,428
415,434
416,711
417,427
418,426
418,433
420,429
420,574
421,432
425,438
426,439
426,447
426,452
428,645
429,444
429,449
430,443
430,450
431,442
431,451
433,528
434,445
436,446
436,448
438,440
438,441
440,457
440,472
440,499
441,458
441,464
441,469
442,455
442,456
442,660
442,742
443,465
444,459
444,470
445,461
445,463
447,453
447,471
448,462
448,467
448,750
449,460
450,454
451,466
451,468
453,492
454,484
456,482
458,473
458,476
458,618
458,708
459,475
459,483
460,480
463,481
465,474
465,489
467,490
468,479
468,486
468,491
469,477
471,478
472,485
472,487
472,488
472,614
473,716
474,501
474,548
475,509
477,506
478,498
479,495
481,496
482,499
483,549
483,703
484,505
485,497
485,508
486,494
486,500
487,502
487,504
488,493
488,507
492,503
493,519
493,569
494,515
494,556
494,735
496,525
497,514
497,520
499,511
500,541
500,599
501,516
501,587
501,599
502,512
502,590
503,517
503,518
503,673
504,513
504,624
505,510
505,523
505,524
505,711
506,521
506,522
508,526
510,545
512,531
513,529
513,537
513,540
516,539
517,532
517,535
518,530
520,527
520,534
520,698
521,533
521,541
524,528
524,538
525,529
525,604
526,536
527,552
529,738
530,547
530,548
530,556
530,557
531,544
531,546
532,542
533,554
534,550
535,733
536,553
536,555
538,543
539,545
540,549
540,551
541,604
541,663
542,575
543,572
544,567
545,571
545,573
545,620
546,566
547,564
548,570
548,574
550,565
551,559
551,563
553,562
553,576
554,560
554,569
556,558
556,561
557,568
558,595
558,597
559,596
559,676
560,580
560,598
561,594
562,591
563,597
564,585
565,589
566,643
566,712
567,587
567,714
568,584
568,592
568,593
569,577
569,579
570,578
570,586
570,588
571,581
572,593
573,746
574,590
575,700
576,582
576,583
577,602
579,629
581,600
581,601
582,607
582,671
585,610
586,606
589,604
590,599
591,609
591,613
592,611
593,603
593,606
597,608
597,612
598,605
598,725
599,621
599,625
599,701
600,618
601,616
601,629
602,617
602,624
602,626
603,614
604,630
606,615
606,622
606,628
608,623
609,616
609,619
609,627
613,620
614,631
614,637
614,638
615,645
616,636
617,633
619,634
619,640
620,643
622,726
623,632
624,645
625,635
626,642
629,641
629,644
630,639
632,651
633,658
633,660
634,661
635,649
636,716
638,650
638,655
639,648
640,646
640,647
640,656
641,654
642,645
642,653
643,657
643,659
644,652
647,668
647,670
648,662
648,678
649,663
649,664
651,665
651,674
652,669
652,672
653,667
653,676
653,679
654,681
657,671
657,675
657,680
658,677
659,666
659,673
661,682
662,683
663,684
665,684
669,685
670,686
671,743
672,696
672,697
674,693
675,690
676,692
676,694
676,695
677,688
677,737
678,689
679,691
682,687
683,701
683,703
683,708
683,710
684,699
684,700
684,707
684,715
686,705
686,709
687,716
688,713
689,704
692,698
693,717
694,712
695,711
695,714
696,702
696,706
698,724
699,720
699,732
701,730
703,722
705,719
705,733
706,729
707,725
707,726
710,731
711,728
712,721
712,723
713,718
717,727
718,734
718,748
720,747
721,735
721,736
721,742
724,740
725,744
726,737
726,738
726,745
727,749
728,741
729,739
730,746
731,750
733,743

<end>
