<number of tasks>
750

<cycle time>
1000

<order strength>
0.595


<task times>
1 316
2 105
3 471
4 145
5 352
6 122
7 72
8 68
9 85
10 135
11 74
12 333
13 108
14 244
15 301
16 83
17 123
18 135
19 55
20 140
21 88
22 65
23 223
24 203
25 32
26 482
27 31
28 22
29 73
30 179
31 359
32 355
33 156
34 142
35 24
36 50
37 511
38 41
39 74
40 149
41 305
42 105
43 195
44 217
45 57
46 246
47 456
48 313
49 226
50 75
51 50
52 271
53 121
54 215
55 200
56 317
57 75
58 302
59 112
60 50
61 153
62 502
63 263
64 314
65 230
66 245
67 126
68 65
69 64
70 501
71 33
72 528
73 85
74 27
75 164
76 199
77 24
78 73
79 157
80 84
81 488
82 69
83 491
84 289
85 93
86 122
87 171
88 143
89 497
90 145
91 147
92 136
93 482
94 121
95 462
96 384
97 148
98 461
99 75
100 395
101 205
102 239
103 129
104 81
105 265
106 483
107 540
108 448
109 312
110 437
111 149
112 432
113 132
114 220
115 451
116 121
117 185
118 48
119 104
120 52
121 513
122 24
123 189
124 158
125 435
126 230
127 176
128 593
129 116
130 251
131 162
132 232
133 152
134 229
135 136
136 43
137 445
138 58
139 230
140 136
141 22
142 503
143 265
144 349
145 495
146 45
147 250
148 552
149 108
150 449
151 345
152 331
153 230
154 428
155 189
156 81
157 534
158 53
159 140
160 339
161 280
162 507
163 604
164 123
165 506
166 377
167 78
168 532
169 419
170 527
171 81
172 221
173 540
174 137
175 540
176 53
177 231
178 269
179 120
180 111
181 558
182 381
183 40
184 241
185 377
186 499
187 21
188 81
189 342
190 190
191 276
192 60
193 478
194 460
195 415
196 118
197 235
198 386
199 391
200 111
201 363
202 512
203 33
204 123
205 515
206 107
207 184
208 290
209 47
210 485
211 23
212 81
213 482
214 347
215 219
216 92
217 96
218 116
219 102
220 54
221 268
222 417
223 456
224 465
225 124
226 504
227 129
228 197
229 354
230 454
231 547
232 385
233 43
234 106
235 546
236 159
237 190
238 119
239 205
240 158
241 137
242 471
243 184
244 532
245 530
246 474
247 38
248 362
249 542
250 177
251 151
252 137
253 486
254 43
255 411
256 203
257 76
258 299
259 375
260 20
261 104
262 39
263 327
264 213
265 139
266 487
267 268
268 86
269 167
270 268
271 140
272 70
273 234
274 539
275 123
276 76
277 189
278 538
279 479
280 31
281 113
282 123
283 122
284 155
285 76
286 224
287 330
288 512
289 200
290 263
291 100
292 504
293 107
294 225
295 483
296 140
297 237
298 352
299 414
300 520
301 66
302 127
303 22
304 30
305 254
306 211
307 492
308 481
309 164
310 199
311 52
312 370
313 198
314 189
315 248
316 276
317 421
318 89
319 201
320 522
321 478
322 461
323 155
324 136
325 491
326 314
327 140
328 491
329 257
330 73
331 216
332 268
333 69
334 317
335 29
336 191
337 308
338 191
339 443
340 190
341 550
342 28
343 40
344 69
345 110
346 217
347 52
348 28
349 235
350 28
351 84
352 284
353 150
354 131
355 96
356 440
357 78
358 286
359 81
360 35
361 403
362 29
363 35
364 73
365 229
366 174
367 545
368 364
369 187
370 164
371 80
372 279
373 157
374 225
375 234
376 31
377 84
378 216
379 470
380 250
381 251
382 497
383 268
384 310
385 62
386 339
387 244
388 138
389 129
390 329
391 565
392 26
393 78
394 162
395 467
396 258
397 370
398 22
399 370
400 75
401 137
402 181
403 70
404 185
405 279
406 116
407 109
408 256
409 28
410 36
411 254
412 432
413 179
414 244
415 183
416 210
417 56
418 155
419 170
420 440
421 259
422 432
423 299
424 170
425 220
426 68
427 108
428 88
429 492
430 98
431 109
432 240
433 467
434 341
435 526
436 158
437 216
438 406
439 157
440 189
441 427
442 433
443 51
444 277
445 515
446 27
447 180
448 126
449 188
450 163
451 104
452 44
453 44
454 400
455 383
456 525
457 171
458 143
459 470
460 230
461 99
462 142
463 191
464 113
465 125
466 51
467 108
468 302
469 208
470 516
471 506
472 43
473 122
474 532
475 88
476 92
477 131
478 167
479 196
480 174
481 74
482 246
483 146
484 228
485 355
486 124
487 100
488 96
489 55
490 140
491 137
492 28
493 21
494 229
495 65
496 134
497 438
498 170
499 181
500 117
501 138
502 21
503 526
504 123
505 187
506 322
507 150
508 234
509 484
510 159
511 507
512 70
513 24
514 480
515 536
516 189
517 311
518 308
519 197
520 225
521 26
522 68
523 430
524 236
525 122
526 128
527 88
528 155
529 128
530 78
531 99
532 39
533 293
534 496
535 146
536 144
537 111
538 75
539 29
540 479
541 402
542 262
543 349
544 201
545 35
546 249
547 61
548 84
549 169
550 197
551 261
552 186
553 184
554 74
555 57
556 79
557 514
558 240
559 97
560 94
561 383
562 98
563 272
564 45
565 302
566 183
567 307
568 304
569 642
570 139
571 591
572 27
573 296
574 141
575 384
576 65
577 315
578 264
579 169
580 470
581 78
582 29
583 479
584 277
585 40
586 147
587 535
588 172
589 530
590 141
591 50
592 28
593 240
594 339
595 439
596 285
597 509
598 237
599 212
600 230
601 164
602 144
603 212
604 234
605 223
606 139
607 46
608 155
609 69
610 307
611 173
612 549
613 434
614 419
615 203
616 173
617 24
618 544
619 508
620 131
621 317
622 335
623 178
624 256
625 154
626 107
627 210
628 514
629 167
630 34
631 483
632 227
633 130
634 376
635 262
636 23
637 195
638 93
639 21
640 79
641 444
642 43
643 172
644 40
645 183
646 393
647 257
648 269
649 557
650 36
651 102
652 265
653 192
654 96
655 117
656 48
657 152
658 92
659 486
660 150
661 261
662 142
663 114
664 175
665 148
666 241
667 193
668 391
669 55
670 114
671 569
672 123
673 163
674 238
675 109
676 109
677 62
678 312
679 91
680 192
681 76
682 57
683 154
684 31
685 68
686 76
687 66
688 101
689 63
690 50
691 163
692 49
693 551
694 39
695 95
696 645
697 127
698 57
699 133
700 172
701 396
702 127
703 178
704 322
705 366
706 21
707 263
708 485
709 62
710 174
711 181
712 60
713 224
714 273
715 106
716 305
717 74
718 35
719 190
720 110
721 182
722 27
723 28
724 187
725 98
726 90
727 109
728 186
729 149
730 434
731 147
732 151
733 126
734 373
735 191
736 105
737 182
738 52
739 32
740 227
741 468
742 318
743 213
744 483
745 77
746 88
747 121
748 173
749 155
750 290

<precedence relations>
1,11
2,10
2,15
3,10
3,11
3,12
4,10
4,11
4,12
5,10
5,14
5,49
6,10
6,13
6,67
7,691
8,445
9,319
9,382
9,525
10,16
10,18
10,21
10,25
11,17
11,24
12,16
12,20
12,23
13,223
13,274
14,16
15,19
15,21
15,22
15,79
16,26
17,26
17,67
18,26
18,28
18,29
18,35
19,26
19,27
19,32
19,36
20,30
21,584
21,611
21,629
21,633
22,31
22,77
23,26
24,127
25,26
25,33
25,34
26,45
26,50
27,42
27,383
28,37
28,38
28,45
29,360
30,44
30,52
32,41
32,49
33,48
34,37
34,38
34,39
34,43
34,47
34,64
35,37
35,39
35,46
35,48
35,51
36,40
37,53
37,54
38,53
38,155
39,253
39,365
40,80
42,54
42,251
42,288
42,349
43,239
43,324
44,53
44,54
44,56
44,57
45,112
45,136
46,125
46,394
46,466
47,55
48,58
48,61
48,126
49,53
49,62
49,155
50,53
50,54
50,55
51,59
51,60
52,298
52,325
53,70
53,73
53,78
54,452
55,68
55,71
55,72
56,67
57,63
58,65
58,69
58,95
59,63
59,64
59,66
59,184
60,63
60,64
61,63
61,64
61,159
62,63
62,64
63,76
64,74
64,172
64,214
65,74
65,79
66,74
66,77
66,78
67,74
67,75
68,558
69,199
69,205
70,82
70,173
70,208
71,74
71,75
71,80
72,74
72,75
72,76
72,77
72,139
73,81
73,83
74,384
75,85
75,93
75,96
76,84
76,94
76,253
77,86
77,90
78,89
78,102
78,223
79,84
79,85
79,91
80,91
80,92
81,87
82,84
82,88
83,95
83,97
84,103
84,138
85,106
85,312
86,152
86,252
87,123
87,139
88,574
88,655
89,231
89,286
90,101
90,111
90,253
91,98
91,99
91,100
91,102
91,104
91,105
91,107
91,110
92,172
92,202
92,278
92,284
93,98
93,99
93,111
93,253
94,98
94,100
95,109
96,108
97,98
97,99
98,125
98,130
98,189
99,118
99,120
101,186
101,225
102,111
102,112
102,114
103,121
104,123
104,124
104,255
105,111
105,122
105,191
106,113
106,125
106,220
107,117
108,115
108,116
108,126
108,149
108,184
109,111
109,112
109,223
110,119
111,127
111,128
112,127
112,128
112,131
113,278
114,127
114,140
115,461
116,209
116,251
116,262
117,127
117,134
117,163
118,127
118,128
118,136
118,147
119,133
119,229
120,678
120,725
121,129
121,130
122,132
122,149
122,154
122,253
123,305
123,403
124,135
124,613
125,128
125,277
127,138
128,137
128,182
128,294
129,416
129,447
129,506
130,284
130,643
131,140
131,141
131,142
131,145
132,137
132,144
132,146
133,137
133,139
133,144
133,147
134,137
134,154
134,210
134,283
134,285
135,398
136,137
136,143
136,148
136,172
137,495
137,507
138,149
138,150
139,151
139,153
140,158
140,159
140,161
140,213
141,149
141,160
142,154
142,157
143,521
144,206
144,626
144,712
145,152
145,193
146,155
146,236
146,429
147,149
147,156
148,149
148,173
149,162
149,165
149,169
150,171
150,236
150,256
151,162
151,163
151,164
152,168
153,162
154,345
155,170
155,305
156,166
157,162
157,167
158,668
159,164
159,167
160,547
160,698
162,179
163,182
163,195
164,175
164,177
164,180
164,181
164,183
164,238
164,240
165,178
166,172
166,173
166,184
167,173
168,174
168,176
169,200
169,334
170,283
171,220
172,192
173,185
173,191
174,185
175,222
175,226
176,190
177,185
177,186
177,188
178,185
178,186
179,187
179,194
180,185
180,186
180,187
181,185
181,189
182,193
182,451
182,619
183,186
184,369
185,198
185,200
185,202
186,196
187,195
187,199
189,248
189,305
190,203
190,239
191,207
192,195
192,196
192,197
193,441
193,457
194,201
194,510
194,526
196,205
196,211
197,208
198,204
198,205
198,210
198,320
199,206
199,214
199,272
200,209
201,297
202,204
202,207
202,215
203,204
203,212
203,213
203,268
203,272
204,683
205,221
206,742
207,369
208,218
208,220
209,225
209,276
210,621
211,338
212,219
212,495
212,529
212,546
212,571
213,216
213,217
214,216
214,220
215,749
216,230
216,233
216,305
217,222
217,228
217,229
217,297
218,222
218,223
218,224
218,482
220,222
220,225
220,226
220,227
220,232
220,324
221,224
221,231
221,234
221,235
222,515
223,327
224,627
225,552
226,237
226,239
226,242
227,597
228,499
228,646
228,721
229,238
229,240
231,594
232,441
232,448
232,699
233,236
233,243
233,245
234,236
234,241
234,244
235,567
235,588
235,591
235,650
236,414
236,548
237,252
237,300
237,408
238,247
239,246
239,250
240,246
240,253
241,246
241,257
241,276
241,324
242,246
242,247
243,248
243,251
244,246
244,247
244,254
244,280
245,249
245,255
245,256
246,260
246,262
247,263
247,425
248,259
248,261
249,258
249,362
251,264
252,430
252,483
252,485
253,714
254,258
254,267
255,266
256,621
256,730
256,744
257,265
257,268
258,269
258,271
259,279
259,280
260,269
260,277
260,396
261,269
261,278
262,269
262,270
262,273
262,274
263,275
263,276
264,269
265,270
265,272
266,269
266,429
269,283
269,291
269,356
270,288
271,281
271,286
272,345
273,281
273,282
274,282
274,285
274,287
275,281
276,318
277,577
278,289
279,281
279,284
280,282
280,290
281,292
281,299
282,292
282,302
283,292
283,406
284,690
284,728
285,292
285,301
286,298
287,394
287,451
288,294
288,300
289,292
289,293
289,294
289,295
290,292
290,297
290,388
291,296
291,519
291,610
292,328
293,303
293,311
294,304
294,307
294,309
294,310
294,475
295,303
296,489
297,559
298,312
298,313
299,308
299,314
300,303
300,305
300,313
301,303
302,306
302,371
303,315
303,322
304,323
304,343
304,358
304,568
305,376
305,428
306,317
306,325
307,316
307,319
309,326
309,351
309,356
310,318
310,321
311,320
311,324
312,315
312,316
314,318
315,328
315,330
315,333
317,332
318,329
319,335
320,327
321,327
322,331
322,491
323,521
323,582
324,372
325,327
325,334
325,357
326,381
326,386
327,346
327,348
327,364
328,336
328,337
328,401
329,338
329,342
329,347
329,435
329,482
330,340
330,341
330,350
331,345
332,343
332,344
332,349
332,412
333,337
334,339
335,399
335,613
336,355
336,548
337,518
338,351
339,362
339,532
340,359
340,363
341,356
341,357
342,587
342,713
342,729
343,508
343,566
344,351
344,358
344,361
345,352
345,360
346,353
346,380
346,389
347,351
348,392
349,351
350,354
350,680
351,365
351,366
352,743
353,419
353,477
354,370
355,385
356,367
357,372
358,504
358,545
359,364
359,369
359,371
360,364
360,462
361,373
362,375
363,368
363,567
363,655
364,375
364,401
365,374
365,379
365,381
365,384
366,376
366,405
366,428
367,374
367,378
367,400
367,562
367,577
368,382
368,387
369,377
369,385
370,388
371,380
372,380
372,386
372,413
373,383
373,544
374,398
374,495
375,477
375,663
377,421
378,393
379,395
379,447
380,391
380,503
381,511
382,389
383,481
384,392
385,397
386,389
386,390
386,396
387,389
387,564
388,394
389,409
390,400
390,406
391,435
391,546
392,401
392,408
393,407
393,526
394,404
395,403
395,689
396,405
397,402
398,399
398,544
399,417
400,605
401,411
401,418
402,410
402,414
403,647
404,422
405,416
406,415
406,419
407,413
407,556
408,646
409,412
409,465
410,722
411,423
411,471
412,429
412,526
412,534
413,651
414,427
415,422
415,426
415,449
416,420
417,420
418,688
419,420
419,421
419,424
419,425
419,428
419,506
420,430
420,439
420,485
420,568
421,434
421,441
421,451
422,436
422,672
423,440
423,443
424,649
425,435
426,432
426,437
426,442
426,468
426,482
427,431
428,433
428,438
428,605
430,451
430,504
431,445
431,453
433,449
434,705
435,447
437,447
437,452
438,444
438,529
439,446
439,448
439,698
440,450
441,533
441,666
442,481
442,502
442,532
443,490
443,525
444,463
444,467
445,462
445,466
446,455
446,465
446,644
447,459
447,460
447,548
449,454
449,542
450,461
451,456
451,464
452,458
453,457
454,469
454,476
455,731
456,582
456,620
456,623
457,475
457,514
458,524
458,673
460,472
460,528
461,477
461,671
462,471
462,472
462,493
462,507
463,468
463,588
463,610
464,470
464,473
464,474
464,540
465,542
466,615
468,568
468,681
468,734
469,479
469,550
470,488
470,490
470,634
471,480
471,484
471,489
472,487
472,532
473,478
473,486
473,492
473,507
475,482
475,702
475,750
476,481
476,485
476,489
477,483
477,486
477,527
478,503
478,569
479,501
480,492
480,495
480,497
481,666
481,705
482,562
483,490
485,491
485,496
486,493
486,494
487,495
487,498
487,499
487,500
488,710
489,668
490,575
490,637
491,508
491,678
492,603
493,503
493,528
494,713
495,511
496,504
496,509
497,506
498,502
500,505
500,510
501,507
502,516
502,519
502,523
503,581
504,514
504,515
505,513
505,517
507,521
508,520
508,659
510,512
510,522
510,623
511,512
511,518
512,639
514,524
515,526
515,528
515,531
516,527
516,624
517,524
517,550
517,675
518,533
518,689
519,538
519,629
519,692
520,530
520,532
520,619
521,529
521,673
523,525
523,530
524,540
524,690
525,538
525,541
525,543
526,660
527,535
527,540
527,545
528,534
528,570
529,545
530,539
530,642
530,676
531,546
531,600
532,536
532,537
533,542
533,544
534,549
534,554
534,560
535,551
535,557
536,556
536,597
538,555
539,559
540,547
541,552
541,553
542,716
543,558
543,648
544,550
545,567
545,580
545,589
546,548
546,615
547,569
549,565
550,570
551,731
552,562
552,566
553,741
554,561
554,731
555,571
556,564
557,563
558,568
558,711
559,567
560,601
560,727
562,582
564,593
565,579
566,573
566,575
566,577
567,581
568,572
568,578
569,574
569,576
569,667
570,580
570,599
570,698
572,591
572,616
572,703
573,582
573,587
573,592
574,585
576,589
576,593
577,594
578,587
578,672
579,583
579,588
579,590
579,594
580,584
581,586
581,724
583,597
583,599
583,601
583,603
584,705
585,611
586,598
586,604
587,600
588,595
589,702
592,605
592,609
592,678
593,596
594,602
596,606
596,609
596,726
599,608
600,607
601,610
601,614
601,661
603,612
604,710
605,611
605,613
606,622
608,624
609,617
609,623
609,640
611,618
611,620
611,677
612,616
612,621
612,625
613,615
613,619
617,626
617,637
617,717
618,630
618,693
619,628
619,634
620,676
622,630
622,710
622,742
624,629
624,686
625,627
625,631
625,632
625,633
625,635
625,636
628,642
628,645
629,643
629,749
630,639
631,644
631,647
633,638
633,650
634,640
634,741
636,641
638,646
638,651
638,654
638,743
639,648
639,653
639,684
639,717
640,649
640,700
640,735
641,657
641,716
642,655
643,647
643,652
644,650
644,739
645,656
649,694
650,664
650,667
651,660
652,658
652,669
653,662
653,665
654,659
655,663
656,666
656,707
657,661
658,684
659,674
659,677
659,684
660,680
661,714
663,673
663,675
664,670
664,672
664,678
665,668
665,669
665,679
666,671
667,676
669,683
670,688
670,691
671,683
672,690
673,687
673,743
674,686
675,682
675,684
676,685
678,681
679,689
680,740
681,693
682,695
684,696
687,698
688,694
689,699
691,692
691,696
691,697
693,703
694,706
695,702
695,704
695,708
695,711
696,700
696,701
696,709
697,707
698,710
698,714
699,705
700,715
701,712
702,716
702,721
703,718
704,717
705,713
705,720
707,711
709,714
709,719
709,740
710,733
711,726
713,722
713,724
713,734
714,729
716,733
719,727
719,730
719,732
719,735
720,723
720,725
720,731
721,728
723,743
724,741
724,750
725,740
726,744
728,737
728,738
728,742
728,744
729,745
731,736
731,749
732,748
733,739
734,747
735,746

<end>
