<number of tasks>
750

<cycle time>
1000

<order strength>
0.595


<task times>
1 75
2 541
3 283
4 197
5 509
6 159
7 186
8 585
9 66
10 234
11 332
12 381
13 146
14 457
15 267
16 114
17 122
18 542
19 113
20 254
21 172
22 254
23 29
24 502
25 314
26 467
27 331
28 137
29 205
30 146
31 308
32 258
33 315
34 129
35 608
36 50
37 38
38 70
39 168
40 391
41 250
42 59
43 145
44 157
45 225
46 188
47 287
48 35
49 154
50 58
51 226
52 341
53 69
54 118
55 249
56 270
57 59
58 224
59 41
60 38
61 500
62 23
63 213
64 496
65 133
66 113
67 125
68 65
69 30
70 255
71 119
72 443
73 125
74 288
75 98
76 39
77 339
78 479
79 174
80 215
81 374
82 502
83 241
84 137
85 79
86 201
87 154
88 147
89 52
90 219
91 333
92 263
93 46
94 257
95 67
96 356
97 63
98 206
99 279
100 300
101 88
102 88
103 74
104 47
105 552
106 30
107 122
108 510
109 284
110 439
111 193
112 24
113 256
114 71
115 39
116 324
117 179
118 127
119 505
120 287
121 377
122 57
123 416
124 46
125 134
126 125
127 119
128 305
129 103
130 221
131 267
132 30
133 180
134 174
135 32
136 393
137 185
138 25
139 224
140 140
141 509
142 514
143 151
144 65
145 55
146 71
147 298
148 88
149 219
150 249
151 405
152 74
153 31
154 136
155 50
156 273
157 259
158 125
159 154
160 134
161 157
162 353
163 570
164 129
165 265
166 253
167 482
168 205
169 208
170 105
171 109
172 190
173 225
174 93
175 104
176 35
177 271
178 95
179 199
180 81
181 472
182 546
183 179
184 171
185 169
186 206
187 563
188 213
189 165
190 211
191 523
192 454
193 396
194 46
195 292
196 197
197 167
198 35
199 277
200 284
201 100
202 21
203 156
204 155
205 161
206 130
207 505
208 369
209 244
210 20
211 178
212 551
213 131
214 67
215 508
216 277
217 544
218 116
219 228
220 522
221 147
222 202
223 96
224 529
225 268
226 300
227 477
228 212
229 41
230 35
231 192
232 188
233 517
234 24
235 118
236 75
237 94
238 395
239 420
240 49
241 122
242 341
243 82
244 81
245 199
246 40
247 65
248 127
249 233
250 503
251 293
252 477
253 68
254 344
255 184
256 93
257 176
258 472
259 124
260 129
261 59
262 474
263 161
264 229
265 213
266 264
267 481
268 56
269 112
270 325
271 30
272 70
273 423
274 269
275 177
276 243
277 85
278 476
279 301
280 186
281 521
282 401
283 72
284 282
285 150
286 99
287 330
288 179
289 188
290 140
291 472
292 177
293 113
294 151
295 345
296 116
297 105
298 96
299 533
300 25
301 454
302 45
303 344
304 366
305 116
306 181
307 354
308 519
309 21
310 331
311 306
312 209
313 595
314 112
315 25
316 48
317 448
318 110
319 102
320 57
321 460
322 451
323 125
324 520
325 547
326 82
327 136
328 147
329 135
330 39
331 305
332 263
333 284
334 335
335 300
336 347
337 139
338 469
339 20
340 27
341 575
342 136
343 120
344 186
345 379
346 420
347 141
348 119
349 167
350 464
351 78
352 76
353 43
354 79
355 218
356 488
357 289
358 163
359 22
360 31
361 38
362 466
363 279
364 249
365 410
366 35
367 303
368 91
369 118
370 466
371 84
372 33
373 50
374 314
375 316
376 39
377 171
378 130
379 128
380 265
381 278
382 251
383 268
384 305
385 492
386 74
387 206
388 57
389 451
390 69
391 263
392 272
393 480
394 117
395 235
396 485
397 47
398 122
399 321
400 125
401 465
402 59
403 230
404 120
405 81
406 158
407 66
408 172
409 500
410 283
411 238
412 126
413 482
414 117
415 464
416 201
417 56
418 277
419 505
420 157
421 27
422 314
423 415
424 30
425 129
426 178
427 437
428 198
429 358
430 78
431 141
432 136
433 48
434 39
435 55
436 93
437 44
438 22
439 40
440 473
441 576
442 137
443 149
444 58
445 154
446 162
447 74
448 125
449 108
450 117
451 103
452 553
453 228
454 207
455 56
456 39
457 114
458 116
459 420
460 246
461 438
462 178
463 311
464 239
465 521
466 202
467 262
468 135
469 132
470 75
471 158
472 455
473 107
474 110
475 129
476 129
477 63
478 105
479 99
480 34
481 105
482 65
483 35
484 337
485 297
486 482
487 159
488 235
489 24
490 526
491 310
492 65
493 195
494 197
495 267
496 123
497 64
498 23
499 527
500 494
501 522
502 28
503 103
504 547
505 79
506 404
507 303
508 483
509 228
510 124
511 196
512 43
513 187
514 154
515 246
516 57
517 369
518 287
519 167
520 107
521 237
522 40
523 542
524 113
525 548
526 72
527 255
528 200
529 249
530 73
531 466
532 215
533 72
534 448
535 429
536 212
537 158
538 97
539 562
540 70
541 46
542 174
543 73
544 88
545 77
546 21
547 272
548 592
549 98
550 510
551 118
552 165
553 46
554 269
555 171
556 531
557 117
558 142
559 211
560 70
561 34
562 186
563 103
564 22
565 153
566 53
567 528
568 61
569 38
570 53
571 262
572 463
573 185
574 108
575 177
576 274
577 106
578 577
579 537
580 75
581 118
582 167
583 357
584 451
585 131
586 385
587 347
588 186
589 134
590 164
591 183
592 79
593 497
594 496
595 226
596 179
597 190
598 141
599 236
600 117
601 89
602 514
603 206
604 34
605 189
606 132
607 504
608 488
609 63
610 62
611 172
612 208
613 24
614 207
615 305
616 195
617 113
618 484
619 259
620 65
621 83
622 97
623 197
624 264
625 507
626 60
627 421
628 200
629 297
630 62
631 91
632 70
633 495
634 298
635 522
636 88
637 119
638 176
639 21
640 138
641 55
642 92
643 557
644 197
645 79
646 116
647 238
648 191
649 137
650 103
651 23
652 99
653 307
654 106
655 45
656 208
657 69
658 141
659 34
660 99
661 478
662 371
663 267
664 590
665 47
666 66
667 104
668 463
669 368
670 243
671 495
672 69
673 349
674 485
675 484
676 139
677 548
678 268
679 163
680 171
681 80
682 186
683 145
684 137
685 48
686 489
687 37
688 78
689 171
690 141
691 151
692 90
693 58
694 80
695 39
696 80
697 44
698 82
699 284
700 333
701 223
702 77
703 44
704 105
705 203
706 98
707 221
708 480
709 147
710 21
711 182
712 243
713 501
714 530
715 327
716 183
717 53
718 389
719 190
720 142
721 30
722 61
723 147
724 110
725 67
726 103
727 61
728 71
729 544
730 42
731 119
732 62
733 411
734 159
735 121
736 146
737 70
738 324
739 198
740 317
741 240
742 193
743 192
744 282
745 476
746 70
747 471
748 256
749 209
750 280

<precedence relations>
1,22
1,262
1,401
2,26
3,21
3,47
4,15
4,16
4,18
4,23
5,16
5,17
5,96
5,147
6,15
6,25
7,19
7,28
8,15
8,16
8,17
8,27
9,20
10,217
10,253
11,15
11,61
12,15
12,16
12,40
13,24
14,15
14,93
14,166
14,249
15,29
16,493
16,566
17,90
17,255
17,431
18,29
18,32
19,38
20,32
20,33
21,31
23,34
24,29
24,30
24,31
24,32
24,33
24,34
24,37
25,29
25,36
26,29
26,30
26,31
27,173
27,316
27,473
28,35
29,47
29,141
30,41
30,94
31,39
31,40
31,49
32,276
32,372
32,400
33,39
33,40
33,45
33,48
33,52
34,51
35,39
35,42
35,44
35,53
36,39
36,43
36,50
37,156
37,240
38,46
39,54
39,126
39,175
40,57
40,90
40,92
41,55
42,111
42,319
43,92
44,54
44,55
44,59
45,54
45,55
45,56
46,54
46,55
46,56
46,57
46,78
47,150
48,59
49,54
49,55
50,54
51,54
51,58
52,54
52,55
53,110
53,124
53,224
54,65
55,60
55,61
56,60
56,61
56,62
56,63
56,67
56,69
56,70
57,60
57,61
57,62
57,63
58,62
58,64
59,60
59,61
59,66
59,68
59,93
60,77
60,79
60,182
61,71
61,74
61,181
62,71
62,72
62,75
62,76
62,84
63,242
63,400
63,526
64,191
64,397
65,72
66,71
66,72
66,73
66,74
67,71
67,132
68,78
68,83
69,71
69,73
70,679
71,88
72,80
72,81
72,82
72,89
72,91
72,94
72,182
73,81
73,86
73,92
74,80
74,191
75,80
75,82
76,83
76,85
76,93
77,80
77,84
77,136
78,80
78,90
78,271
79,85
79,87
80,189
80,264
80,270
81,105
81,224
82,95
82,130
83,102
83,103
83,284
84,95
84,132
84,144
85,96
85,335
85,382
86,95
87,104
88,95
88,98
89,99
89,101
90,285
90,353
91,97
91,100
92,95
92,96
92,97
92,98
93,252
94,290
95,120
95,249
96,167
97,106
97,110
97,113
97,115
97,138
97,161
98,116
98,172
99,106
99,107
100,108
100,113
101,106
101,107
102,114
103,111
103,205
104,106
104,117
105,106
105,109
105,112
106,118
106,119
106,120
107,124
108,118
108,120
109,316
110,426
110,510
110,618
111,125
111,713
112,122
113,492
114,122
114,196
114,250
115,119
115,186
116,118
116,121
116,123
116,127
117,126
118,134
118,192
118,551
119,133
120,129
120,139
121,128
121,130
122,140
122,154
123,131
123,137
124,128
124,136
125,470
126,128
126,132
126,135
126,138
127,328
127,401
127,463
128,148
128,149
128,150
129,141
130,142
131,198
131,252
131,259
132,141
132,143
132,151
133,152
134,701
135,143
135,144
135,146
136,145
136,181
137,147
137,162
137,249
138,455
139,146
140,549
140,583
140,713
141,156
141,158
142,159
143,157
144,153
144,161
144,190
145,332
146,153
146,155
146,162
147,153
147,160
148,153
149,153
149,154
150,153
151,153
151,159
152,153
153,163
153,167
153,168
153,209
154,190
155,166
155,173
155,174
155,192
156,378
156,535
157,171
157,176
158,163
158,164
158,165
158,293
159,164
159,169
159,170
160,163
160,164
160,165
160,166
160,175
160,239
161,172
161,177
162,501
162,540
162,584
164,186
165,184
165,232
166,185
167,406
167,448
167,452
168,178
168,187
169,178
169,216
170,180
171,178
171,179
171,180
171,181
171,332
172,178
172,179
172,266
173,202
174,183
174,267
175,178
175,182
176,179
176,186
176,221
177,338
178,193
178,257
178,334
179,196
179,237
179,368
180,330
180,333
181,188
181,190
181,191
181,345
181,346
182,188
182,189
182,201
183,188
183,198
183,275
183,302
183,345
184,188
184,356
185,188
185,195
185,197
186,192
186,245
187,188
187,189
187,194
188,236
188,321
189,200
189,206
190,199
190,203
191,423
191,461
192,633
192,667
193,204
193,210
194,207
195,199
195,271
195,287
196,199
196,208
196,356
197,202
197,205
197,209
197,229
198,201
200,220
200,267
201,211
201,212
201,214
202,211
202,376
202,467
203,212
203,223
205,211
205,217
205,221
205,259
205,289
206,218
206,219
207,211
207,374
208,224
209,213
209,215
209,216
210,222
211,282
212,285
213,517
213,533
213,642
214,254
214,326
214,354
215,225
215,231
216,332
216,333
216,415
216,444
217,386
217,550
219,227
220,229
220,232
221,225
221,348
221,445
222,233
222,234
223,226
223,228
223,230
224,225
224,373
225,241
225,269
226,235
226,236
226,293
226,350
226,354
227,235
227,236
227,237
228,235
228,239
229,235
229,236
229,244
229,263
230,238
230,316
231,245
232,237
232,242
232,257
232,330
232,383
233,240
233,243
234,235
235,246
235,254
236,247
236,256
236,258
237,246
237,259
237,373
237,398
237,401
238,248
238,249
238,419
238,569
239,257
239,350
240,246
241,253
241,441
241,448
242,247
242,339
243,252
244,255
245,246
245,248
245,250
245,251
245,260
245,298
245,302
246,262
247,430
248,311
248,560
249,436
250,264
251,261
251,267
252,278
252,301
252,450
253,270
253,447
254,261
254,262
254,268
254,359
255,266
256,261
256,343
257,309
257,650
258,265
258,269
259,493
259,558
259,599
260,263
260,264
260,271
260,300
261,328
262,276
262,311
262,344
262,369
262,387
263,272
263,273
263,304
263,336
264,305
264,437
265,432
265,677
266,274
266,275
266,291
267,278
267,280
268,273
268,281
269,277
269,371
270,279
270,321
271,272
271,280
272,284
272,292
273,286
273,290
273,344
274,287
274,389
275,293
275,434
275,554
276,282
276,294
276,351
276,394
277,415
278,288
278,291
278,393
279,283
279,347
279,418
279,422
279,452
280,282
280,289
281,285
281,384
282,295
285,477
285,571
286,299
286,303
287,298
287,302
287,459
287,475
287,492
287,532
288,300
288,452
288,479
289,296
289,301
290,301
290,402
290,577
291,344
291,371
292,297
293,586
294,317
294,432
294,450
295,306
295,318
295,437
296,305
296,314
296,317
297,307
297,311
297,313
298,312
298,315
298,370
298,505
299,308
299,316
300,304
300,492
302,428
302,591
302,608
303,309
303,310
303,367
304,322
304,326
304,347
305,323
305,329
306,319
306,339
307,325
308,318
308,328
308,330
309,431
309,464
309,517
312,509
313,320
313,569
314,337
314,370
316,321
316,327
317,324
317,396
317,418
317,507
318,465
319,379
319,381
319,386
319,474
319,489
319,540
320,420
320,575
320,722
321,331
321,439
322,333
323,335
323,531
324,616
325,334
325,379
326,593
327,331
327,497
328,438
328,508
329,331
329,332
329,336
330,331
330,337
331,365
331,463
331,490
332,346
332,393
332,463
333,338
333,341
334,338
334,339
334,477
335,338
335,345
336,338
336,343
336,344
337,340
337,342
337,343
337,347
338,350
339,356
339,358
339,390
340,352
341,351
341,359
341,440
342,348
342,349
343,355
343,426
344,357
344,550
345,354
345,512
345,536
346,445
346,600
347,353
347,498
348,369
349,360
349,462
350,456
350,496
351,531
351,712
352,361
352,362
352,363
352,366
352,368
352,396
353,548
354,365
354,549
355,360
355,467
355,475
356,364
356,410
356,455
356,514
358,510
358,628
359,367
360,373
360,374
360,696
361,380
362,381
363,371
363,379
364,370
364,382
365,370
365,378
365,551
366,375
367,372
367,376
367,377
369,380
370,510
370,735
371,389
372,383
374,384
374,387
376,383
377,682
379,513
380,385
380,386
380,388
381,434
381,575
382,507
382,635
383,396
383,398
383,485
383,496
383,500
384,511
384,653
385,390
385,393
385,394
385,397
386,392
386,650
387,391
387,427
387,485
388,594
388,691
389,395
389,456
390,556
391,404
391,419
391,441
391,457
391,512
392,407
393,400
393,408
394,399
394,408
394,622
394,747
395,401
395,660
396,403
396,405
397,402
397,406
398,563
398,576
399,476
400,409
400,411
400,507
401,409
401,464
401,513
402,412
402,413
403,414
403,417
403,535
404,649
405,725
406,410
406,415
406,416
407,435
407,651
408,454
408,557
409,425
409,430
409,494
410,426
410,441
411,418
411,421
411,424
411,432
412,428
412,673
412,712
413,423
413,429
413,431
415,422
416,419
417,420
417,427
417,453
418,473
419,488
421,491
421,683
422,433
422,437
422,439
422,440
422,442
423,441
423,631
424,582
424,689
425,435
425,446
425,481
425,530
425,552
426,443
426,444
426,647
427,436
427,438
427,445
429,480
430,434
431,466
431,684
431,713
432,725
433,450
433,455
434,452
434,549
434,684
435,448
436,447
436,484
436,664
437,453
437,501
438,591
438,623
439,664
440,449
440,451
440,454
440,456
440,484
442,547
443,669
444,682
445,719
446,485
446,537
446,654
447,593
448,480
449,491
449,696
450,460
450,463
451,458
451,459
451,462
451,502
452,542
452,711
453,457
453,461
454,722
455,523
455,712
456,475
457,472
457,750
458,467
458,470
460,466
460,509
461,464
461,465
461,469
462,468
462,473
463,471
463,615
464,483
464,727
465,478
466,479
466,484
467,476
468,478
468,519
468,566
469,480
469,545
470,477
470,483
470,485
470,569
471,540
471,570
472,481
472,541
472,603
472,719
473,474
473,475
473,482
474,488
475,489
476,494
477,490
477,660
478,505
478,630
479,492
479,496
479,663
480,487
480,491
480,566
481,495
481,712
482,724
485,486
485,493
485,497
486,499
488,503
488,724
489,500
489,504
490,501
491,671
492,502
492,507
493,506
494,498
494,583
494,687
494,719
497,505
497,556
499,516
500,508
500,510
500,511
500,513
500,514
501,507
501,510
501,517
502,661
503,515
504,573
504,655
505,527
506,509
506,512
507,527
507,679
508,525
509,524
509,653
510,519
510,521
511,518
512,523
512,609
513,520
513,570
514,518
514,522
515,545
515,700
517,526
518,530
518,537
520,528
520,586
520,610
521,533
521,534
522,535
523,532
524,531
525,529
525,536
525,585
526,545
527,529
528,542
528,659
528,694
528,704
529,547
530,718
531,731
532,540
532,631
533,538
534,541
534,636
534,701
535,551
536,543
536,544
536,546
537,539
537,545
537,546
538,559
539,557
539,560
541,702
542,552
542,669
542,687
543,551
544,561
545,548
545,556
545,557
546,550
546,553
546,555
546,558
546,738
547,549
547,554
548,630
549,562
549,572
549,573
549,581
550,573
550,574
551,565
554,564
555,568
556,563
557,567
558,569
558,571
558,615
559,650
560,570
561,566
561,666
562,576
562,587
563,575
563,585
563,586
563,741
564,582
564,591
564,592
565,577
565,580
565,581
566,678
567,578
567,579
567,603
568,578
569,584
573,589
573,698
574,583
575,649
575,661
576,590
576,593
577,600
578,588
578,704
579,690
579,707
580,588
581,592
581,595
582,590
582,750
583,597
583,690
584,589
585,594
585,596
585,599
585,640
586,591
587,598
592,603
592,606
593,602
594,601
594,716
595,699
598,601
598,604
598,605
598,609
599,607
600,607
600,608
602,610
603,627
603,740
605,722
607,611
607,615
608,609
608,612
608,613
608,614
609,617
610,616
611,620
611,623
612,619
612,624
613,632
614,622
615,618
615,621
615,704
616,632
616,636
617,626
617,631
618,747
619,625
619,629
620,637
622,633
622,634
623,627
623,630
623,656
624,628
624,635
624,708
625,645
625,647
625,729
626,642
626,644
628,639
629,648
630,641
630,717
631,649
632,643
632,675
634,650
635,646
636,640
636,718
637,638
639,701
640,659
640,661
641,745
642,653
642,657
643,652
643,655
644,651
645,664
647,654
647,663
648,656
648,660
649,658
649,662
649,665
652,668
652,670
654,669
656,671
657,674
657,690
658,672
658,675
658,676
659,732
660,666
660,679
660,681
660,732
660,733
661,667
662,677
663,673
665,666
667,678
667,680
668,687
669,679
669,686
670,681
670,688
671,684
674,685
675,683
676,682
678,693
678,697
678,702
678,703
681,694
682,697
683,689
683,732
686,691
686,695
686,696
687,690
687,698
687,699
687,700
688,692
688,701
688,736
689,704
691,727
691,728
693,705
693,707
694,715
695,713
697,743
698,706
698,712
700,709
701,710
701,711
702,708
704,719
704,723
706,720
707,721
708,715
708,733
709,716
709,718
709,722
711,714
712,717
713,721
714,725
714,731
714,738
715,726
715,728
717,732
719,729
719,734
720,724
720,735
721,730
721,733
722,736
723,727
723,737
723,743
725,741
726,747
730,745
730,748
731,749
732,740
732,743
733,742
733,744
734,746
737,739
738,750

<end>
