<number of tasks>
750

<cycle time>
1000

<order strength>
0.595


<task times>
1 175
2 202
3 280
4 122
5 116
6 319
7 244
8 68
9 32
10 82
11 159
12 208
13 74
14 97
15 224
16 213
17 120
18 184
19 121
20 230
21 112
22 168
23 105
24 183
25 84
26 78
27 122
28 27
29 186
30 101
31 135
32 54
33 44
34 68
35 259
36 185
37 38
38 106
39 115
40 81
41 203
42 84
43 137
44 89
45 226
46 119
47 156
48 67
49 34
50 168
51 131
52 134
53 123
54 345
55 240
56 73
57 209
58 54
59 147
60 149
61 117
62 128
63 133
64 89
65 64
66 57
67 213
68 114
69 136
70 164
71 92
72 115
73 63
74 70
75 227
76 304
77 59
78 179
79 60
80 22
81 138
82 203
83 104
84 179
85 24
86 186
87 333
88 67
89 208
90 288
91 167
92 158
93 163
94 22
95 216
96 78
97 76
98 162
99 91
100 156
101 156
102 71
103 254
104 131
105 253
106 142
107 162
108 271
109 322
110 48
111 28
112 162
113 145
114 136
115 219
116 60
117 208
118 55
119 126
120 194
121 257
122 224
123 165
124 136
125 342
126 186
127 112
128 57
129 283
130 176
131 216
132 81
133 180
134 98
135 231
136 174
137 196
138 133
139 26
140 51
141 93
142 135
143 93
144 151
145 290
146 35
147 73
148 211
149 202
150 80
151 73
152 224
153 74
154 192
155 85
156 36
157 86
158 194
159 265
160 199
161 223
162 208
163 65
164 74
165 66
166 47
167 235
168 211
169 31
170 189
171 80
172 121
173 90
174 145
175 172
176 95
177 95
178 80
179 63
180 140
181 150
182 22
183 224
184 101
185 152
186 21
187 217
188 224
189 129
190 46
191 124
192 162
193 389
194 182
195 294
196 61
197 184
198 203
199 100
200 151
201 116
202 97
203 131
204 138
205 95
206 148
207 128
208 143
209 39
210 66
211 43
212 64
213 230
214 73
215 246
216 33
217 287
218 137
219 42
220 224
221 46
222 185
223 42
224 202
225 118
226 84
227 328
228 101
229 129
230 196
231 140
232 76
233 106
234 159
235 144
236 32
237 74
238 84
239 31
240 109
241 68
242 155
243 119
244 41
245 404
246 150
247 147
248 154
249 115
250 129
251 37
252 27
253 75
254 194
255 219
256 212
257 173
258 154
259 100
260 274
261 232
262 88
263 79
264 38
265 144
266 209
267 128
268 327
269 190
270 210
271 242
272 111
273 79
274 93
275 207
276 165
277 100
278 40
279 95
280 104
281 104
282 94
283 223
284 102
285 336
286 133
287 93
288 139
289 71
290 293
291 116
292 105
293 269
294 215
295 67
296 155
297 102
298 179
299 132
300 99
301 107
302 92
303 206
304 137
305 137
306 147
307 71
308 157
309 105
310 258
311 119
312 20
313 104
314 116
315 151
316 26
317 71
318 61
319 213
320 21
321 173
322 87
323 164
324 114
325 124
326 73
327 253
328 65
329 176
330 176
331 218
332 63
333 104
334 163
335 126
336 162
337 77
338 102
339 291
340 33
341 189
342 82
343 48
344 55
345 200
346 82
347 112
348 57
349 122
350 200
351 55
352 96
353 132
354 267
355 168
356 194
357 71
358 71
359 193
360 74
361 54
362 228
363 191
364 74
365 172
366 27
367 122
368 197
369 137
370 111
371 79
372 21
373 168
374 39
375 224
376 62
377 39
378 42
379 80
380 218
381 125
382 84
383 78
384 93
385 232
386 122
387 150
388 128
389 73
390 103
391 203
392 144
393 27
394 34
395 52
396 83
397 106
398 148
399 232
400 158
401 186
402 156
403 322
404 144
405 166
406 96
407 75
408 107
409 69
410 128
411 243
412 25
413 47
414 201
415 303
416 118
417 174
418 79
419 158
420 259
421 166
422 55
423 112
424 263
425 227
426 172
427 27
428 112
429 105
430 179
431 154
432 165
433 204
434 155
435 123
436 90
437 77
438 21
439 128
440 218
441 108
442 121
443 58
444 181
445 122
446 43
447 71
448 125
449 45
450 44
451 42
452 215
453 45
454 72
455 80
456 234
457 186
458 146
459 141
460 141
461 148
462 105
463 112
464 258
465 96
466 169
467 45
468 60
469 153
470 38
471 98
472 250
473 236
474 179
475 167
476 101
477 167
478 123
479 20
480 85
481 125
482 120
483 162
484 170
485 223
486 67
487 167
488 50
489 133
490 146
491 53
492 44
493 64
494 60
495 38
496 171
497 133
498 168
499 159
500 304
501 59
502 80
503 126
504 273
505 145
506 66
507 254
508 144
509 72
510 54
511 94
512 135
513 158
514 121
515 30
516 150
517 153
518 147
519 80
520 79
521 70
522 202
523 86
524 186
525 62
526 135
527 173
528 95
529 126
530 114
531 223
532 125
533 340
534 116
535 272
536 213
537 28
538 170
539 133
540 125
541 57
542 183
543 48
544 64
545 78
546 118
547 85
548 302
549 134
550 102
551 213
552 208
553 143
554 57
555 101
556 160
557 70
558 151
559 127
560 263
561 89
562 120
563 63
564 143
565 108
566 36
567 297
568 25
569 48
570 157
571 89
572 64
573 210
574 163
575 206
576 104
577 183
578 141
579 102
580 159
581 169
582 99
583 109
584 193
585 56
586 51
587 111
588 313
589 95
590 242
591 168
592 48
593 42
594 27
595 271
596 189
597 135
598 265
599 125
600 102
601 85
602 66
603 333
604 174
605 203
606 122
607 90
608 29
609 76
610 122
611 124
612 167
613 63
614 140
615 122
616 161
617 102
618 127
619 197
620 97
621 249
622 141
623 27
624 164
625 228
626 130
627 89
628 158
629 61
630 300
631 453
632 163
633 223
634 169
635 294
636 119
637 62
638 29
639 45
640 160
641 263
642 295
643 34
644 165
645 47
646 134
647 222
648 70
649 92
650 166
651 185
652 180
653 191
654 55
655 200
656 162
657 79
658 113
659 173
660 32
661 110
662 127
663 264
664 84
665 105
666 153
667 240
668 99
669 47
670 295
671 44
672 225
673 73
674 118
675 146
676 219
677 56
678 161
679 122
680 117
681 244
682 245
683 38
684 295
685 47
686 121
687 178
688 50
689 92
690 189
691 38
692 25
693 75
694 201
695 78
696 198
697 145
698 100
699 271
700 69
701 105
702 53
703 234
704 35
705 212
706 77
707 57
708 36
709 64
710 252
711 152
712 161
713 50
714 192
715 136
716 178
717 77
718 207
719 170
720 209
721 172
722 162
723 104
724 29
725 156
726 122
727 97
728 248
729 26
730 108
731 111
732 29
733 129
734 269
735 125
736 93
737 63
738 221
739 250
740 104
741 125
742 49
743 110
744 113
745 134
746 68
747 51
748 168
749 261
750 211

<precedence relations>
1,134
1,456
2,10
2,81
3,9
3,10
4,11
4,13
5,462
6,9
6,10
6,12
7,9
7,10
7,11
7,12
7,30
8,163
8,193
9,19
10,14
10,15
10,20
11,14
11,18
11,22
11,23
12,16
12,17
12,406
12,531
13,14
13,21
14,33
15,24
16,612
16,704
17,41
18,24
18,32
19,25
19,31
19,104
20,24
20,25
20,28
20,52
20,76
21,26
21,27
21,30
21,33
22,29
22,104
23,24
23,25
23,26
24,39
24,42
25,41
25,45
26,34
26,35
26,36
26,98
28,38
28,58
28,102
29,34
29,35
30,137
31,34
31,58
32,34
32,35
32,36
32,43
33,34
33,36
33,37
33,40
34,44
34,45
34,47
35,44
36,44
36,45
36,46
36,50
36,52
36,104
37,44
38,314
38,376
39,45
39,53
40,54
40,105
41,506
41,661
42,47
42,48
43,49
43,51
44,55
44,56
44,62
44,105
45,55
47,666
47,668
48,57
49,58
49,59
49,67
50,60
50,65
51,55
51,61
51,64
51,85
52,55
52,66
52,105
53,55
53,56
53,97
53,98
54,55
54,56
54,63
55,68
55,75
55,89
56,77
57,68
57,69
57,72
58,71
58,171
59,76
59,120
60,78
61,68
61,69
61,70
61,89
62,68
62,313
62,427
63,68
64,73
64,74
65,70
65,109
66,176
66,411
66,414
67,395
67,492
68,186
68,370
69,90
69,91
70,79
70,80
70,126
71,301
71,332
72,480
73,83
73,89
74,79
74,80
74,81
74,87
75,79
75,82
75,84
75,86
75,88
76,85
76,481
77,79
78,79
78,80
79,92
79,93
79,95
80,92
80,93
80,151
81,92
81,93
81,94
81,97
82,92
82,134
83,227
83,313
84,286
84,446
85,345
86,193
87,98
88,92
88,93
88,94
88,99
89,96
89,163
90,92
90,182
91,93
92,100
92,101
93,102
93,103
93,121
93,182
94,100
95,107
95,108
96,159
97,148
98,100
98,104
98,105
99,100
99,101
99,106
99,109
99,110
100,113
100,121
100,124
101,111
101,120
102,111
102,117
103,169
103,332
103,390
103,444
104,111
104,112
105,111
105,112
106,111
106,114
106,119
106,126
107,118
107,122
107,127
107,182
108,111
108,112
108,113
108,115
108,116
108,182
109,123
109,125
110,365
110,470
110,522
111,129
111,135
111,190
113,398
114,128
115,128
115,131
115,138
116,128
117,132
117,134
117,159
118,128
119,340
120,129
120,190
121,169
121,744
122,130
123,128
123,136
124,128
125,133
125,146
126,137
126,153
127,128
128,139
129,139
129,140
129,141
130,139
130,142
131,139
131,140
131,190
132,143
133,145
134,395
134,430
135,146
135,313
135,315
136,139
136,141
137,139
137,144
138,139
138,152
139,147
139,148
139,193
140,147
140,153
140,177
140,246
140,357
140,377
140,440
141,149
143,150
143,152
143,154
143,205
144,357
144,515
145,151
145,155
146,156
146,270
147,387
148,158
148,159
148,161
148,165
149,157
149,158
149,160
149,163
149,166
150,157
150,293
151,158
151,162
152,226
152,313
153,164
154,196
154,252
154,309
155,157
155,513
156,212
157,213
157,427
158,167
158,169
158,172
159,168
160,167
160,170
160,173
161,167
161,168
162,167
162,171
163,685
163,701
163,744
165,209
166,167
166,168
167,174
167,178
168,174
168,180
168,261
169,232
170,179
170,248
171,177
171,182
171,200
171,278
172,175
172,181
172,183
173,176
173,184
174,184
174,189
174,195
174,202
175,184
175,187
175,295
176,276
176,396
177,456
178,185
179,184
180,184
180,192
180,194
181,184
181,186
181,188
181,191
182,184
182,190
182,193
182,202
183,184
184,201
184,206
184,207
185,196
185,199
185,202
186,196
186,246
186,356
187,196
187,203
188,204
188,369
189,196
189,254
190,196
190,198
191,200
191,205
192,225
192,247
193,196
193,223
194,196
194,197
194,198
194,224
195,196
195,197
195,268
196,208
196,212
196,242
196,272
196,409
197,208
197,212
197,318
197,405
199,217
200,208
200,210
200,415
201,216
201,425
202,209
202,213
203,317
204,211
204,214
204,347
204,425
205,219
205,259
206,378
206,437
207,215
207,218
207,277
208,220
208,328
209,227
210,220
210,221
210,222
210,228
210,229
211,223
211,230
212,220
212,298
212,456
213,222
213,717
214,220
214,355
214,541
215,233
215,364
215,402
215,412
216,220
216,221
217,224
217,225
218,226
219,220
219,226
219,311
219,313
220,491
220,516
220,579
221,236
221,239
221,349
223,409
223,436
223,541
224,235
224,238
225,231
225,232
225,233
225,238
226,231
226,234
227,231
227,232
227,233
227,250
228,387
228,568
229,707
230,237
230,364
231,240
231,241
231,249
231,252
232,251
232,623
233,245
233,253
234,242
234,244
235,255
235,258
236,241
236,250
237,246
237,247
237,248
237,256
237,298
238,240
238,243
238,287
239,254
239,255
240,461
241,257
241,442
242,337
242,341
242,492
243,257
243,259
243,262
244,421
245,463
245,535
245,613
246,257
246,261
246,437
246,481
247,258
247,343
248,389
248,448
250,263
250,265
250,324
251,617
252,264
253,257
253,339
254,260
255,340
256,631
256,667
256,684
257,649
258,290
259,268
260,266
260,267
260,306
262,266
263,269
264,266
264,270
264,315
265,266
265,360
266,271
266,500
267,276
268,272
268,275
268,278
269,273
269,277
269,280
269,282
269,285
270,271
270,274
270,279
270,281
270,283
270,284
271,286
271,430
272,286
273,296
273,439
273,541
275,549
276,299
276,302
277,290
278,286
278,289
278,295
279,362
279,445
279,507
280,355
280,462
280,529
281,286
281,287
281,288
281,289
281,290
281,293
281,294
283,297
283,307
283,328
284,291
285,286
285,287
285,292
285,298
286,305
286,307
286,529
287,605
287,717
288,681
289,304
289,441
290,302
290,378
291,300
291,301
291,302
291,415
292,303
292,308
293,422
294,300
295,521
296,392
296,612
296,617
297,306
297,310
298,311
298,739
299,300
299,309
300,312
300,314
300,319
301,316
301,350
302,312
302,318
304,312
304,317
304,492
305,320
307,392
307,445
307,473
308,315
308,497
309,313
309,539
309,549
310,398
311,413
311,419
311,458
312,464
313,492
313,507
314,330
315,321
316,324
316,326
316,329
317,326
317,327
318,321
318,322
318,323
318,325
318,421
318,473
319,321
319,322
319,328
319,343
320,321
320,322
321,423
322,331
322,339
322,348
323,334
323,550
324,338
325,331
325,335
325,366
326,337
327,336
327,341
329,333
329,340
330,331
330,332
331,351
331,400
331,518
332,344
332,346
332,353
333,349
333,355
334,356
335,446
335,505
335,631
335,645
335,665
336,401
337,342
337,343
337,425
338,347
338,352
339,346
339,461
340,348
340,445
341,345
341,350
341,354
341,357
342,358
342,359
342,373
342,494
343,424
343,494
343,514
344,359
344,372
344,448
345,363
345,374
345,528
346,481
347,662
348,400
349,443
350,361
350,364
351,362
351,453
352,371
353,360
353,363
353,536
354,361
354,365
354,366
354,369
355,370
356,367
356,368
356,502
357,555
358,382
358,468
358,507
359,733
360,433
360,547
361,465
361,529
361,581
362,551
363,379
363,570
364,547
365,383
365,698
366,388
366,521
367,375
367,385
367,507
368,677
369,376
369,497
369,500
370,375
370,378
370,381
371,380
371,457
371,486
372,384
373,377
374,443
375,428
376,390
376,392
376,445
377,386
377,402
377,450
378,394
378,467
379,493
379,494
379,555
379,619
380,386
380,391
380,509
381,387
381,428
382,386
382,421
382,495
382,538
383,493
384,389
385,386
385,388
385,393
385,503
386,736
387,621
388,399
388,407
389,395
389,398
389,434
390,396
390,401
390,405
390,406
390,514
391,397
391,400
391,523
393,403
394,402
394,404
394,511
394,542
394,544
395,534
396,415
397,646
398,409
398,412
399,416
399,417
399,419
400,432
400,514
400,541
401,411
402,408
402,410
404,414
404,476
404,545
405,626
407,413
408,657
409,422
410,484
411,418
411,424
412,418
412,419
412,420
412,421
412,422
412,427
412,442
413,490
413,535
413,637
414,429
414,527
415,418
415,423
415,425
416,418
416,426
417,428
417,470
419,571
420,562
422,432
422,435
422,437
423,429
423,437
423,530
424,429
424,430
424,431
424,542
425,478
426,436
426,665
426,671
427,565
428,433
428,434
429,443
429,474
429,513
430,442
430,448
430,454
430,602
431,543
431,545
431,634
432,438
432,440
432,441
432,521
433,469
433,504
433,545
433,568
434,447
435,439
435,445
435,446
435,454
436,444
436,599
436,691
436,696
437,496
437,501
438,449
438,451
438,583
438,657
439,461
439,462
440,454
440,522
440,693
441,450
441,456
441,459
442,452
444,491
444,633
445,453
445,457
446,458
446,540
447,455
447,460
448,449
448,455
448,591
449,556
452,464
452,473
452,615
453,463
455,463
456,467
456,470
456,472
457,732
458,679
459,495
459,553
459,588
460,468
460,469
460,471
461,466
462,465
462,560
463,480
463,534
464,477
465,474
465,476
465,592
466,475
466,478
467,542
468,484
469,491
470,483
470,493
470,668
471,524
472,673
472,731
473,479
473,481
473,482
473,737
474,487
474,539
475,490
475,492
475,494
475,497
476,495
477,485
477,489
478,491
478,668
479,635
480,722
481,488
481,665
484,486
484,493
484,496
485,498
485,616
486,500
486,525
487,503
487,517
489,502
490,603
491,499
493,567
494,501
495,611
496,650
496,741
498,504
498,505
498,513
498,518
498,582
499,717
500,514
500,671
501,506
501,510
501,511
501,515
501,621
502,507
502,613
502,643
502,711
503,508
503,509
503,512
503,516
504,592
505,529
505,662
506,518
506,519
506,522
506,523
506,527
506,557
507,518
507,530
507,634
507,708
508,528
509,731
510,520
510,521
510,526
511,603
512,524
512,720
513,644
514,517
515,596
515,605
515,623
515,635
516,525
516,561
517,536
518,535
518,627
518,735
519,540
520,534
520,635
521,542
521,615
523,626
523,652
524,548
525,531
525,538
525,564
526,533
526,540
527,532
527,533
528,537
529,539
530,541
531,543
533,598
534,544
534,549
534,574
535,599
535,731
536,547
537,548
537,549
537,551
538,546
538,552
539,550
540,740
542,545
542,601
543,554
545,560
545,561
546,558
546,563
547,557
547,559
547,576
547,708
549,553
549,556
549,564
551,562
551,565
552,555
552,640
552,739
552,749
553,566
553,601
554,569
554,570
554,572
554,578
555,716
557,579
557,631
557,746
558,568
558,702
559,571
559,745
560,575
561,567
561,576
561,609
562,577
563,573
563,583
564,566
564,580
564,656
565,570
565,574
565,692
566,624
567,714
571,591
571,665
572,719
573,582
573,587
574,714
575,581
575,592
575,603
576,585
576,589
576,689
578,586
578,590
579,583
580,584
580,588
582,596
582,601
583,602
583,652
584,597
585,600
586,695
587,599
588,593
588,598
589,635
589,746
590,594
590,595
591,670
593,606
593,616
593,639
593,643
594,617
595,615
596,613
596,682
597,604
597,608
597,749
598,610
598,631
599,605
599,741
600,676
601,603
601,607
601,609
601,611
601,612
601,614
602,692
603,618
604,620
605,629
605,663
606,626
607,623
607,628
607,654
608,625
608,636
608,699
608,745
609,663
610,748
611,622
611,662
615,627
615,630
616,691
617,619
617,621
617,624
618,633
618,641
618,642
619,631
619,698
620,640
621,687
622,632
622,639
622,645
622,646
624,643
624,742
626,634
626,637
627,636
628,638
630,635
630,647
632,644
632,654
633,650
633,698
635,645
635,646
636,649
636,723
637,651
639,647
639,653
642,653
643,648
643,652
644,679
645,658
646,656
647,659
647,661
647,709
648,743
650,663
652,662
653,655
653,657
653,660
653,664
654,660
654,677
654,681
655,678
656,665
656,670
656,721
657,677
658,673
659,675
659,679
660,671
660,674
661,667
661,719
662,668
662,672
662,676
662,678
664,666
664,669
664,673
667,694
669,683
669,690
670,692
670,716
671,688
672,685
672,686
672,691
674,687
674,742
675,680
675,681
676,682
676,684
676,693
677,742
678,689
679,721
680,696
680,698
680,702
680,741
681,700
683,695
685,697
686,701
691,699
696,705
696,708
696,710
696,715
696,716
697,707
697,712
697,713
697,714
700,706
701,703
701,709
702,704
702,711
703,720
703,721
704,723
704,728
707,719
708,726
709,722
710,724
713,718
714,717
714,725
715,727
716,725
717,730
718,737
719,732
719,733
720,731
721,736
721,738
723,729
723,734
727,735
727,739
729,743
731,750
732,741
732,745
732,747
733,748
734,740
734,742
736,749
739,744
739,746

<end>
