<number of tasks>
750

<cycle time>
1000

<order strength>
0.601


<task times>
1 225
2 107
3 125
4 279
5 82
6 79
7 223
8 42
9 88
10 80
11 36
12 203
13 160
14 231
15 62
16 88
17 134
18 50
19 43
20 132
21 133
22 230
23 228
24 98
25 154
26 170
27 157
28 132
29 133
30 121
31 205
32 166
33 44
34 57
35 184
36 184
37 141
38 157
39 352
40 218
41 106
42 147
43 112
44 67
45 46
46 203
47 75
48 85
49 31
50 258
51 83
52 466
53 172
54 29
55 144
56 95
57 43
58 176
59 60
60 228
61 436
62 167
63 142
64 137
65 145
66 106
67 116
68 194
69 193
70 273
71 214
72 235
73 284
74 98
75 108
76 77
77 94
78 159
79 109
80 38
81 170
82 115
83 37
84 93
85 167
86 116
87 37
88 106
89 193
90 209
91 160
92 151
93 148
94 80
95 343
96 107
97 182
98 85
99 52
100 108
101 48
102 233
103 161
104 129
105 189
106 210
107 194
108 43
109 119
110 62
111 307
112 253
113 118
114 99
115 188
116 40
117 169
118 109
119 161
120 97
121 165
122 110
123 235
124 181
125 111
126 156
127 42
128 336
129 125
130 175
131 171
132 85
133 36
134 128
135 134
136 192
137 185
138 132
139 116
140 185
141 83
142 78
143 130
144 259
145 110
146 115
147 182
148 211
149 144
150 104
151 36
152 75
153 156
154 20
155 31
156 156
157 31
158 226
159 89
160 151
161 130
162 37
163 71
164 213
165 198
166 116
167 125
168 159
169 155
170 50
171 109
172 99
173 87
174 106
175 109
176 239
177 113
178 138
179 252
180 45
181 191
182 131
183 180
184 94
185 60
186 37
187 106
188 22
189 91
190 143
191 108
192 172
193 164
194 89
195 252
196 210
197 82
198 101
199 140
200 250
201 45
202 66
203 163
204 165
205 232
206 167
207 145
208 139
209 241
210 119
211 179
212 29
213 91
214 166
215 256
216 87
217 185
218 149
219 45
220 73
221 312
222 122
223 68
224 176
225 225
226 100
227 167
228 434
229 112
230 32
231 78
232 184
233 178
234 322
235 193
236 258
237 94
238 94
239 177
240 52
241 41
242 163
243 183
244 275
245 130
246 60
247 81
248 198
249 175
250 44
251 80
252 109
253 49
254 117
255 46
256 70
257 319
258 42
259 131
260 98
261 80
262 191
263 61
264 157
265 50
266 215
267 123
268 196
269 176
270 25
271 70
272 119
273 207
274 188
275 183
276 88
277 159
278 106
279 54
280 56
281 98
282 135
283 68
284 382
285 179
286 123
287 38
288 92
289 184
290 50
291 67
292 223
293 155
294 71
295 64
296 209
297 152
298 165
299 78
300 140
301 207
302 174
303 26
304 112
305 106
306 144
307 85
308 116
309 133
310 118
311 273
312 69
313 143
314 61
315 104
316 42
317 156
318 67
319 210
320 117
321 240
322 340
323 124
324 67
325 142
326 121
327 162
328 242
329 119
330 34
331 186
332 125
333 36
334 83
335 102
336 138
337 117
338 25
339 132
340 152
341 211
342 128
343 283
344 284
345 157
346 291
347 163
348 84
349 76
350 58
351 124
352 42
353 145
354 69
355 292
356 122
357 98
358 26
359 173
360 100
361 254
362 111
363 299
364 172
365 158
366 127
367 145
368 73
369 58
370 41
371 43
372 336
373 327
374 80
375 138
376 83
377 285
378 181
379 261
380 196
381 152
382 150
383 136
384 192
385 43
386 243
387 81
388 219
389 37
390 88
391 43
392 247
393 22
394 79
395 90
396 43
397 70
398 57
399 235
400 208
401 196
402 354
403 264
404 102
405 47
406 39
407 262
408 39
409 140
410 203
411 168
412 45
413 124
414 50
415 58
416 148
417 243
418 114
419 217
420 119
421 142
422 168
423 29
424 222
425 142
426 126
427 30
428 169
429 105
430 219
431 45
432 47
433 108
434 117
435 445
436 158
437 102
438 160
439 147
440 291
441 24
442 134
443 78
444 229
445 35
446 332
447 267
448 204
449 381
450 171
451 47
452 210
453 260
454 193
455 267
456 144
457 287
458 57
459 209
460 76
461 205
462 45
463 177
464 127
465 49
466 351
467 135
468 249
469 170
470 37
471 122
472 151
473 109
474 103
475 121
476 248
477 42
478 171
479 188
480 85
481 182
482 105
483 99
484 149
485 194
486 210
487 132
488 106
489 131
490 221
491 51
492 91
493 22
494 85
495 172
496 176
497 145
498 78
499 131
500 126
501 216
502 159
503 55
504 21
505 66
506 131
507 217
508 92
509 205
510 78
511 299
512 205
513 93
514 202
515 160
516 248
517 179
518 91
519 38
520 166
521 108
522 154
523 160
524 111
525 169
526 132
527 55
528 59
529 84
530 75
531 33
532 107
533 192
534 212
535 55
536 175
537 234
538 128
539 190
540 191
541 108
542 157
543 148
544 29
545 227
546 31
547 168
548 250
549 196
550 474
551 156
552 80
553 49
554 229
555 183
556 214
557 51
558 326
559 242
560 155
561 116
562 106
563 140
564 72
565 290
566 94
567 221
568 268
569 180
570 178
571 132
572 113
573 115
574 146
575 72
576 93
577 112
578 232
579 38
580 161
581 52
582 100
583 66
584 84
585 83
586 266
587 130
588 85
589 170
590 70
591 172
592 214
593 52
594 68
595 182
596 142
597 299
598 282
599 43
600 64
601 66
602 73
603 160
604 60
605 194
606 32
607 147
608 94
609 281
610 116
611 60
612 264
613 87
614 78
615 180
616 193
617 31
618 237
619 66
620 224
621 48
622 61
623 190
624 60
625 128
626 184
627 48
628 111
629 81
630 173
631 46
632 92
633 124
634 276
635 225
636 175
637 194
638 155
639 294
640 135
641 130
642 123
643 98
644 151
645 42
646 158
647 81
648 152
649 41
650 244
651 134
652 130
653 59
654 38
655 138
656 99
657 20
658 182
659 217
660 277
661 169
662 237
663 166
664 236
665 125
666 253
667 218
668 160
669 115
670 184
671 88
672 307
673 282
674 228
675 131
676 27
677 37
678 240
679 91
680 104
681 107
682 33
683 182
684 203
685 211
686 179
687 71
688 147
689 249
690 177
691 343
692 221
693 154
694 205
695 133
696 83
697 292
698 59
699 59
700 299
701 52
702 127
703 162
704 261
705 78
706 227
707 180
708 53
709 233
710 108
711 215
712 65
713 158
714 239
715 144
716 163
717 209
718 24
719 66
720 135
721 196
722 24
723 130
724 124
725 124
726 114
727 129
728 154
729 29
730 90
731 66
732 205
733 109
734 284
735 118
736 160
737 161
738 63
739 94
740 113
741 93
742 59
743 185
744 174
745 159
746 219
747 55
748 144
749 96
750 107

<precedence relations>
1,14
2,18
3,12
3,13
3,17
3,20
3,21
3,33
4,15
4,19
5,16
5,31
6,19
6,22
6,23
6,38
7,122
8,181
8,198
9,19
9,20
10,19
10,20
10,21
10,22
10,23
11,19
12,24
13,25
14,29
15,26
16,27
17,28
18,32
19,29
19,88
19,100
20,29
20,31
20,34
20,37
21,29
21,30
21,31
21,35
21,36
21,38
22,33
22,194
22,244
22,256
22,259
23,29
23,102
24,39
25,40
26,46
27,42
28,44
29,45
29,50
30,41
30,45
30,46
30,47
30,48
31,43
31,45
31,46
31,49
32,45
32,46
32,47
32,48
33,210
33,225
34,45
34,46
34,47
35,45
35,46
36,170
36,194
37,342
38,48
39,52
40,51
41,54
42,55
43,56
44,57
45,53
45,62
46,58
46,59
46,60
46,64
47,77
48,58
48,59
48,91
49,58
50,61
50,63
50,103
51,65
52,67
53,68
54,70
55,69
56,71
57,72
58,66
58,73
58,74
58,76
58,133
58,134
59,73
59,120
60,73
60,75
60,77
61,73
61,98
62,737
63,101
64,74
65,78
66,79
67,80
68,81
69,82
70,85
71,83
72,84
73,97
73,189
73,204
74,86
74,87
75,91
76,88
77,85
77,89
77,90
77,100
78,96
79,94
80,92
81,96
82,97
83,93
84,95
85,99
86,96
86,124
87,96
87,98
87,100
88,102
89,96
89,97
89,98
89,101
89,102
89,103
90,96
91,100
91,119
92,108
93,105
94,106
95,109
96,107
96,196
97,112
98,104
98,216
99,170
100,108
100,137
101,108
101,109
101,110
101,111
101,113
102,108
102,110
103,499
103,623
104,115
105,117
106,114
107,118
108,116
108,122
109,119
109,120
109,121
109,122
109,132
110,119
110,123
111,605
112,124
112,166
112,302
114,126
115,125
116,128
117,127
118,129
119,135
119,137
120,129
120,131
120,156
121,129
121,133
121,134
121,156
122,130
122,136
123,132
124,381
125,138
126,139
127,143
128,141
129,140
129,142
129,155
129,257
130,146
131,144
131,157
131,194
132,144
132,145
132,147
132,156
133,144
134,144
135,144
135,145
135,156
136,144
136,145
136,146
136,147
137,145
138,148
139,153
140,149
141,150
142,151
143,152
144,153
144,154
144,155
145,153
145,154
145,155
145,157
146,156
147,153
147,216
147,217
147,256
148,159
149,158
150,166
151,160
152,163
153,162
153,236
154,161
154,166
154,167
154,168
154,169
154,170
154,171
155,164
155,166
155,168
155,304
155,446
156,165
156,166
156,167
157,405
158,172
159,178
160,173
161,174
162,175
163,179
164,176
165,177
166,392
167,179
167,181
168,423
168,546
169,237
170,180
170,181
170,195
170,198
171,350
171,670
172,184
173,184
174,184
175,186
176,187
177,182
178,183
179,185
179,190
179,191
180,189
181,188
182,194
183,193
184,198
185,192
185,236
185,460
186,195
186,285
187,210
187,313
188,193
188,196
189,193
189,197
189,256
190,464
191,193
192,200
193,199
193,201
193,202
193,203
194,202
195,231
195,235
195,287
196,204
196,244
197,276
198,555
199,205
200,210
201,208
202,206
202,209
202,212
202,214
203,207
203,217
203,219
204,210
204,211
204,213
204,215
204,216
204,218
204,237
205,225
206,220
207,221
208,223
209,224
210,477
211,222
211,349
211,438
212,336
212,337
213,278
215,660
215,685
216,238
216,242
217,379
218,225
219,226
220,228
221,229
222,227
223,230
224,231
225,228
225,232
225,233
225,235
225,236
226,233
226,234
226,237
227,239
228,269
229,238
229,244
231,255
232,238
232,243
232,245
233,564
233,571
234,577
234,669
235,240
235,241
235,246
236,405
236,421
237,240
237,242
237,407
238,247
238,248
238,250
238,252
238,253
238,268
238,292
238,313
239,256
240,249
240,258
241,251
241,252
241,446
242,259
242,277
243,252
243,408
244,253
244,380
245,254
245,255
246,257
246,258
246,269
246,324
247,260
248,262
249,263
250,264
251,266
252,261
252,695
253,265
253,269
253,407
254,267
254,268
254,269
254,276
255,267
256,380
256,407
256,555
257,267
257,268
258,384
260,270
261,271
262,272
263,276
264,273
265,275
266,276
267,274
267,279
268,328
268,446
268,487
269,277
269,278
270,280
271,282
272,281
273,287
274,283
275,285
276,290
276,303
277,284
277,289
278,286
278,289
279,288
279,290
279,291
279,292
280,294
281,295
282,299
283,297
284,298
285,293
285,449
285,450
286,296
286,304
287,299
287,303
287,500
288,427
289,302
289,446
290,304
290,390
291,543
292,300
292,301
293,305
294,308
295,306
296,307
297,313
298,310
299,637
300,309
300,583
301,311
301,312
301,314
302,315
304,310
305,324
306,316
307,318
308,321
309,322
310,317
310,323
310,327
311,319
311,328
312,320
312,326
312,329
313,448
314,325
315,323
316,336
317,331
318,333
319,334
320,335
321,336
322,338
323,330
323,337
323,339
323,340
325,332
326,336
326,395
327,557
328,462
329,341
329,342
329,487
330,343
331,344
332,345
333,346
334,347
335,349
336,349
336,350
337,348
338,424
338,463
338,500
339,350
339,351
341,352
341,460
342,450
343,357
344,353
345,357
346,354
347,355
348,356
349,357
349,359
350,459
350,546
351,360
352,358
352,361
352,408
353,363
354,362
355,365
356,367
357,368
357,369
358,364
359,366
359,370
359,378
359,422
360,410
360,423
361,371
362,372
363,376
364,373
365,377
366,374
367,379
368,375
369,382
370,377
370,380
370,381
371,378
371,383
371,384
371,427
371,544
372,390
373,391
374,386
375,387
376,389
377,450
377,606
378,385
378,479
378,490
379,395
379,464
379,544
380,388
380,390
380,393
380,397
382,393
382,394
382,396
383,392
384,391
385,399
386,398
387,401
388,403
389,404
390,405
390,406
391,405
391,436
391,555
392,400
392,406
392,407
393,402
393,405
393,406
393,410
394,683
395,408
395,485
396,405
396,406
396,409
396,463
396,487
397,405
398,411
399,412
400,415
401,416
402,417
403,413
404,419
405,414
405,418
405,420
406,421
407,423
407,507
408,422
408,425
408,427
409,426
410,424
410,476
410,490
411,428
412,429
413,430
414,432
415,431
416,435
417,435
418,433
419,435
420,434
421,435
422,436
423,737
424,520
424,547
424,553
426,437
426,439
426,521
426,566
427,435
427,438
428,441
429,442
430,446
431,440
432,444
433,443
434,447
435,475
436,448
436,449
436,453
436,635
437,445
437,450
437,451
437,452
437,588
437,598
438,444
438,545
439,582
439,649
439,659
440,457
441,456
442,458
443,459
444,454
444,556
445,455
445,466
445,545
445,553
446,492
446,556
447,462
447,464
447,467
448,459
449,461
449,463
450,465
450,570
451,461
451,648
451,673
451,684
452,460
452,467
452,543
452,658
453,583
454,468
455,469
456,470
457,472
458,474
459,471
459,477
459,479
460,473
460,534
462,486
462,488
463,607
464,476
464,478
464,480
464,499
465,475
465,694
466,610
466,660
467,485
468,482
469,486
470,487
471,481
472,484
473,483
474,485
475,492
475,578
475,582
476,509
477,491
477,656
478,489
479,488
479,606
480,490
481,494
482,496
483,495
484,497
485,493
485,499
485,583
487,555
487,564
489,498
489,500
489,567
490,501
490,507
490,553
491,498
491,714
492,656
493,502
494,505
495,503
496,504
497,506
500,507
501,508
501,509
502,516
503,511
504,513
505,512
506,514
507,510
507,515
508,517
508,520
508,523
509,518
509,519
509,521
509,522
510,526
511,529
512,527
513,531
514,528
515,532
516,610
516,706
516,717
517,524
517,604
518,525
518,669
518,700
519,530
519,534
520,567
521,640
523,533
524,535
525,536
526,537
527,538
528,539
529,544
530,540
531,541
532,542
533,543
533,547
533,658
534,545
534,546
534,651
534,656
534,685
535,552
536,549
537,551
538,553
539,552
540,550
541,552
542,552
543,548
543,582
544,555
545,723
545,724
546,554
547,556
547,557
547,699
548,558
549,559
550,563
551,562
552,563
552,565
552,657
552,668
552,694
553,568
553,604
553,623
554,560
554,567
554,571
554,706
555,561
556,566
556,569
556,576
557,564
557,570
558,576
559,577
560,572
561,573
562,575
563,579
563,684
564,574
565,578
568,669
568,698
569,580
569,698
570,580
570,705
572,583
573,582
574,581
575,585
576,686
577,588
578,586
578,594
578,610
579,587
579,737
580,584
581,589
582,590
582,591
582,593
582,597
583,595
584,592
584,596
584,611
585,594
585,698
586,692
586,696
587,598
587,635
589,599
590,600
591,601
592,602
593,603
594,607
594,716
595,604
595,606
596,608
597,605
597,705
599,609
600,610
601,610
602,614
603,610
604,616
604,713
604,733
605,615
605,698
606,611
606,612
606,657
606,705
607,613
608,617
609,618
610,622
611,619
611,746
612,620
612,623
612,684
613,621
613,625
613,626
614,682
615,624
616,726
617,657
617,708
618,628
619,629
620,630
621,631
622,633
623,627
623,634
623,638
623,640
624,632
624,635
625,636
625,637
626,639
627,641
628,647
629,645
630,646
631,647
632,642
633,643
634,644
635,669
635,738
636,650
636,651
638,648
639,649
640,647
641,652
642,657
643,656
644,653
645,654
646,655
649,658
649,660
649,708
650,659
651,660
652,661
653,662
654,664
655,668
656,663
656,665
656,666
656,667
656,671
656,673
657,748
658,686
659,670
660,669
660,672
661,674
662,675
663,676
664,678
665,680
666,677
667,679
668,717
669,682
670,685
670,713
671,684
671,687
672,683
672,686
673,681
674,688
675,691
676,693
677,689
678,694
679,690
680,695
681,692
682,717
684,697
685,699
685,735
686,696
686,700
687,698
687,748
688,701
689,703
690,705
691,704
692,702
692,724
693,714
694,708
694,709
695,734
696,706
699,723
700,707
701,710
702,712
703,711
704,713
706,726
707,715
707,717
709,714
709,715
709,716
710,719
711,718
712,720
714,721
715,722
715,724
715,726
716,725
717,723
718,728
719,729
720,730
721,727
721,731
721,732
721,734
721,737
722,733
722,738
724,737
724,739
725,735
725,736
726,740
727,741
728,742
729,743
730,746
731,744
732,745
733,749
737,748
737,750
738,747

<end>
