<number of tasks>
750

<cycle time>
1000

<order strength>
0.305


<task times>
1 124
2 246
3 121
4 473
5 346
6 168
7 556
8 59
9 391
10 466
11 361
12 257
13 351
14 105
15 160
16 262
17 227
18 511
19 143
20 318
21 56
22 129
23 197
24 28
25 257
26 180
27 173
28 128
29 219
30 100
31 337
32 241
33 197
34 126
35 521
36 116
37 159
38 53
39 313
40 182
41 89
42 122
43 20
44 85
45 393
46 444
47 74
48 271
49 24
50 258
51 167
52 127
53 159
54 232
55 587
56 161
57 337
58 413
59 556
60 169
61 101
62 501
63 163
64 34
65 96
66 285
67 258
68 60
69 524
70 67
71 88
72 328
73 69
74 165
75 24
76 260
77 130
78 98
79 247
80 143
81 140
82 477
83 185
84 492
85 158
86 82
87 252
88 141
89 527
90 205
91 66
92 347
93 81
94 132
95 117
96 25
97 317
98 53
99 86
100 320
101 223
102 107
103 92
104 255
105 74
106 518
107 219
108 295
109 252
110 303
111 190
112 66
113 410
114 224
115 72
116 576
117 269
118 57
119 157
120 73
121 497
122 533
123 60
124 262
125 106
126 180
127 178
128 441
129 277
130 145
131 276
132 487
133 195
134 270
135 277
136 190
137 221
138 90
139 271
140 174
141 112
142 544
143 232
144 126
145 113
146 173
147 589
148 44
149 387
150 97
151 214
152 222
153 210
154 116
155 325
156 93
157 36
158 596
159 174
160 184
161 159
162 166
163 136
164 299
165 124
166 313
167 209
168 203
169 300
170 515
171 98
172 477
173 589
174 100
175 64
176 230
177 312
178 97
179 506
180 426
181 105
182 142
183 101
184 202
185 111
186 105
187 152
188 172
189 23
190 544
191 507
192 230
193 54
194 94
195 265
196 90
197 116
198 176
199 70
200 360
201 188
202 214
203 168
204 493
205 191
206 266
207 121
208 26
209 478
210 353
211 452
212 89
213 268
214 49
215 105
216 268
217 74
218 33
219 329
220 454
221 106
222 162
223 104
224 557
225 89
226 86
227 306
228 526
229 100
230 456
231 110
232 184
233 313
234 226
235 323
236 165
237 21
238 297
239 156
240 408
241 342
242 172
243 505
244 88
245 111
246 49
247 406
248 250
249 70
250 21
251 89
252 36
253 23
254 76
255 248
256 61
257 342
258 207
259 111
260 219
261 159
262 142
263 518
264 271
265 246
266 88
267 343
268 54
269 65
270 124
271 335
272 489
273 39
274 243
275 558
276 189
277 168
278 479
279 110
280 402
281 124
282 165
283 228
284 321
285 137
286 258
287 148
288 247
289 351
290 159
291 133
292 186
293 172
294 369
295 113
296 334
297 504
298 252
299 169
300 57
301 193
302 304
303 45
304 135
305 43
306 35
307 109
308 79
309 264
310 134
311 188
312 111
313 523
314 448
315 402
316 206
317 165
318 193
319 429
320 519
321 34
322 207
323 114
324 102
325 262
326 305
327 301
328 447
329 174
330 299
331 219
332 136
333 134
334 608
335 102
336 70
337 545
338 96
339 40
340 57
341 62
342 309
343 283
344 23
345 178
346 190
347 558
348 230
349 72
350 107
351 121
352 212
353 267
354 528
355 440
356 391
357 93
358 189
359 33
360 33
361 158
362 291
363 102
364 89
365 46
366 114
367 212
368 484
369 21
370 29
371 501
372 246
373 159
374 176
375 71
376 300
377 577
378 449
379 250
380 225
381 85
382 31
383 241
384 75
385 500
386 183
387 95
388 238
389 261
390 59
391 541
392 605
393 173
394 448
395 349
396 51
397 254
398 567
399 383
400 180
401 177
402 127
403 275
404 273
405 469
406 105
407 308
408 141
409 80
410 468
411 39
412 508
413 303
414 40
415 164
416 344
417 63
418 433
419 388
420 60
421 239
422 77
423 186
424 180
425 332
426 92
427 113
428 59
429 347
430 191
431 84
432 273
433 397
434 360
435 221
436 86
437 492
438 94
439 69
440 257
441 82
442 194
443 167
444 64
445 304
446 253
447 129
448 372
449 69
450 354
451 61
452 130
453 133
454 26
455 513
456 192
457 74
458 191
459 510
460 284
461 241
462 479
463 582
464 101
465 96
466 85
467 297
468 314
469 69
470 555
471 492
472 486
473 235
474 129
475 131
476 160
477 246
478 278
479 533
480 147
481 288
482 21
483 193
484 239
485 90
486 231
487 517
488 100
489 26
490 464
491 79
492 296
493 105
494 144
495 73
496 115
497 206
498 103
499 350
500 301
501 66
502 138
503 200
504 165
505 536
506 166
507 119
508 211
509 279
510 237
511 83
512 50
513 116
514 149
515 127
516 44
517 98
518 173
519 330
520 461
521 567
522 46
523 32
524 106
525 47
526 43
527 277
528 295
529 76
530 93
531 46
532 142
533 469
534 179
535 132
536 549
537 371
538 262
539 521
540 189
541 344
542 192
543 90
544 322
545 53
546 23
547 72
548 349
549 38
550 260
551 21
552 205
553 366
554 335
555 431
556 476
557 588
558 363
559 461
560 105
561 206
562 342
563 75
564 317
565 129
566 138
567 230
568 476
569 563
570 230
571 262
572 31
573 73
574 74
575 443
576 45
577 307
578 32
579 644
580 208
581 235
582 164
583 250
584 64
585 168
586 193
587 449
588 42
589 150
590 246
591 118
592 529
593 278
594 99
595 71
596 193
597 164
598 112
599 90
600 82
601 247
602 197
603 39
604 183
605 104
606 482
607 289
608 122
609 430
610 169
611 94
612 120
613 134
614 133
615 434
616 309
617 273
618 105
619 76
620 469
621 30
622 103
623 473
624 200
625 217
626 213
627 29
628 469
629 261
630 49
631 283
632 311
633 96
634 31
635 537
636 576
637 188
638 152
639 605
640 443
641 526
642 135
643 39
644 39
645 478
646 159
647 199
648 348
649 188
650 563
651 136
652 89
653 516
654 37
655 488
656 509
657 294
658 298
659 445
660 156
661 96
662 190
663 536
664 117
665 212
666 159
667 189
668 269
669 36
670 502
671 184
672 80
673 88
674 71
675 156
676 366
677 502
678 43
679 536
680 185
681 74
682 103
683 103
684 256
685 191
686 188
687 163
688 263
689 175
690 31
691 31
692 255
693 220
694 42
695 508
696 97
697 75
698 162
699 272
700 77
701 138
702 132
703 495
704 466
705 107
706 314
707 119
708 157
709 220
710 461
711 144
712 343
713 545
714 261
715 160
716 92
717 272
718 469
719 282
720 188
721 190
722 360
723 131
724 531
725 239
726 230
727 503
728 113
729 550
730 530
731 417
732 194
733 158
734 243
735 139
736 263
737 33
738 122
739 178
740 61
741 103
742 33
743 534
744 508
745 60
746 147
747 25
748 399
749 104
750 172

<precedence relations>
1,58
2,58
3,437
4,594
5,137
6,487
7,23
7,25
7,26
8,13
8,18
8,24
8,27
9,22
9,28
11,14
11,15
11,16
11,20
11,21
11,29
12,17
12,19
12,30
13,58
14,58
15,200
16,437
17,158
18,397
19,68
20,68
21,223
22,542
23,50
24,52
25,53
26,33
26,34
26,36
26,38
26,39
26,45
26,47
26,49
27,40
27,51
27,54
27,55
27,57
28,31
28,32
28,35
28,44
29,37
29,42
29,43
29,48
29,56
30,41
30,46
31,382
32,58
33,58
34,58
35,58
36,58
37,58
38,321
39,307
40,594
41,137
42,397
43,68
44,68
45,68
46,68
47,237
48,542
49,75
50,76
51,77
52,59
53,82
54,61
54,70
54,78
54,81
55,62
55,66
55,80
56,60
56,63
56,67
56,69
56,71
56,72
56,73
56,79
56,83
57,64
57,65
57,74
58,84
58,85
58,86
58,87
58,88
59,321
60,307
61,307
62,200
63,437
64,594
65,594
66,137
67,137
68,90
68,91
68,92
68,93
68,94
68,95
68,96
68,97
68,98
68,99
68,100
68,101
68,102
68,111
69,237
70,237
71,487
72,562
73,542
74,542
75,89
76,107
77,108
78,106
79,103
79,109
80,104
81,105
81,112
82,110
84,137
85,137
86,120
86,123
86,128
86,129
87,133
88,114
89,137
91,115
93,132
95,116
95,121
97,122
98,113
98,118
100,117
103,124
104,126
105,127
106,131
108,119
109,125
110,130
113,382
114,731
115,594
116,594
117,137
118,137
119,158
120,237
121,542
122,640
123,640
124,149
125,142
126,134
127,134
128,143
129,144
130,147
131,145
132,138
132,139
132,140
132,146
132,148
132,150
132,151
133,135
133,136
133,141
134,321
135,200
136,437
137,153
137,154
137,155
137,156
137,157
138,158
139,158
140,397
141,223
142,159
143,161
144,165
145,162
146,163
147,164
148,160
149,169
150,152
150,168
151,166
151,167
151,170
152,307
153,188
155,172
158,173
158,174
158,175
158,176
158,177
158,178
158,179
158,180
158,189
159,181
160,182
161,183
162,184
163,185
164,186
165,187
168,171
171,382
172,539
173,487
174,223
175,542
176,193
178,195
179,196
180,487
181,190
182,194
185,198
188,191
189,192
189,197
189,199
190,307
191,200
192,237
193,209
194,208
195,206
196,210
197,202
198,201
198,204
198,205
198,211
199,203
199,207
199,212
200,215
200,216
200,217
200,218
200,219
200,220
200,228
200,229
200,230
200,233
201,437
202,487
203,223
204,223
205,562
206,542
207,640
208,226
209,227
210,231
211,221
211,222
211,224
211,225
211,232
211,234
212,213
212,214
213,321
214,307
215,247
220,245
220,248
220,249
221,594
222,237
223,239
223,240
223,241
223,242
224,542
225,542
226,235
227,244
228,243
228,250
229,238
232,236
234,246
235,382
236,437
237,255
237,256
237,257
237,258
237,259
237,260
237,261
237,262
237,263
237,273
238,487
239,254
243,264
244,267
245,265
246,251
246,266
246,270
247,268
249,252
249,253
249,272
250,269
250,271
251,321
252,307
253,437
254,594
256,274
256,286
259,282
262,275
264,280
265,276
266,277
268,278
268,281
269,279
270,284
271,285
272,283
272,287
274,382
275,487
276,288
277,299
278,295
279,296
280,289
280,294
281,291
281,293
282,297
282,298
282,300
282,304
284,292
284,302
284,303
285,301
286,290
287,305
288,382
289,307
290,437
291,562
292,562
293,313
294,314
295,306
296,315
297,311
297,320
298,312
299,316
300,309
301,310
303,318
304,308
305,317
305,319
306,321
307,322
307,323
307,324
307,325
307,326
307,327
307,328
307,329
308,594
309,640
310,640
311,331
312,332
313,333
314,336
315,334
316,337
316,341
319,330
319,335
319,338
319,339
320,340
320,342
321,344
321,345
321,346
321,347
321,348
321,349
321,350
321,351
321,352
321,353
321,354
321,355
321,356
321,357
321,358
322,362
324,359
326,366
329,364
330,437
331,343
332,343
333,361
334,365
335,360
337,363
343,382
344,437
346,372
347,380
348,371
349,367
349,369
349,381
353,373
354,374
355,368
356,370
359,542
360,375
361,379
362,377
363,378
364,376
367,382
368,382
369,594
370,397
371,487
372,542
373,542
374,542
375,387
376,384
377,385
378,386
379,383
379,390
379,391
381,388
381,389
382,392
382,393
382,394
382,395
382,396
382,406
383,397
384,398
385,399
386,401
387,404
387,405
388,400
390,403
391,402
392,594
393,424
394,418
396,421
397,408
397,409
397,410
397,411
397,412
397,423
398,414
399,416
400,415
401,407
402,417
402,422
404,413
405,420
406,419
407,731
408,437
409,542
410,428
413,562
414,430
415,425
416,432
416,433
417,429
417,431
420,436
422,426
423,427
423,434
424,435
425,437
426,437
427,562
428,439
429,442
430,441
430,445
430,448
431,440
431,449
432,443
432,450
434,444
435,446
435,447
436,438
437,451
437,452
437,453
437,454
437,455
437,456
437,457
437,458
437,466
438,640
439,465
440,460
441,463
442,467
443,464
444,461
444,469
445,462
446,459
449,468
451,539
452,640
453,472
453,482
454,471
454,481
455,480
456,484
457,479
458,487
459,487
460,470
461,474
462,475
463,478
464,476
466,473
466,477
467,483
470,487
471,487
472,491
473,492
474,493
475,494
476,496
477,490
477,501
477,502
478,485
478,486
478,499
479,488
479,495
479,497
480,498
483,489
483,500
485,731
486,539
487,503
487,504
487,505
487,506
487,507
487,508
487,509
487,510
487,511
487,512
487,513
487,514
487,515
487,516
487,517
487,518
487,519
487,520
487,521
487,522
487,523
487,536
488,562
489,640
490,525
491,526
492,527
493,529
494,530
495,531
496,532
497,528
499,535
500,533
500,538
501,537
502,524
502,534
503,539
504,542
505,544
505,545
508,543
511,549
515,551
519,541
523,550
524,542
525,540
526,540
527,540
528,546
529,547
530,540
531,548
532,540
539,552
539,553
539,554
539,555
539,556
539,557
539,558
539,559
539,560
539,573
539,576
540,562
541,562
542,563
542,564
542,565
542,566
542,567
542,568
543,640
544,569
545,571
546,561
547,561
548,575
549,570
549,572
549,574
552,587
561,594
562,578
562,579
562,580
562,581
562,582
562,583
565,591
568,592
569,589
570,584
571,577
572,585
573,586
574,588
575,590
576,593
577,594
578,597
578,607
579,603
580,606
584,595
585,596
586,598
587,599
588,600
591,605
592,602
592,608
593,601
593,604
594,609
594,610
594,611
594,612
595,640
596,618
597,613
598,614
599,619
600,616
601,615
601,622
604,620
605,617
608,621
608,623
609,627
611,636
612,639
613,626
614,624
615,628
616,631
617,625
617,637
618,633
619,634
620,629
620,635
622,632
622,638
623,630
624,640
625,642
626,645
627,643
628,645
629,644
630,641
630,648
632,646
633,649
637,650
637,651
639,647
640,652
640,653
640,654
640,655
640,656
640,657
640,658
640,659
640,660
640,661
640,662
640,663
641,665
642,664
643,667
644,666
649,668
649,669
654,680
655,673
655,675
655,679
656,672
656,678
657,676
659,674
664,670
665,671
666,671
667,677
670,681
671,682
672,683
672,684
673,691
674,686
675,692
676,687
676,688
677,689
678,690
680,685
681,698
682,693
683,695
684,694
684,696
684,700
685,697
686,703
686,705
687,699
687,701
687,702
691,704
693,706
694,707
695,709
696,710
697,712
699,708
699,716
700,711
700,714
700,715
700,717
702,713
705,718
706,720
707,719
708,721
709,722
710,719
711,723
712,724
713,725
715,728
715,729
717,726
717,730
718,727
719,731
720,732
721,732
722,732
723,733
724,734
725,738
725,739
728,737
729,736
729,740
730,735
731,741
731,742
731,743
731,744
731,745
734,748
735,746
735,750
737,749
738,747

<end>
