<number of tasks>
750

<cycle time>
1000

<order strength>
0.596


<task times>
1 72
2 216
3 131
4 135
5 175
6 354
7 238
8 493
9 30
10 583
11 284
12 210
13 104
14 26
15 162
16 28
17 100
18 143
19 186
20 114
21 101
22 100
23 284
24 567
25 609
26 118
27 149
28 76
29 213
30 217
31 533
32 448
33 73
34 306
35 180
36 318
37 170
38 117
39 335
40 233
41 81
42 205
43 455
44 556
45 196
46 568
47 507
48 90
49 353
50 438
51 150
52 609
53 473
54 84
55 171
56 76
57 75
58 177
59 40
60 118
61 138
62 47
63 79
64 458
65 82
66 26
67 142
68 105
69 54
70 299
71 267
72 412
73 55
74 141
75 130
76 111
77 271
78 36
79 519
80 156
81 90
82 194
83 340
84 553
85 90
86 38
87 83
88 358
89 196
90 518
91 209
92 446
93 127
94 263
95 152
96 54
97 51
98 461
99 125
100 178
101 27
102 398
103 126
104 50
105 126
106 194
107 38
108 102
109 98
110 136
111 49
112 161
113 600
114 100
115 115
116 234
117 29
118 512
119 180
120 465
121 165
122 70
123 241
124 262
125 114
126 203
127 128
128 120
129 212
130 473
131 256
132 96
133 170
134 287
135 159
136 90
137 342
138 173
139 48
140 439
141 121
142 503
143 85
144 246
145 125
146 267
147 30
148 269
149 423
150 277
151 31
152 73
153 158
154 46
155 321
156 279
157 95
158 298
159 67
160 483
161 566
162 244
163 229
164 449
165 429
166 174
167 207
168 353
169 266
170 120
171 132
172 482
173 136
174 273
175 240
176 164
177 244
178 35
179 463
180 142
181 536
182 460
183 207
184 128
185 27
186 520
187 455
188 485
189 388
190 75
191 546
192 24
193 32
194 116
195 311
196 32
197 230
198 259
199 214
200 22
201 294
202 282
203 287
204 491
205 126
206 163
207 377
208 143
209 178
210 543
211 39
212 291
213 213
214 329
215 220
216 238
217 544
218 488
219 30
220 148
221 95
222 73
223 114
224 576
225 164
226 27
227 455
228 511
229 295
230 206
231 239
232 319
233 36
234 235
235 326
236 239
237 188
238 153
239 479
240 26
241 167
242 63
243 348
244 81
245 107
246 145
247 150
248 102
249 159
250 389
251 49
252 128
253 97
254 152
255 195
256 35
257 434
258 553
259 81
260 84
261 222
262 166
263 153
264 125
265 499
266 260
267 219
268 406
269 49
270 104
271 170
272 466
273 564
274 480
275 49
276 207
277 107
278 294
279 224
280 361
281 52
282 63
283 278
284 305
285 105
286 284
287 61
288 520
289 115
290 316
291 473
292 103
293 107
294 306
295 433
296 400
297 31
298 239
299 134
300 288
301 99
302 589
303 108
304 267
305 29
306 555
307 457
308 254
309 160
310 131
311 352
312 190
313 47
314 82
315 236
316 69
317 96
318 57
319 286
320 53
321 132
322 139
323 29
324 402
325 43
326 37
327 174
328 171
329 57
330 468
331 495
332 79
333 144
334 297
335 171
336 513
337 26
338 536
339 376
340 58
341 169
342 250
343 187
344 155
345 146
346 402
347 198
348 89
349 198
350 68
351 516
352 496
353 138
354 73
355 102
356 23
357 349
358 93
359 60
360 81
361 260
362 112
363 241
364 508
365 464
366 300
367 44
368 154
369 198
370 249
371 530
372 394
373 283
374 142
375 360
376 278
377 330
378 117
379 480
380 181
381 167
382 159
383 44
384 443
385 334
386 190
387 156
388 164
389 209
390 198
391 97
392 483
393 411
394 46
395 97
396 483
397 44
398 291
399 586
400 64
401 506
402 166
403 162
404 64
405 157
406 125
407 50
408 111
409 395
410 345
411 72
412 239
413 215
414 331
415 158
416 273
417 211
418 48
419 202
420 207
421 302
422 22
423 305
424 113
425 269
426 57
427 257
428 346
429 272
430 195
431 92
432 80
433 64
434 193
435 98
436 449
437 307
438 413
439 383
440 239
441 163
442 86
443 145
444 168
445 315
446 175
447 475
448 425
449 176
450 171
451 431
452 51
453 164
454 126
455 165
456 124
457 136
458 469
459 196
460 146
461 189
462 25
463 114
464 62
465 53
466 246
467 63
468 64
469 70
470 27
471 86
472 353
473 65
474 101
475 169
476 66
477 20
478 33
479 494
480 88
481 476
482 191
483 131
484 520
485 29
486 160
487 91
488 37
489 115
490 614
491 227
492 153
493 239
494 177
495 176
496 160
497 290
498 162
499 132
500 73
501 49
502 40
503 177
504 461
505 242
506 114
507 303
508 430
509 162
510 425
511 151
512 192
513 208
514 92
515 441
516 34
517 254
518 138
519 146
520 287
521 189
522 303
523 184
524 160
525 591
526 136
527 171
528 41
529 82
530 305
531 456
532 354
533 478
534 229
535 425
536 263
537 130
538 359
539 217
540 113
541 61
542 70
543 375
544 221
545 118
546 148
547 114
548 553
549 166
550 285
551 92
552 269
553 141
554 503
555 125
556 243
557 474
558 532
559 82
560 365
561 168
562 82
563 153
564 512
565 496
566 120
567 107
568 484
569 109
570 478
571 462
572 87
573 304
574 543
575 27
576 227
577 482
578 172
579 254
580 204
581 155
582 294
583 47
584 34
585 181
586 44
587 201
588 449
589 274
590 169
591 56
592 290
593 240
594 222
595 104
596 178
597 42
598 151
599 204
600 59
601 183
602 413
603 520
604 76
605 463
606 264
607 105
608 427
609 483
610 145
611 74
612 29
613 306
614 180
615 491
616 314
617 205
618 35
619 272
620 240
621 115
622 203
623 129
624 193
625 85
626 264
627 430
628 219
629 217
630 143
631 41
632 227
633 225
634 227
635 147
636 304
637 501
638 380
639 187
640 165
641 161
642 127
643 152
644 507
645 203
646 201
647 74
648 107
649 413
650 246
651 558
652 180
653 296
654 146
655 98
656 248
657 159
658 102
659 211
660 248
661 449
662 393
663 319
664 40
665 204
666 576
667 148
668 268
669 43
670 107
671 67
672 293
673 254
674 52
675 553
676 349
677 310
678 103
679 90
680 467
681 106
682 236
683 165
684 542
685 33
686 301
687 172
688 92
689 66
690 147
691 26
692 542
693 591
694 475
695 199
696 240
697 166
698 426
699 420
700 184
701 210
702 180
703 135
704 22
705 55
706 55
707 96
708 532
709 186
710 96
711 321
712 273
713 128
714 433
715 74
716 255
717 91
718 382
719 567
720 244
721 499
722 508
723 55
724 207
725 90
726 202
727 530
728 433
729 464
730 75
731 94
732 61
733 95
734 537
735 264
736 158
737 160
738 85
739 210
740 508
741 111
742 43
743 581
744 191
745 85
746 60
747 379
748 213
749 176
750 125

<precedence relations>
1,8
2,9
3,5
3,6
3,10
3,14
3,16
4,7
4,11
4,12
4,13
4,15
5,17
6,18
7,19
8,22
9,20
10,24
11,21
11,23
11,25
11,26
11,28
12,25
12,26
12,43
13,25
13,26
13,27
13,56
14,25
14,26
15,25
16,25
16,26
16,27
16,28
16,56
17,29
18,37
19,39
20,30
21,32
22,35
23,36
24,33
25,31
25,34
25,37
25,38
25,45
25,54
26,37
26,38
26,39
26,40
26,41
26,42
26,45
26,108
27,37
27,38
27,39
27,41
27,43
27,44
28,37
28,40
29,46
30,53
31,48
32,54
33,49
34,50
35,51
36,56
37,57
38,47
39,52
39,59
40,52
41,52
41,58
41,129
42,52
43,69
43,95
43,167
44,52
44,53
44,54
44,55
44,70
44,108
45,52
45,171
46,66
47,61
48,62
49,67
50,64
51,65
52,60
52,66
52,68
52,72
52,111
52,201
53,66
53,67
53,154
53,155
54,416
54,561
55,63
56,68
56,113
57,70
57,71
58,141
59,69
60,74
61,73
62,75
63,76
64,77
65,78
66,172
68,82
68,239
69,79
69,171
70,78
70,79
70,80
70,81
70,82
70,83
70,84
71,80
72,78
73,85
74,86
75,87
76,88
77,91
78,89
78,90
78,92
78,93
78,98
79,92
79,93
79,97
80,92
80,93
80,94
80,96
80,98
81,92
81,93
81,94
81,99
81,158
82,92
83,92
83,95
84,92
84,93
84,107
84,123
85,106
86,107
87,108
88,101
89,102
90,103
91,104
92,100
92,110
93,105
93,252
94,487
95,113
95,114
96,111
96,115
97,106
97,107
97,109
98,138
99,112
100,116
101,117
102,118
103,122
104,120
105,121
106,122
106,128
106,154
107,122
107,130
108,141
108,252
109,119
109,122
109,140
109,239
110,122
110,126
110,127
111,125
112,129
112,198
113,122
113,124
114,168
115,123
116,132
117,133
118,135
119,136
120,139
121,137
122,131
123,134
123,138
123,141
124,138
124,139
124,140
124,141
125,138
126,287
126,292
126,440
127,140
128,187
128,200
128,263
129,138
129,201
129,239
130,138
130,139
130,142
131,143
132,144
133,145
134,146
135,147
136,149
137,150
138,148
138,150
138,151
138,152
138,153
138,154
138,155
138,156
139,151
139,154
139,156
140,150
140,151
140,157
141,153
141,154
141,158
141,172
142,166
142,275
142,276
143,159
144,160
145,161
146,164
147,167
148,162
149,163
150,173
150,175
151,169
151,172
152,165
152,166
152,203
153,340
153,501
154,168
155,166
156,174
157,714
158,170
158,171
159,176
160,179
161,180
162,177
163,182
164,183
165,178
165,186
165,277
166,181
166,199
167,299
167,412
167,430
167,439
168,184
168,189
168,262
169,185
169,188
170,186
170,187
170,188
170,262
171,473
171,495
172,202
173,186
173,187
173,188
173,190
174,186
174,488
175,281
175,415
176,198
177,191
178,192
179,200
180,193
181,194
182,201
183,202
184,195
185,197
186,196
186,253
187,321
187,440
188,199
188,203
189,441
189,442
190,204
190,211
191,205
192,210
193,207
194,211
195,212
196,208
197,209
198,210
199,206
199,307
199,386
200,262
200,286
200,348
201,210
201,276
202,213
202,214
203,210
203,211
203,276
204,210
205,216
206,215
207,217
208,219
209,218
210,249
211,224
212,222
213,220
213,221
213,223
214,220
214,221
214,225
215,226
216,227
217,229
218,230
219,228
220,231
220,233
221,232
221,233
222,233
223,572
224,233
225,243
225,411
226,235
227,238
228,234
229,239
230,238
231,236
232,237
233,240
233,241
233,242
233,243
233,244
234,245
235,246
236,249
237,248
238,252
238,253
238,271
239,248
239,249
239,250
240,247
241,250
241,414
241,415
241,431
241,455
242,665
242,687
243,604
243,680
243,699
244,251
244,277
244,280
245,254
246,255
247,257
248,256
248,258
248,286
249,260
251,259
251,261
251,263
251,264
251,282
252,259
252,262
252,300
252,348
253,330
253,599
254,265
255,266
256,267
257,269
258,268
259,270
260,269
260,275
261,451
261,616
262,276
262,277
263,269
263,270
263,274
264,271
264,272
264,273
264,389
265,278
266,280
267,279
268,282
269,279
269,283
269,286
270,293
271,279
271,347
272,279
272,284
272,285
272,287
273,279
273,612
274,281
274,431
274,454
274,496
275,329
275,414
276,583
277,299
278,289
279,288
279,291
279,690
280,339
280,375
281,290
281,291
281,292
281,365
282,466
282,519
282,576
282,586
283,291
283,293
283,330
284,475
284,499
284,547
285,466
285,507
285,599
286,291
286,292
286,294
287,291
287,341
287,410
288,296
289,295
290,297
291,298
291,362
292,698
292,738
293,299
293,351
294,300
295,302
296,304
297,305
298,303
299,301
299,310
300,306
300,307
300,308
300,309
300,311
300,312
300,415
301,314
302,313
303,315
304,316
305,317
306,321
306,440
307,318
307,319
308,318
308,319
308,374
309,319
310,529
311,488
311,569
311,578
312,318
312,320
312,401
312,510
313,322
314,323
315,326
316,325
317,327
318,324
318,328
318,331
318,332
319,328
319,487
320,328
320,475
320,514
321,328
321,329
321,330
321,333
322,339
323,334
324,335
325,336
326,337
327,340
328,338
328,486
328,521
329,339
329,342
329,366
330,339
330,340
332,340
332,341
333,341
333,363
334,343
335,346
336,348
337,344
338,345
339,351
339,352
339,354
339,413
339,438
340,353
340,580
341,350
341,551
342,347
342,349
342,429
343,357
344,355
345,358
346,453
346,562
346,590
347,356
347,364
348,475
349,359
349,466
350,361
350,366
351,362
351,363
351,571
351,611
351,700
351,716
352,706
353,360
353,656
354,365
354,579
354,593
355,367
356,369
357,376
358,370
359,372
360,368
360,666
361,371
361,588
361,706
362,500
362,589
362,676
362,701
364,377
365,373
365,374
366,375
366,378
367,386
368,380
369,379
370,382
371,385
372,386
373,381
373,537
374,383
375,384
376,388
376,389
377,387
377,413
377,519
378,604
378,629
379,390
380,391
381,393
382,394
383,395
384,396
385,392
387,397
387,399
387,402
388,398
388,400
389,401
389,442
389,497
390,410
391,405
392,406
393,409
394,410
395,407
396,412
397,408
398,403
398,413
398,414
398,415
399,404
399,416
399,512
399,529
400,428
400,499
401,411
401,454
401,577
402,465
403,417
404,418
405,420
406,425
407,426
408,423
409,422
410,430
410,431
410,616
411,419
411,427
411,428
411,431
411,451
412,429
412,438
413,421
413,424
415,475
415,664
416,610
417,438
418,435
419,433
420,439
421,434
422,437
423,436
424,432
424,443
426,697
427,440
427,477
428,643
429,441
429,442
430,528
431,473
431,571
432,444
433,445
434,452
435,446
436,449
437,448
438,450
438,521
439,456
439,549
439,569
439,581
440,447
440,545
441,454
441,455
441,500
442,453
443,451
443,616
444,458
445,459
446,462
447,463
448,464
449,457
449,560
449,581
449,599
450,460
450,667
450,676
451,461
451,465
452,466
452,520
453,496
453,552
453,568
454,546
454,656
454,745
455,548
457,467
458,468
459,470
460,469
461,471
462,473
463,472
464,477
465,474
465,475
466,475
466,476
466,573
467,478
468,479
469,480
470,481
471,483
472,482
473,484
473,488
473,549
474,487
475,600
475,602
476,485
476,486
476,578
476,582
477,603
477,642
477,729
478,495
479,490
480,491
481,492
482,495
483,493
484,494
485,489
485,496
485,497
485,500
485,501
485,546
486,498
487,495
487,499
488,676
488,680
489,502
490,503
491,505
492,506
493,507
494,508
495,512
495,644
496,504
497,545
497,741
498,538
498,581
499,511
499,513
499,514
500,509
501,510
501,583
502,516
503,515
504,517
505,518
506,519
507,520
508,601
509,714
510,594
513,632
514,521
515,522
516,523
517,529
518,526
519,524
519,525
519,593
520,527
520,530
520,652
520,695
521,528
522,535
523,532
524,533
525,534
526,537
527,536
528,531
528,539
528,554
529,538
529,545
530,540
530,541
530,549
531,542
532,545
533,543
534,546
535,544
536,549
537,552
537,620
537,708
537,746
538,547
538,550
538,554
539,548
539,553
540,550
540,551
540,729
541,545
541,586
541,603
541,656
542,555
543,556
544,557
545,563
547,558
547,561
548,559
548,561
548,570
549,560
549,601
549,629
549,678
550,621
551,601
551,741
552,740
553,562
555,564
556,568
557,565
558,566
559,567
560,727
561,569
561,572
562,570
562,571
562,573
562,586
563,571
564,576
565,574
566,577
567,578
568,575
568,582
568,674
569,618
570,581
570,704
571,680
572,579
572,580
572,583
574,586
575,584
576,589
576,590
577,585
577,657
577,676
578,604
579,587
580,593
580,594
580,627
581,591
581,592
581,714
582,585
583,588
583,601
583,687
584,599
585,595
585,597
585,601
585,602
586,605
587,596
587,600
588,631
588,736
589,605
589,738
591,598
592,603
592,604
593,601
593,652
594,612
595,607
596,608
597,609
598,606
598,612
600,611
601,610
601,655
603,610
604,687
606,613
607,614
608,615
609,616
610,617
610,667
610,690
611,618
611,620
612,619
612,621
612,727
613,622
614,625
615,623
615,624
615,626
615,630
615,632
616,680
616,741
617,628
618,627
619,629
619,631
619,678
619,705
619,713
621,706
622,640
623,633
624,637
625,634
626,639
627,635
627,638
627,643
628,636
629,642
629,739
630,695
631,735
632,641
632,642
632,644
632,695
633,647
634,645
635,646
636,648
637,649
638,650
639,652
640,651
642,653
642,655
643,654
643,657
643,658
644,656
644,738
645,659
646,661
647,660
648,664
649,663
650,663
651,662
652,666
652,691
652,749
657,667
657,696
658,665
659,668
660,669
661,672
662,671
663,670
663,677
664,680
665,673
665,680
665,741
666,674
666,676
666,678
666,679
667,675
668,681
669,682
670,683
671,684
672,687
673,686
674,685
674,690
674,729
675,691
676,688
676,689
680,706
681,695
682,696
683,692
684,693
685,694
686,695
687,697
687,698
690,698
690,699
690,700
690,701
691,727
692,704
693,705
694,703
697,702
697,706
697,709
699,707
700,708
702,710
703,714
704,713
705,717
706,711
706,712
706,715
707,716
707,726
710,721
711,722
712,718
712,719
712,723
712,726
713,720
713,724
714,735
715,728
716,725
716,727
717,729
718,730
719,731
720,732
721,734
722,734
723,733
724,736
724,738
724,741
726,735
726,737
726,750
727,739
728,737
728,740
730,742
731,743
732,744
733,744
736,749
736,750
737,746
738,748
739,745
739,747

<end>
