<number of tasks>
750

<cycle time>
1000

<order strength>
0.596


<task times>
1 97
2 91
3 178
4 66
5 78
6 96
7 110
8 280
9 100
10 32
11 149
12 99
13 31
14 179
15 238
16 139
17 167
18 106
19 59
20 34
21 63
22 140
23 123
24 156
25 93
26 31
27 118
28 92
29 135
30 86
31 187
32 86
33 24
34 217
35 105
36 76
37 27
38 178
39 165
40 84
41 80
42 109
43 208
44 84
45 176
46 259
47 136
48 75
49 261
50 59
51 46
52 121
53 40
54 89
55 182
56 57
57 89
58 216
59 49
60 158
61 44
62 47
63 164
64 21
65 172
66 74
67 201
68 108
69 61
70 276
71 152
72 151
73 303
74 173
75 283
76 152
77 266
78 162
79 66
80 88
81 65
82 127
83 75
84 24
85 127
86 110
87 131
88 238
89 84
90 103
91 48
92 26
93 123
94 70
95 31
96 243
97 123
98 320
99 158
100 37
101 117
102 306
103 69
104 102
105 326
106 44
107 239
108 184
109 174
110 27
111 103
112 38
113 149
114 126
115 31
116 192
117 177
118 53
119 73
120 285
121 107
122 63
123 164
124 87
125 63
126 62
127 154
128 96
129 196
130 97
131 285
132 155
133 71
134 471
135 160
136 128
137 152
138 50
139 24
140 220
141 297
142 229
143 81
144 196
145 124
146 224
147 142
148 175
149 266
150 199
151 142
152 156
153 95
154 27
155 73
156 123
157 53
158 58
159 84
160 107
161 74
162 137
163 76
164 237
165 76
166 105
167 171
168 147
169 158
170 70
171 156
172 121
173 60
174 175
175 122
176 81
177 99
178 128
179 27
180 261
181 131
182 150
183 195
184 240
185 82
186 149
187 84
188 100
189 51
190 117
191 118
192 187
193 223
194 73
195 45
196 71
197 123
198 250
199 117
200 114
201 97
202 93
203 34
204 73
205 122
206 106
207 170
208 48
209 119
210 330
211 169
212 245
213 57
214 121
215 34
216 117
217 158
218 72
219 219
220 141
221 283
222 194
223 59
224 152
225 45
226 61
227 175
228 177
229 262
230 233
231 113
232 191
233 331
234 279
235 102
236 162
237 210
238 127
239 292
240 65
241 94
242 223
243 54
244 111
245 178
246 262
247 117
248 173
249 101
250 149
251 244
252 148
253 187
254 30
255 151
256 76
257 164
258 101
259 374
260 123
261 262
262 94
263 146
264 136
265 200
266 106
267 279
268 37
269 259
270 121
271 86
272 116
273 261
274 85
275 111
276 104
277 130
278 64
279 235
280 73
281 347
282 55
283 144
284 119
285 99
286 110
287 105
288 109
289 228
290 307
291 348
292 123
293 218
294 121
295 103
296 104
297 190
298 129
299 62
300 286
301 200
302 77
303 86
304 218
305 182
306 151
307 251
308 174
309 31
310 98
311 50
312 208
313 56
314 267
315 95
316 221
317 196
318 170
319 77
320 165
321 46
322 31
323 54
324 51
325 190
326 172
327 76
328 219
329 107
330 54
331 116
332 174
333 147
334 147
335 83
336 297
337 167
338 72
339 27
340 96
341 96
342 224
343 123
344 95
345 134
346 179
347 179
348 193
349 223
350 183
351 94
352 102
353 319
354 189
355 185
356 201
357 103
358 160
359 208
360 54
361 34
362 104
363 54
364 89
365 267
366 108
367 95
368 126
369 254
370 78
371 209
372 120
373 190
374 161
375 89
376 58
377 96
378 70
379 152
380 25
381 37
382 60
383 121
384 132
385 57
386 129
387 189
388 95
389 23
390 211
391 48
392 197
393 80
394 28
395 141
396 69
397 239
398 164
399 174
400 144
401 108
402 162
403 266
404 90
405 65
406 121
407 68
408 130
409 85
410 89
411 202
412 76
413 168
414 96
415 67
416 185
417 121
418 120
419 107
420 171
421 80
422 82
423 137
424 82
425 40
426 142
427 101
428 118
429 317
430 101
431 186
432 91
433 181
434 75
435 76
436 79
437 40
438 184
439 117
440 79
441 122
442 152
443 218
444 130
445 260
446 74
447 31
448 78
449 93
450 208
451 381
452 51
453 155
454 111
455 219
456 30
457 49
458 135
459 210
460 171
461 74
462 247
463 130
464 156
465 82
466 236
467 128
468 193
469 56
470 173
471 44
472 137
473 209
474 135
475 88
476 165
477 133
478 254
479 115
480 115
481 237
482 213
483 87
484 100
485 192
486 144
487 119
488 136
489 208
490 75
491 43
492 74
493 166
494 141
495 70
496 95
497 69
498 258
499 87
500 320
501 153
502 104
503 196
504 266
505 21
506 73
507 70
508 166
509 195
510 87
511 66
512 141
513 162
514 164
515 150
516 130
517 292
518 96
519 141
520 92
521 189
522 98
523 203
524 192
525 39
526 109
527 200
528 171
529 262
530 127
531 53
532 22
533 50
534 175
535 156
536 106
537 306
538 180
539 173
540 70
541 92
542 219
543 164
544 60
545 86
546 234
547 149
548 160
549 100
550 147
551 214
552 83
553 141
554 138
555 166
556 129
557 157
558 106
559 120
560 47
561 216
562 244
563 178
564 124
565 132
566 66
567 160
568 97
569 189
570 205
571 128
572 113
573 108
574 160
575 147
576 194
577 163
578 116
579 119
580 168
581 130
582 30
583 89
584 235
585 117
586 197
587 60
588 181
589 154
590 234
591 85
592 108
593 199
594 104
595 122
596 163
597 129
598 94
599 285
600 238
601 123
602 88
603 37
604 76
605 42
606 173
607 255
608 65
609 95
610 26
611 115
612 80
613 23
614 174
615 100
616 161
617 166
618 145
619 90
620 219
621 169
622 167
623 64
624 119
625 75
626 128
627 140
628 98
629 148
630 154
631 42
632 176
633 31
634 129
635 106
636 195
637 121
638 359
639 154
640 137
641 110
642 125
643 169
644 60
645 190
646 234
647 51
648 141
649 105
650 283
651 130
652 88
653 41
654 88
655 166
656 125
657 157
658 79
659 136
660 39
661 91
662 38
663 116
664 95
665 55
666 30
667 209
668 132
669 127
670 213
671 266
672 219
673 182
674 62
675 109
676 229
677 169
678 57
679 207
680 186
681 48
682 165
683 406
684 274
685 25
686 109
687 285
688 153
689 324
690 181
691 31
692 106
693 236
694 181
695 195
696 227
697 129
698 37
699 234
700 181
701 229
702 140
703 92
704 236
705 162
706 110
707 31
708 58
709 166
710 93
711 272
712 61
713 366
714 118
715 175
716 106
717 209
718 219
719 34
720 25
721 367
722 132
723 24
724 181
725 314
726 48
727 115
728 133
729 204
730 204
731 196
732 171
733 206
734 48
735 292
736 59
737 72
738 92
739 147
740 137
741 135
742 121
743 79
744 126
745 68
746 180
747 191
748 87
749 185
750 143

<precedence relations>
1,12
2,13
3,18
4,14
4,15
4,16
4,17
4,21
4,24
5,19
5,32
6,19
7,72
7,195
8,19
8,23
9,19
10,20
11,19
11,22
11,57
12,31
13,30
14,26
15,27
16,28
17,29
18,32
19,25
19,36
20,31
20,32
20,33
20,34
21,31
21,34
22,31
23,35
24,31
24,37
25,38
26,39
27,42
28,42
29,40
30,41
31,43
31,46
31,114
32,156
32,170
33,45
34,47
35,42
35,43
36,44
37,42
38,48
39,54
40,50
41,51
42,49
42,52
42,53
43,56
43,58
44,53
44,59
45,69
45,158
45,159
46,53
46,55
47,57
47,73
47,84
48,60
49,61
50,64
51,63
52,65
53,62
53,66
53,67
53,68
53,69
53,70
54,69
54,71
54,73
55,70
56,67
56,68
56,116
57,67
57,71
57,72
58,67
59,67
59,128
59,147
60,81
61,75
62,76
63,77
64,83
65,78
66,79
67,74
68,80
68,84
69,80
69,81
69,87
70,80
70,82
70,145
71,85
71,86
72,255
73,80
74,88
75,90
76,91
77,93
78,94
79,97
80,89
80,95
80,147
81,170
81,341
82,92
82,95
82,99
83,98
84,129
84,355
84,575
85,95
85,96
85,159
86,96
86,100
86,127
87,95
87,96
88,101
89,102
90,103
91,105
92,108
93,109
94,110
95,104
95,107
95,113
96,106
96,111
96,115
96,123
97,111
97,117
97,129
98,111
98,112
98,116
99,111
99,112
100,112
100,114
101,118
102,122
103,123
104,119
105,122
106,120
107,121
108,122
109,122
110,124
111,128
112,125
113,122
114,122
114,126
114,129
115,122
116,122
116,123
116,127
117,122
118,130
119,132
120,132
121,131
122,132
122,133
122,135
122,138
122,139
122,140
123,132
123,133
123,134
124,132
125,132
125,137
126,136
126,170
127,134
127,196
127,199
128,132
128,148
129,137
130,143
131,141
132,142
132,149
133,148
134,143
134,147
135,143
135,144
135,146
136,145
137,716
138,197
139,149
139,251
140,144
141,150
142,152
143,153
143,154
143,155
144,151
144,155
144,160
144,161
144,232
145,156
145,158
145,159
146,155
146,255
147,155
147,157
148,155
148,156
149,343
150,165
151,162
152,166
153,163
154,164
155,167
155,170
155,172
155,267
156,165
156,169
156,171
156,217
157,165
157,168
158,165
159,715
160,172
160,331
160,375
160,446
161,198
161,407
162,173
163,181
164,178
165,176
165,177
165,179
165,185
166,182
167,174
167,279
168,175
168,180
169,184
169,238
170,183
171,180
172,386
173,186
174,188
175,190
176,192
177,193
178,189
179,194
180,187
180,195
180,200
180,418
181,296
182,191
182,195
182,196
182,199
182,307
183,235
183,329
184,195
184,196
185,197
185,198
186,204
187,201
188,206
189,202
190,203
191,205
192,208
193,207
194,207
195,386
195,494
196,207
196,397
196,487
197,209
197,211
198,263
198,717
199,708
200,210
200,387
201,213
202,217
203,217
204,214
205,215
206,216
207,212
207,221
207,632
208,219
208,223
208,239
209,218
209,220
209,222
210,396
210,457
211,251
212,224
213,225
214,228
215,228
216,227
217,228
218,226
218,229
218,312
219,305
219,365
220,228
222,715
223,230
223,231
223,232
223,236
224,236
225,237
226,233
227,234
228,235
228,239
229,238
229,240
230,243
231,242
231,276
232,235
232,241
233,245
234,247
235,244
235,246
235,249
235,292
236,341
236,417
236,457
237,265
238,248
238,252
239,250
239,255
240,251
241,696
242,254
242,467
243,253
244,256
245,257
246,258
247,263
248,259
249,260
250,262
251,261
251,263
251,269
252,263
252,264
252,265
252,337
253,266
253,267
254,342
254,354
254,431
255,268
255,269
256,274
257,270
258,275
259,271
260,272
261,273
262,276
263,590
263,592
264,278
264,294
265,274
265,275
265,296
266,354
266,689
266,708
267,280
267,281
267,313
267,355
268,274
268,277
268,371
268,418
269,279
269,341
270,282
271,283
272,287
273,284
274,285
274,286
274,291
274,295
275,290
275,412
275,421
275,429
275,447
276,288
276,293
276,294
277,290
277,303
277,326
278,295
278,489
278,635
279,292
280,288
280,289
280,296
281,456
281,594
281,667
282,297
283,298
284,299
285,301
286,302
287,303
288,300
288,303
288,305
288,385
289,619
289,661
290,499
290,534
291,328
291,372
291,435
292,303
292,306
293,666
293,682
294,304
295,447
295,676
296,307
296,326
297,308
298,311
299,310
300,309
301,311
302,311
303,315
303,317
303,447
303,466
303,666
304,318
304,330
305,312
305,336
306,313
306,314
307,316
307,318
308,319
309,320
310,321
311,323
311,324
311,327
312,322
312,324
312,326
313,323
313,325
314,330
315,581
315,653
317,328
317,331
318,329
318,331
319,335
320,332
321,333
322,334
323,636
323,660
324,594
325,337
325,457
326,335
326,376
326,469
327,335
327,338
329,342
330,335
330,336
330,338
330,418
332,339
333,340
334,341
335,396
336,342
337,343
338,344
338,345
338,346
338,354
339,348
340,347
341,349
341,354
341,605
341,638
342,350
342,352
343,351
343,352
343,353
344,355
344,356
344,386
345,352
345,457
346,352
346,432
347,357
348,359
349,358
350,360
351,361
352,363
352,364
353,664
353,720
355,365
356,362
357,367
358,368
359,370
360,371
361,371
362,366
362,375
363,369
363,372
363,373
363,376
363,469
364,377
364,504
365,374
366,378
367,379
368,380
369,382
370,381
371,383
372,386
373,384
374,384
375,385
375,387
376,638
377,477
377,548
378,388
379,389
380,390
381,391
382,392
383,394
384,393
384,397
384,398
384,443
385,433
385,479
385,499
386,396
386,527
387,395
387,396
387,399
388,400
389,401
390,403
391,406
392,407
393,405
394,406
395,402
395,537
395,676
396,404
396,478
397,408
397,530
398,406
398,409
398,411
398,413
399,410
399,412
400,417
401,418
402,414
403,416
404,415
405,417
406,710
408,422
408,518
408,526
408,696
409,506
409,530
409,547
410,430
410,518
411,423
411,590
411,717
412,419
413,420
413,421
413,424
413,632
414,425
415,429
416,427
417,426
417,428
419,431
419,432
419,564
420,428
420,434
420,435
421,428
422,488
423,536
423,545
424,430
424,433
425,437
426,439
427,443
428,436
428,441
428,444
428,446
428,500
429,442
430,438
430,750
431,440
431,570
433,447
433,490
433,536
434,464
435,445
435,718
436,448
437,457
438,450
439,451
440,452
441,453
442,449
442,454
442,456
442,490
442,545
444,455
444,524
444,665
445,729
446,690
447,650
447,681
448,465
449,459
450,460
451,461
452,464
453,466
454,462
455,463
456,458
456,468
456,470
457,467
457,469
458,472
459,473
460,474
461,476
462,477
463,475
464,471
464,478
464,558
467,488
468,479
468,480
468,676
469,477
471,482
472,481
473,483
474,484
475,485
476,486
477,488
477,489
477,547
477,696
478,487
478,490
478,606
478,636
479,725
479,729
480,487
481,491
482,494
483,493
484,495
485,492
486,494
487,496
487,498
488,496
488,497
488,499
488,620
488,650
488,651
489,653
489,669
490,500
490,511
491,501
492,505
493,503
494,502
495,581
496,747
498,504
499,506
499,507
499,680
500,664
501,509
502,510
503,512
504,508
504,511
505,530
505,681
506,636
506,648
507,513
507,514
507,653
507,702
508,515
509,516
510,518
511,517
512,519
512,621
514,719
515,522
516,520
517,521
518,527
518,528
519,523
519,524
519,525
519,526
519,529
519,530
519,666
520,531
521,533
522,532
523,539
524,537
524,740
525,534
526,536
527,730
528,535
529,538
530,648
530,662
531,540
532,541
533,543
534,542
534,548
534,699
535,544
535,545
535,547
535,565
536,606
539,546
540,551
541,549
542,550
543,554
544,555
545,552
545,553
546,558
546,574
547,557
548,556
548,700
548,706
549,559
550,565
551,560
552,561
553,562
554,566
555,563
556,564
556,569
556,570
557,567
557,568
558,567
559,577
560,573
561,574
562,574
563,572
564,571
565,576
565,682
566,580
566,582
567,576
567,577
567,579
567,582
568,578
569,670
570,575
570,581
570,606
570,662
571,584
572,588
573,589
574,583
575,585
575,590
575,720
576,586
576,647
578,587
578,593
579,594
579,688
580,593
580,666
580,696
581,592
582,591
583,595
584,597
585,596
586,598
587,599
588,601
589,600
590,602
590,710
590,739
591,604
591,605
591,650
591,749
592,608
593,603
593,607
593,609
594,603
594,606
594,699
594,700
594,737
595,619
596,610
597,613
598,620
599,621
600,614
601,615
602,617
603,611
603,618
603,670
604,612
604,623
605,616
607,622
608,663
609,650
610,632
611,624
612,625
613,627
614,626
615,631
616,629
617,632
618,630
620,636
620,638
620,728
621,633
622,628
622,634
623,635
623,637
623,662
624,648
625,639
626,641
627,640
628,642
629,649
630,643
631,644
633,645
633,650
633,651
633,652
633,680
634,646
634,647
635,727
638,653
639,660
640,656
641,655
642,660
643,662
644,657
645,658
646,659
647,654
647,669
648,661
648,706
649,663
649,665
650,668
650,670
651,667
652,664
652,666
652,731
654,671
655,674
656,673
657,676
658,677
659,675
661,672
662,680
665,682
665,698
666,678
668,703
668,746
669,679
669,681
669,702
670,677
670,720
671,687
672,683
673,684
674,686
675,685
675,690
677,691
677,711
678,707
679,688
680,726
681,689
683,695
684,692
685,693
686,696
687,703
687,708
688,694
688,697
689,700
689,746
690,699
690,702
691,698
691,701
692,704
693,706
694,705
697,707
697,708
698,710
699,711
702,709
703,716
704,713
705,712
706,714
707,718
707,720
709,717
710,715
710,716
710,718
710,719
711,745
712,722
713,721
714,723
715,724
715,726
715,731
715,734
716,725
716,727
716,728
716,729
720,730
720,732
720,733
721,735
722,737
723,738
724,736
725,741
727,742
728,740
732,739
735,743
736,744
737,744
737,746
738,749
740,745
741,747
741,748
741,750

<end>
