<number of tasks>
750

<cycle time>
1000

<order strength>
0.895


<task times>
1 210
2 177
3 87
4 209
5 54
6 23
7 151
8 162
9 144
10 60
11 38
12 47
13 177
14 277
15 223
16 208
17 127
18 140
19 30
20 51
21 299
22 165
23 61
24 224
25 238
26 240
27 259
28 340
29 144
30 163
31 84
32 43
33 83
34 141
35 98
36 191
37 216
38 107
39 264
40 35
41 38
42 231
43 73
44 136
45 128
46 56
47 276
48 68
49 289
50 199
51 136
52 172
53 147
54 62
55 96
56 122
57 221
58 120
59 175
60 177
61 92
62 36
63 153
64 121
65 64
66 197
67 81
68 30
69 51
70 178
71 239
72 155
73 80
74 126
75 225
76 95
77 36
78 40
79 125
80 24
81 147
82 27
83 200
84 208
85 157
86 331
87 127
88 275
89 148
90 40
91 29
92 254
93 211
94 105
95 191
96 218
97 279
98 249
99 103
100 162
101 307
102 97
103 35
104 201
105 52
106 158
107 190
108 184
109 71
110 72
111 155
112 154
113 137
114 222
115 191
116 212
117 79
118 78
119 118
120 59
121 84
122 168
123 75
124 175
125 141
126 43
127 69
128 149
129 63
130 102
131 81
132 32
133 261
134 162
135 154
136 182
137 174
138 201
139 70
140 178
141 87
142 71
143 78
144 90
145 398
146 98
147 154
148 104
149 59
150 129
151 203
152 191
153 206
154 56
155 96
156 140
157 211
158 171
159 275
160 176
161 50
162 176
163 224
164 261
165 190
166 152
167 225
168 130
169 66
170 263
171 304
172 110
173 153
174 115
175 303
176 157
177 104
178 69
179 46
180 214
181 137
182 182
183 91
184 118
185 121
186 194
187 53
188 29
189 225
190 95
191 287
192 134
193 65
194 214
195 101
196 217
197 106
198 187
199 51
200 225
201 295
202 232
203 124
204 113
205 28
206 129
207 191
208 196
209 46
210 119
211 129
212 87
213 112
214 116
215 223
216 103
217 180
218 175
219 103
220 114
221 113
222 84
223 138
224 52
225 96
226 77
227 31
228 191
229 106
230 173
231 174
232 170
233 205
234 182
235 214
236 90
237 80
238 98
239 58
240 132
241 96
242 158
243 108
244 186
245 144
246 232
247 61
248 122
249 124
250 170
251 206
252 57
253 147
254 87
255 176
256 112
257 296
258 86
259 240
260 185
261 234
262 73
263 121
264 223
265 72
266 310
267 111
268 28
269 132
270 126
271 67
272 51
273 148
274 245
275 93
276 110
277 91
278 136
279 63
280 366
281 256
282 151
283 164
284 151
285 81
286 251
287 129
288 65
289 133
290 218
291 212
292 129
293 55
294 101
295 88
296 168
297 24
298 160
299 28
300 71
301 58
302 174
303 220
304 86
305 169
306 130
307 168
308 32
309 148
310 142
311 223
312 116
313 269
314 115
315 242
316 120
317 278
318 93
319 177
320 90
321 172
322 98
323 147
324 87
325 100
326 135
327 130
328 307
329 174
330 243
331 104
332 268
333 113
334 101
335 142
336 60
337 179
338 273
339 100
340 251
341 63
342 386
343 43
344 116
345 145
346 205
347 103
348 119
349 131
350 203
351 182
352 196
353 77
354 225
355 164
356 343
357 259
358 86
359 31
360 55
361 76
362 100
363 146
364 324
365 91
366 92
367 167
368 92
369 47
370 37
371 83
372 191
373 69
374 72
375 90
376 107
377 178
378 92
379 111
380 134
381 165
382 332
383 176
384 39
385 86
386 188
387 81
388 32
389 61
390 210
391 99
392 223
393 127
394 24
395 68
396 106
397 108
398 44
399 114
400 28
401 85
402 167
403 165
404 73
405 168
406 145
407 99
408 214
409 88
410 129
411 46
412 71
413 117
414 329
415 94
416 109
417 159
418 232
419 69
420 115
421 135
422 119
423 266
424 194
425 200
426 100
427 176
428 99
429 56
430 167
431 41
432 119
433 147
434 161
435 155
436 154
437 218
438 76
439 133
440 111
441 43
442 140
443 93
444 156
445 120
446 72
447 167
448 101
449 136
450 160
451 168
452 49
453 156
454 187
455 123
456 95
457 132
458 109
459 26
460 88
461 131
462 188
463 86
464 20
465 118
466 150
467 73
468 227
469 40
470 245
471 128
472 122
473 58
474 37
475 94
476 216
477 196
478 135
479 324
480 198
481 216
482 43
483 273
484 40
485 211
486 210
487 94
488 277
489 29
490 234
491 49
492 279
493 320
494 185
495 282
496 170
497 57
498 85
499 76
500 148
501 197
502 130
503 170
504 166
505 134
506 149
507 122
508 119
509 124
510 213
511 111
512 99
513 170
514 43
515 205
516 101
517 202
518 175
519 64
520 119
521 53
522 231
523 117
524 170
525 172
526 216
527 198
528 55
529 68
530 122
531 181
532 36
533 112
534 135
535 104
536 104
537 87
538 86
539 222
540 174
541 90
542 219
543 138
544 87
545 81
546 243
547 131
548 144
549 118
550 73
551 96
552 196
553 219
554 183
555 97
556 139
557 254
558 71
559 78
560 122
561 29
562 199
563 70
564 109
565 73
566 242
567 174
568 216
569 217
570 217
571 48
572 254
573 45
574 60
575 213
576 191
577 206
578 103
579 79
580 162
581 300
582 141
583 150
584 132
585 303
586 39
587 173
588 22
589 64
590 74
591 32
592 91
593 114
594 133
595 63
596 139
597 143
598 138
599 215
600 80
601 92
602 137
603 163
604 169
605 59
606 29
607 29
608 22
609 169
610 120
611 88
612 66
613 97
614 171
615 195
616 180
617 90
618 209
619 199
620 168
621 117
622 119
623 78
624 70
625 190
626 63
627 21
628 97
629 238
630 120
631 99
632 31
633 229
634 141
635 45
636 160
637 30
638 51
639 86
640 171
641 99
642 69
643 328
644 36
645 107
646 109
647 174
648 160
649 139
650 116
651 188
652 232
653 113
654 85
655 157
656 61
657 44
658 321
659 197
660 132
661 130
662 148
663 255
664 74
665 205
666 165
667 45
668 222
669 120
670 70
671 25
672 46
673 187
674 140
675 92
676 180
677 238
678 325
679 103
680 66
681 70
682 114
683 329
684 214
685 191
686 125
687 30
688 68
689 26
690 130
691 176
692 120
693 229
694 91
695 100
696 31
697 151
698 199
699 166
700 108
701 136
702 50
703 115
704 145
705 179
706 202
707 79
708 188
709 31
710 88
711 323
712 241
713 98
714 208
715 45
716 38
717 119
718 272
719 188
720 139
721 158
722 135
723 166
724 157
725 164
726 43
727 135
728 55
729 168
730 239
731 242
732 135
733 179
734 160
735 121
736 178
737 197
738 137
739 187
740 362
741 181
742 40
743 161
744 94
745 137
746 161
747 285
748 263
749 124
750 69

<precedence relations>
1,8
2,7
2,8
3,7
3,8
3,9
3,11
4,9
4,10
4,18
5,7
5,8
5,9
5,10
5,11
6,7
6,8
6,9
6,10
6,18
7,12
7,13
7,14
7,15
7,16
8,12
8,13
8,26
9,12
9,13
9,16
9,27
10,12
10,13
10,14
10,15
11,12
11,13
11,14
11,15
11,17
11,18
12,19
12,20
12,25
12,28
13,19
14,19
14,21
14,22
14,24
14,26
15,23
15,27
15,34
16,19
16,20
16,21
16,22
16,23
16,24
17,19
17,20
17,21
18,19
18,20
18,21
18,22
19,29
20,29
21,29
21,30
21,31
21,39
22,29
22,30
22,31
22,32
22,33
23,29
23,30
23,31
23,32
24,29
24,30
24,31
24,32
24,33
24,34
25,30
25,31
25,32
25,33
25,34
26,29
26,39
27,29
27,30
27,31
27,32
28,29
28,39
29,35
29,36
29,37
29,38
29,40
30,35
30,36
30,37
31,35
31,36
31,37
32,35
32,37
32,38
32,39
32,40
33,35
33,36
33,37
34,35
34,36
34,37
35,43
35,44
35,46
36,103
36,113
37,41
37,42
37,43
37,44
37,45
37,47
38,47
39,41
39,42
40,102
40,107
41,48
41,49
41,50
41,51
41,52
41,54
41,55
42,48
42,49
42,54
42,55
43,48
43,49
43,53
43,55
44,85
45,48
45,49
45,52
45,55
46,48
46,49
46,54
46,55
47,51
47,63
48,56
48,57
48,58
48,59
48,60
48,61
48,62
48,63
48,64
49,56
49,57
49,58
49,64
50,56
50,57
50,58
50,59
50,62
51,56
51,57
51,58
51,59
51,60
52,56
52,57
52,62
52,63
52,64
53,56
53,57
53,58
54,59
54,70
55,56
55,57
55,63
55,64
56,65
56,66
56,67
57,111
57,117
57,122
58,65
58,66
58,68
58,69
58,70
59,66
59,69
59,77
59,78
60,65
61,65
61,66
61,67
61,68
61,69
61,70
62,65
62,66
62,67
62,68
62,69
62,70
63,65
63,67
63,68
63,69
63,70
64,65
64,67
64,69
64,70
65,71
65,72
65,73
65,74
65,75
65,76
65,77
65,78
66,71
66,72
66,73
67,72
67,78
68,71
68,72
68,78
69,71
69,72
69,74
70,71
70,76
70,77
70,78
71,79
71,80
71,81
71,82
71,83
72,79
72,80
72,81
72,82
72,83
73,79
73,80
73,81
73,82
73,83
74,79
74,80
74,81
74,82
74,83
75,79
75,80
75,81
76,149
76,160
76,161
76,162
76,163
76,164
77,79
77,80
77,81
77,82
77,83
78,79
78,80
78,81
78,82
78,83
79,84
79,85
79,86
79,87
79,88
79,89
79,90
80,84
80,85
80,86
80,87
80,88
80,89
80,90
81,84
81,85
81,86
81,87
81,88
81,89
81,90
82,84
82,86
82,89
82,90
83,84
83,85
83,86
83,88
83,89
83,90
84,91
84,92
84,93
84,94
85,91
85,92
85,93
85,94
86,91
86,92
86,93
86,94
87,91
87,92
87,93
87,94
88,91
88,92
88,93
89,91
89,92
90,92
90,94
90,99
91,95
91,96
91,97
91,98
91,99
92,95
92,96
92,97
92,106
93,96
93,98
94,95
95,100
95,103
95,113
96,100
96,101
96,102
96,107
96,138
97,100
97,101
97,102
97,103
97,104
98,100
98,101
98,102
98,103
98,104
98,105
98,106
98,107
99,100
99,105
99,106
99,138
100,108
100,109
100,110
100,139
101,108
102,108
102,117
103,108
103,109
103,110
103,111
103,112
104,108
104,109
104,110
104,111
104,112
104,113
105,109
105,182
106,108
107,108
107,109
107,113
107,139
108,114
108,115
108,116
108,146
109,122
109,198
110,117
110,120
110,147
111,114
111,115
111,116
111,118
111,119
111,120
112,190
112,192
112,200
113,114
113,115
113,116
113,121
113,146
114,123
115,123
115,147
116,123
116,124
116,125
116,126
116,127
116,128
116,129
116,147
117,123
117,124
117,125
117,126
118,123
118,124
118,126
118,130
119,124
119,128
120,123
120,124
120,125
120,126
120,127
120,128
121,123
122,176
123,131
123,132
123,133
123,134
124,131
124,154
125,131
125,133
125,136
125,148
126,134
126,135
127,150
127,153
127,168
128,131
128,132
129,131
129,132
130,131
130,132
130,137
130,138
130,139
131,140
131,141
131,142
132,140
132,141
132,142
132,143
133,140
133,141
133,142
133,143
133,154
134,140
134,141
134,142
134,143
134,144
134,145
134,148
135,145
136,142
137,140
137,141
137,142
137,143
137,144
137,145
138,140
138,141
139,140
139,141
139,146
139,147
139,148
140,149
140,150
140,151
140,152
140,161
141,149
141,150
141,151
141,152
141,153
142,149
142,150
142,151
142,152
142,155
143,149
143,150
144,149
144,150
145,149
145,150
145,151
145,152
145,153
145,154
145,155
146,149
146,150
146,152
147,149
147,151
148,149
148,150
148,151
148,154
148,163
149,156
149,157
149,168
150,156
150,157
150,158
150,159
150,160
150,164
151,156
151,157
151,158
151,159
151,162
152,156
152,157
152,163
152,164
153,160
153,170
153,171
154,156
154,157
155,156
155,157
155,161
156,255
156,259
157,165
157,166
157,167
158,355
159,165
159,166
160,165
160,172
161,165
161,166
161,167
161,168
162,165
162,166
162,167
162,168
163,165
163,167
163,168
164,165
165,173
166,169
166,170
166,171
166,172
166,173
167,169
167,170
167,171
168,171
168,172
168,181
169,174
169,175
169,176
169,177
170,174
170,175
170,176
170,177
171,174
172,174
172,175
172,192
173,174
173,175
173,176
173,177
174,178
174,179
174,180
174,198
175,178
175,179
175,182
175,183
175,184
176,178
176,179
176,180
177,178
177,181
177,186
178,187
178,190
179,185
179,188
179,189
180,185
180,186
181,185
181,192
181,199
182,303
182,320
183,185
183,193
183,198
184,185
184,186
184,187
184,191
185,270
186,197
186,199
187,194
187,195
187,196
188,200
189,194
189,195
190,194
191,194
191,195
191,198
191,200
192,194
192,195
193,196
193,222
193,231
194,201
194,202
194,203
194,204
195,201
195,202
195,203
195,204
196,303
196,320
197,201
198,203
198,204
199,201
199,204
200,201
200,202
200,203
200,204
201,205
201,206
201,207
202,205
202,206
202,207
203,205
203,206
203,207
204,205
204,216
204,217
205,210
205,211
206,208
206,209
206,212
206,227
207,208
207,209
208,634
208,650
209,259
210,213
210,214
211,213
211,214
211,215
212,214
212,216
212,217
212,228
213,220
213,221
214,218
214,219
214,220
215,218
215,219
215,220
215,221
215,222
215,223
216,255
217,218
217,219
217,231
218,226
218,229
218,234
219,224
219,225
219,226
220,224
221,224
221,225
221,226
222,224
222,225
222,226
223,224
223,225
223,226
223,227
223,228
223,229
224,230
224,234
224,239
225,233
226,232
226,240
227,230
227,231
227,232
227,233
228,230
228,231
229,230
230,235
230,236
230,237
230,241
231,235
231,236
231,237
231,241
232,238
232,239
232,241
233,235
233,236
233,239
233,240
233,241
234,235
234,240
234,241
235,242
235,243
235,252
236,242
236,243
236,244
236,245
237,242
237,243
237,244
238,242
238,245
239,242
239,243
239,244
239,245
240,242
240,243
240,244
240,245
241,242
241,243
241,244
241,245
242,247
242,248
242,249
242,255
243,255
243,259
244,246
244,247
244,250
245,415
246,251
246,255
246,257
247,253
248,254
248,256
248,257
249,251
250,252
251,258
251,259
251,260
252,278
253,258
253,259
254,489
254,520
254,539
254,594
255,260
256,258
257,258
257,259
257,260
258,265
259,263
259,283
260,261
260,262
260,263
260,264
260,265
260,266
260,267
261,275
261,398
261,439
262,271
262,289
263,268
264,268
264,269
264,270
264,271
264,272
264,274
265,270
265,272
265,275
265,294
266,268
266,269
267,268
267,269
267,273
267,283
268,276
268,277
268,278
268,279
268,281
269,306
270,276
270,280
270,296
271,276
271,277
271,279
271,283
272,442
272,463
273,276
273,279
273,282
274,276
274,277
274,278
274,279
274,280
275,446
275,453
276,284
276,285
276,286
277,296
278,284
278,285
279,308
280,284
280,289
281,287
281,288
281,289
282,284
282,285
283,284
283,285
283,286
284,290
285,292
286,290
286,295
287,290
287,291
287,292
287,293
287,295
287,296
288,290
288,291
288,294
289,290
289,291
290,302
291,354
292,301
292,309
292,313
293,297
293,298
293,299
293,300
293,301
293,302
294,297
294,298
294,299
295,297
295,298
295,299
295,300
295,309
296,297
297,305
297,308
298,303
298,304
298,313
299,327
299,338
300,303
300,304
300,305
300,306
300,307
301,303
301,304
302,303
302,304
302,307
302,309
302,313
303,310
304,310
304,311
304,312
304,314
305,310
305,311
305,320
306,310
306,311
306,312
306,314
307,310
307,312
308,313
308,314
308,319
309,310
309,311
310,315
310,316
310,317
310,318
311,315
311,316
311,317
311,318
312,315
312,317
312,319
313,497
313,516
314,316
314,317
314,320
315,321
315,322
315,323
315,324
316,323
316,324
317,321
317,322
317,323
317,324
317,326
318,325
318,338
319,321
319,322
319,323
319,325
319,326
320,324
320,335
320,336
321,327
321,328
321,329
321,331
322,330
322,333
322,337
323,327
323,328
323,329
323,330
323,332
324,327
324,328
324,329
325,327
325,328
326,327
326,336
326,337
326,338
327,334
328,414
328,432
329,334
329,337
329,338
330,334
330,335
330,338
331,336
332,337
333,335
334,339
334,340
334,341
335,339
335,340
335,341
336,339
336,340
336,341
337,339
338,339
338,340
338,341
339,342
339,343
339,348
340,342
340,343
340,344
340,345
340,346
340,347
340,348
341,342
341,343
341,344
341,346
343,360
343,365
344,482
345,349
345,354
346,349
346,353
346,354
347,350
347,351
347,352
348,349
348,350
348,351
348,352
348,353
348,354
349,355
349,356
349,357
349,359
350,355
351,355
351,356
351,357
351,358
351,359
351,360
351,361
352,355
352,356
353,570
354,355
354,356
354,357
354,358
355,362
356,363
356,365
357,362
357,382
358,365
359,364
360,366
360,367
361,362
361,363
362,368
362,369
363,370
363,374
364,368
364,377
365,368
365,369
365,370
366,368
366,369
366,370
367,368
367,369
367,370
367,371
367,372
368,375
368,376
368,378
369,540
369,541
369,558
370,373
371,373
371,374
371,377
372,373
372,374
372,393
373,379
374,665
375,380
375,381
376,379
377,379
377,382
378,379
378,380
378,383
379,384
379,388
379,389
380,384
380,385
380,387
381,385
382,384
382,386
382,431
383,384
383,385
383,386
384,403
385,390
385,393
386,390
387,390
387,392
387,393
388,391
388,394
388,395
389,390
390,398
390,439
391,396
391,397
391,398
392,396
392,397
392,398
393,559
393,613
393,615
394,445
394,491
394,506
395,396
396,399
396,400
397,402
397,404
398,399
398,400
398,401
398,403
398,405
399,406
400,406
401,411
401,456
402,406
402,408
402,413
403,406
403,412
404,406
404,410
404,414
404,419
404,420
405,406
405,407
405,408
405,409
405,411
406,415
406,421
407,525
408,415
408,416
408,419
409,742
410,598
410,659
411,418
411,420
412,504
413,416
414,415
414,416
414,417
414,434
415,422
415,423
415,424
416,423
417,422
417,423
417,424
417,426
418,452
419,585
419,594
420,449
421,425
421,427
422,435
423,428
423,429
423,436
424,430
424,492
425,428
425,429
425,430
425,433
425,434
426,431
426,562
427,432
427,616
427,648
428,437
429,443
430,581
430,587
431,439
431,591
433,671
434,446
435,437
435,438
435,441
436,437
436,438
436,440
436,442
437,444
437,445
437,446
437,448
437,450
438,636
440,624
441,446
441,449
442,542
442,547
442,590
443,444
443,447
443,451
444,683
445,507
446,452
447,656
447,695
448,454
448,455
448,457
449,452
450,452
450,453
451,456
452,462
452,463
453,458
453,486
454,458
455,461
455,538
456,472
457,459
457,460
458,469
458,536
459,465
459,466
459,470
460,466
460,468
460,554
461,464
461,576
462,464
463,467
463,469
464,587
464,637
465,490
466,506
467,471
467,472
468,474
468,515
468,555
469,545
470,471
470,472
470,473
471,476
472,475
472,476
472,477
472,478
473,475
473,479
475,668
476,484
477,480
477,483
478,480
478,482
479,480
479,481
479,485
480,633
481,488
482,486
483,559
484,487
485,486
485,489
486,490
486,491
486,492
487,490
487,494
487,505
488,491
488,492
488,493
489,613
490,500
491,495
491,497
491,499
492,495
492,496
492,498
494,496
494,499
494,501
494,507
495,502
495,503
495,505
496,502
496,504
497,660
497,661
498,507
498,581
499,502
500,506
500,558
501,503
502,508
502,509
502,513
503,510
503,511
503,512
503,514
504,508
505,577
506,522
507,515
508,516
508,522
508,544
509,516
509,518
509,519
510,517
510,521
511,520
511,521
512,516
512,621
513,570
513,584
514,516
514,517
514,565
515,538
516,593
517,523
517,524
517,527
517,528
518,523
518,581
518,592
519,525
519,532
520,741
521,528
522,526
523,529
523,534
524,532
525,530
525,531
526,533
527,529
527,530
528,529
529,537
530,539
530,540
531,535
531,536
531,541
531,552
532,537
532,538
533,536
533,563
534,608
534,635
535,547
535,579
535,611
536,542
536,555
537,542
537,543
538,542
538,543
538,557
539,544
539,545
539,572
539,576
540,602
540,631
541,546
543,550
544,570
544,617
545,570
546,548
546,549
547,694
548,554
548,625
548,710
549,553
549,555
550,551
550,552
552,558
552,583
553,619
554,557
554,627
554,726
554,734
555,556
555,559
556,561
556,564
556,565
557,597
557,744
558,563
558,615
559,560
559,562
560,566
560,574
561,567
561,568
563,570
564,658
564,696
565,569
565,570
566,571
567,577
568,572
568,575
568,576
568,578
569,571
569,574
570,571
570,573
570,598
570,627
571,579
571,580
572,579
573,582
573,610
574,585
575,581
575,654
576,584
577,598
577,665
578,580
578,583
578,615
578,616
579,587
579,588
579,637
580,589
582,591
582,631
583,586
584,590
585,592
586,593
586,594
587,595
588,659
589,597
589,630
589,664
589,670
590,593
590,596
591,621
592,598
592,604
593,601
594,653
594,661
595,599
595,600
595,603
595,621
596,599
596,602
596,603
599,605
599,607
601,604
602,608
602,620
602,626
603,606
603,638
603,648
604,609
604,611
605,609
606,616
607,610
608,612
608,613
609,614
610,614
611,614
611,617
611,645
612,615
612,616
613,644
614,618
614,619
615,621
615,654
615,684
616,618
617,620
617,705
618,629
619,625
619,626
619,628
620,627
620,668
620,750
621,622
621,623
621,624
621,691
621,697
622,636
622,690
623,638
624,633
625,634
625,649
626,630
626,633
626,723
627,636
627,637
627,659
628,631
628,635
629,632
630,639
630,640
631,642
632,642
632,643
633,713
634,676
635,659
635,738
638,641
639,663
640,648
641,645
641,707
642,646
642,647
643,644
643,675
644,649
644,651
644,653
644,678
645,692
646,710
647,650
647,652
647,654
647,668
648,701
649,724
650,694
650,704
651,655
651,658
652,657
652,659
653,660
654,656
654,657
654,665
655,667
656,662
656,666
657,664
657,686
658,661
658,665
658,723
659,661
659,663
660,695
661,672
661,697
661,728
662,674
662,675
662,687
663,669
664,676
664,678
664,723
665,672
665,703
665,720
666,671
666,673
666,680
667,668
667,670
668,677
670,681
671,678
672,717
673,693
673,714
673,723
674,679
674,680
674,720
674,729
674,736
678,683
678,685
681,682
681,684
681,686
682,736
682,742
683,687
683,688
683,689
686,690
687,691
687,693
687,697
688,692
689,739
690,694
690,695
690,696
691,701
692,704
693,698
693,745
694,698
694,699
695,700
695,703
695,705
696,702
697,731
698,707
698,711
699,707
699,722
701,709
701,713
702,712
702,714
702,722
703,710
703,729
703,732
704,706
704,708
704,735
704,739
706,717
706,729
710,715
711,716
712,718
713,715
713,719
715,721
715,726
717,725
717,727
718,720
718,723
718,724
718,726
719,722
721,728
722,729
723,745
724,732
725,730
725,733
726,731
728,736
729,737
729,738
732,734
732,735
732,739
733,740
734,742
735,745
736,744
736,746
740,741
740,743
743,748
745,749
745,750
746,747
746,749

<end>
