<number of tasks>
750

<cycle time>
1000

<order strength>
0.266


<task times>
1 139
2 165
3 131
4 133
5 96
6 267
7 257
8 293
9 98
10 166
11 161
12 222
13 150
14 174
15 161
16 311
17 116
18 172
19 103
20 68
21 125
22 110
23 158
24 71
25 100
26 104
27 81
28 224
29 86
30 91
31 96
32 190
33 132
34 41
35 273
36 162
37 105
38 113
39 159
40 243
41 117
42 51
43 99
44 75
45 82
46 162
47 131
48 51
49 161
50 26
51 32
52 124
53 163
54 89
55 123
56 227
57 187
58 92
59 74
60 151
61 94
62 178
63 21
64 114
65 261
66 86
67 104
68 168
69 115
70 166
71 95
72 91
73 63
74 212
75 257
76 175
77 120
78 183
79 140
80 222
81 39
82 128
83 178
84 179
85 49
86 122
87 154
88 56
89 37
90 164
91 81
92 163
93 79
94 223
95 121
96 80
97 242
98 161
99 87
100 27
101 57
102 48
103 331
104 86
105 90
106 204
107 122
108 142
109 73
110 152
111 50
112 85
113 90
114 265
115 190
116 160
117 170
118 88
119 75
120 61
121 202
122 138
123 238
124 208
125 256
126 105
127 102
128 115
129 25
130 269
131 68
132 23
133 134
134 75
135 237
136 55
137 82
138 48
139 67
140 126
141 137
142 130
143 88
144 226
145 138
146 56
147 143
148 215
149 172
150 114
151 148
152 95
153 103
154 266
155 55
156 89
157 64
158 92
159 211
160 145
161 73
162 264
163 24
164 87
165 145
166 129
167 105
168 260
169 273
170 136
171 142
172 164
173 45
174 167
175 67
176 233
177 102
178 114
179 44
180 215
181 320
182 174
183 120
184 218
185 90
186 230
187 226
188 374
189 66
190 181
191 86
192 267
193 24
194 87
195 119
196 294
197 100
198 193
199 122
200 293
201 216
202 72
203 48
204 76
205 150
206 43
207 83
208 88
209 30
210 72
211 27
212 252
213 250
214 140
215 105
216 84
217 105
218 186
219 25
220 227
221 123
222 77
223 80
224 195
225 86
226 110
227 73
228 87
229 181
230 144
231 153
232 108
233 51
234 21
235 270
236 91
237 94
238 97
239 187
240 129
241 31
242 164
243 181
244 210
245 50
246 25
247 330
248 141
249 185
250 176
251 26
252 192
253 63
254 101
255 132
256 143
257 54
258 135
259 204
260 209
261 47
262 152
263 139
264 58
265 187
266 83
267 73
268 82
269 158
270 99
271 86
272 239
273 166
274 168
275 169
276 176
277 90
278 89
279 209
280 145
281 340
282 150
283 108
284 244
285 150
286 108
287 170
288 83
289 150
290 241
291 176
292 95
293 84
294 132
295 302
296 71
297 216
298 66
299 89
300 99
301 281
302 198
303 140
304 167
305 25
306 173
307 252
308 90
309 149
310 174
311 152
312 40
313 160
314 166
315 248
316 215
317 231
318 134
319 52
320 148
321 187
322 134
323 27
324 126
325 76
326 166
327 179
328 149
329 174
330 228
331 360
332 212
333 69
334 85
335 259
336 53
337 26
338 183
339 42
340 50
341 214
342 128
343 118
344 198
345 48
346 127
347 221
348 355
349 29
350 65
351 149
352 70
353 127
354 74
355 208
356 27
357 91
358 148
359 147
360 216
361 202
362 107
363 140
364 357
365 115
366 281
367 86
368 42
369 43
370 171
371 82
372 206
373 157
374 21
375 38
376 234
377 128
378 296
379 265
380 102
381 309
382 122
383 84
384 70
385 102
386 99
387 111
388 154
389 187
390 218
391 65
392 274
393 50
394 36
395 111
396 23
397 114
398 121
399 59
400 183
401 68
402 54
403 233
404 224
405 70
406 128
407 140
408 238
409 263
410 235
411 170
412 270
413 133
414 55
415 176
416 163
417 145
418 104
419 183
420 74
421 118
422 124
423 274
424 149
425 38
426 341
427 92
428 97
429 247
430 94
431 167
432 201
433 310
434 258
435 254
436 101
437 80
438 124
439 86
440 87
441 135
442 104
443 99
444 209
445 208
446 96
447 53
448 108
449 94
450 113
451 123
452 104
453 63
454 107
455 119
456 46
457 152
458 161
459 181
460 216
461 138
462 84
463 174
464 172
465 92
466 201
467 171
468 141
469 49
470 83
471 209
472 288
473 117
474 114
475 139
476 68
477 206
478 145
479 185
480 47
481 202
482 30
483 147
484 51
485 24
486 197
487 23
488 41
489 45
490 385
491 144
492 167
493 117
494 167
495 209
496 144
497 90
498 193
499 283
500 229
501 127
502 114
503 127
504 166
505 307
506 82
507 25
508 56
509 33
510 46
511 242
512 229
513 140
514 230
515 22
516 155
517 120
518 322
519 70
520 149
521 182
522 51
523 220
524 78
525 131
526 65
527 37
528 146
529 166
530 229
531 135
532 32
533 213
534 113
535 190
536 61
537 180
538 135
539 153
540 103
541 112
542 263
543 128
544 109
545 37
546 310
547 41
548 21
549 136
550 187
551 112
552 131
553 169
554 228
555 191
556 60
557 274
558 66
559 78
560 81
561 33
562 247
563 161
564 58
565 207
566 68
567 173
568 100
569 96
570 105
571 67
572 126
573 267
574 140
575 36
576 138
577 235
578 224
579 184
580 204
581 165
582 119
583 143
584 163
585 47
586 80
587 36
588 85
589 148
590 112
591 71
592 123
593 139
594 112
595 105
596 263
597 104
598 163
599 227
600 286
601 131
602 134
603 208
604 120
605 22
606 175
607 95
608 220
609 188
610 110
611 85
612 237
613 61
614 112
615 131
616 225
617 68
618 200
619 226
620 163
621 158
622 122
623 69
624 213
625 33
626 54
627 134
628 44
629 186
630 121
631 85
632 203
633 90
634 53
635 53
636 52
637 191
638 166
639 75
640 117
641 76
642 183
643 247
644 200
645 154
646 97
647 77
648 160
649 335
650 122
651 111
652 255
653 53
654 253
655 51
656 122
657 135
658 111
659 115
660 112
661 107
662 76
663 114
664 27
665 21
666 139
667 118
668 241
669 198
670 256
671 133
672 180
673 134
674 205
675 257
676 42
677 65
678 111
679 33
680 172
681 307
682 119
683 86
684 180
685 56
686 104
687 49
688 54
689 111
690 101
691 113
692 74
693 183
694 329
695 67
696 21
697 358
698 146
699 201
700 397
701 121
702 307
703 108
704 158
705 187
706 129
707 206
708 256
709 193
710 196
711 169
712 236
713 115
714 133
715 131
716 250
717 111
718 184
719 91
720 246
721 117
722 100
723 203
724 278
725 173
726 182
727 178
728 76
729 330
730 156
731 285
732 45
733 120
734 309
735 161
736 143
737 167
738 54
739 245
740 112
741 83
742 126
743 219
744 219
745 210
746 214
747 194
748 178
749 117
750 173

<precedence relations>
1,94
2,165
3,25
4,25
5,25
6,25
7,25
8,25
9,25
10,25
11,25
12,25
13,25
14,698
15,96
16,96
17,433
18,35
18,39
19,22
19,23
19,24
19,26
19,27
19,40
20,28
20,29
20,31
20,32
20,34
20,37
21,30
21,33
21,36
21,38
22,94
23,165
24,165
25,42
25,43
25,45
25,46
25,47
25,48
25,49
25,50
25,51
25,60
25,62
26,334
27,578
28,96
29,96
30,150
31,433
32,52
32,54
32,61
33,44
34,56
35,59
37,55
38,41
38,57
38,58
39,53
41,669
42,94
43,94
44,382
45,96
46,71
46,75
46,77
47,64
47,73
50,68
51,63
52,150
53,653
54,69
55,70
57,65
57,67
58,66
58,72
61,76
62,74
63,94
64,698
65,96
66,549
67,433
68,610
69,89
70,88
71,85
72,78
72,90
73,84
73,86
74,81
74,87
75,79
75,83
75,93
76,80
76,82
76,92
77,91
78,94
79,94
80,94
81,94
82,165
83,165
84,334
85,96
86,477
87,653
88,102
89,101
89,107
90,100
90,103
90,105
90,106
90,109
92,97
92,108
93,95
93,98
93,99
93,104
94,110
94,111
94,112
94,113
94,114
94,115
94,127
95,382
96,116
96,117
96,118
96,119
96,123
96,125
97,320
98,727
99,727
100,121
101,120
101,122
102,124
102,128
103,129
106,126
110,150
111,513
112,133
112,135
112,137
112,140
117,146
119,132
119,134
119,142
119,144
120,136
121,130
122,139
123,138
124,131
124,143
126,141
129,145
130,382
131,549
132,150
133,150
134,513
135,653
136,147
137,154
138,155
139,147
140,157
141,152
141,161
141,162
141,164
142,153
142,159
142,160
143,151
143,156
144,148
144,158
145,149
145,163
147,382
148,165
149,165
150,168
150,169
150,171
150,172
150,173
150,174
150,175
151,433
152,177
153,178
154,176
155,181
156,179
157,180
158,170
159,183
161,182
163,166
164,167
165,184
165,185
165,186
165,187
165,188
166,698
167,698
168,652
169,578
170,549
171,192
175,197
176,191
177,189
178,193
179,194
180,189
181,190
181,195
182,196
184,652
185,320
186,200
186,206
188,198
188,204
189,513
190,610
191,202
192,201
193,205
194,199
196,203
198,653
199,653
200,209
201,210
202,208
202,214
203,207
203,215
204,216
205,211
205,213
206,212
206,217
207,610
208,222
209,218
210,218
211,221
211,223
212,224
212,228
213,219
214,227
214,229
215,231
216,226
216,232
217,220
217,225
217,230
218,382
219,382
220,698
221,477
222,237
223,234
224,236
225,235
226,240
226,244
228,239
230,238
231,241
232,233
232,242
232,243
233,653
234,247
235,250
236,248
237,251
237,253
238,245
238,246
238,249
238,254
238,261
239,252
239,256
239,257
240,259
241,255
241,260
244,258
245,652
246,549
247,266
248,267
249,268
250,273
251,269
252,270
253,271
256,264
256,276
257,265
257,274
258,275
259,272
260,262
260,263
261,277
262,334
263,320
264,513
265,513
266,286
267,281
268,278
269,284
270,285
271,289
272,282
272,294
273,280
273,292
273,295
273,297
274,279
274,283
274,290
274,293
275,291
276,288
276,296
277,287
278,334
279,578
280,320
281,304
282,305
283,308
284,303
285,306
286,299
286,315
287,307
288,301
288,309
289,302
290,310
291,311
291,313
292,300
294,312
294,314
295,298
298,334
299,652
300,320
301,320
302,727
303,321
304,316
305,316
306,323
307,325
308,322
309,327
310,328
311,318
311,324
311,326
311,331
311,332
312,333
313,317
315,319
315,329
315,330
316,334
317,652
318,652
319,652
320,336
320,337
320,338
320,339
320,340
320,341
320,342
320,343
320,344
320,345
320,346
320,347
321,335
322,349
323,353
324,350
325,351
326,352
327,355
328,356
329,348
329,357
329,359
330,358
332,360
333,354
334,363
334,364
334,365
334,366
334,367
334,368
335,652
336,369
336,372
336,378
336,381
337,377
339,362
339,380
345,376
348,370
349,374
350,361
351,371
352,375
354,373
358,379
361,382
362,382
363,388
366,389
366,392
367,391
369,383
370,387
371,384
372,385
373,386
378,393
381,390
382,394
382,395
382,396
382,397
382,398
382,399
382,407
383,400
384,402
385,400
386,405
388,403
388,406
389,404
389,408
390,411
391,401
392,410
393,409
394,416
395,427
396,422
396,424
397,415
399,413
399,423
400,477
401,727
402,417
403,418
404,419
405,412
406,420
407,428
408,414
408,425
408,429
410,421
411,426
412,669
413,477
414,433
415,610
416,434
417,430
418,435
419,430
420,438
421,436
421,437
421,442
421,444
423,443
424,440
425,432
426,441
429,431
429,439
430,652
431,549
432,653
433,447
433,449
433,450
433,451
433,452
433,453
433,454
433,455
433,456
433,457
433,458
433,459
433,460
433,461
433,474
434,445
435,468
436,463
437,466
438,464
439,446
439,462
439,465
440,467
440,469
440,471
441,448
441,472
443,473
444,470
445,669
446,652
447,477
448,549
450,487
450,491
455,484
458,489
459,483
460,476
460,478
460,486
460,488
462,479
463,475
464,481
465,482
466,485
467,480
472,490
475,652
476,578
477,492
477,493
477,494
477,495
477,496
477,497
477,506
478,610
479,504
480,500
481,502
482,507
483,498
483,499
483,505
483,511
484,501
486,503
486,508
487,510
490,509
492,653
493,518
493,526
494,529
495,527
496,530
497,515
498,513
499,517
500,525
501,521
502,522
503,523
504,512
504,528
505,519
506,520
507,516
508,524
509,514
512,652
513,532
513,533
513,534
513,535
513,536
513,537
513,538
514,653
515,610
516,610
517,531
518,539
519,540
520,541
521,542
522,545
523,546
524,544
525,547
526,543
529,548
531,652
532,549
535,560
538,558
539,550
540,552
541,554
542,555
543,551
544,557
545,559
547,553
548,556
549,562
549,563
549,564
549,565
549,566
549,567
549,568
549,575
550,571
551,572
552,569
553,570
553,576
554,577
556,573
558,561
560,574
561,578
566,583
568,584
568,588
568,589
569,579
570,580
571,582
572,582
573,581
574,585
576,587
577,586
578,591
578,592
578,593
578,594
578,595
578,596
578,597
578,598
578,599
578,600
578,601
578,606
579,590
580,602
581,603
585,605
588,604
588,607
589,608
590,652
593,614
594,617
595,616
601,610
602,609
603,611
604,613
605,612
607,615
609,652
610,619
610,620
610,621
610,622
610,623
610,624
610,631
611,626
612,618
612,625
613,627
613,630
615,629
615,633
617,628
617,632
618,652
619,636
619,645
620,643
620,644
622,642
622,647
622,648
625,637
626,634
627,638
628,640
629,635
629,639
630,649
631,641
633,646
633,650
634,652
635,653
636,654
637,651
638,658
639,655
639,656
639,666
639,667
641,662
644,663
646,657
646,665
647,661
647,664
648,659
649,660
650,668
651,669
652,671
652,672
652,673
652,674
652,675
652,676
652,677
653,678
653,679
653,680
653,681
653,682
653,683
654,670
655,685
656,686
657,684
657,692
658,688
658,689
658,691
662,690
667,687
669,693
669,694
669,695
669,696
669,697
670,698
671,700
671,706
683,704
683,705
684,701
685,702
686,703
687,699
695,721
695,722
696,723
696,724
696,726
698,707
698,708
698,709
698,710
698,711
698,712
698,713
699,714
700,715
701,718
702,717
703,719
704,716
706,720
706,725
707,727
714,728
715,731
716,729
717,731
718,730
723,733
726,732
726,734
727,735
727,736
727,737
727,738
727,739
727,740
728,741
729,742
730,743
732,749
732,750
733,746
733,747
734,744
734,745
734,748

<end>
