<number of tasks>
750

<cycle time>
1000

<order strength>
0.195


<task times>
1 273
2 87
3 226
4 177
5 96
6 30
7 148
8 220
9 165
10 125
11 94
12 45
13 201
14 139
15 136
16 34
17 102
18 437
19 373
20 44
21 410
22 296
23 99
24 216
25 44
26 119
27 152
28 369
29 486
30 123
31 241
32 55
33 189
34 38
35 192
36 466
37 163
38 418
39 309
40 174
41 28
42 330
43 163
44 261
45 261
46 148
47 302
48 500
49 396
50 138
51 217
52 249
53 468
54 77
55 313
56 100
57 85
58 280
59 513
60 49
61 74
62 80
63 447
64 435
65 108
66 100
67 123
68 267
69 281
70 201
71 99
72 95
73 382
74 186
75 183
76 109
77 217
78 80
79 222
80 50
81 198
82 500
83 81
84 595
85 354
86 162
87 230
88 104
89 75
90 34
91 205
92 408
93 29
94 39
95 110
96 130
97 487
98 52
99 325
100 55
101 226
102 21
103 553
104 160
105 158
106 76
107 104
108 221
109 152
110 33
111 426
112 211
113 412
114 83
115 110
116 216
117 185
118 368
119 142
120 357
121 67
122 156
123 117
124 246
125 64
126 84
127 105
128 413
129 187
130 459
131 203
132 326
133 157
134 385
135 518
136 390
137 112
138 104
139 531
140 172
141 457
142 408
143 75
144 251
145 307
146 560
147 88
148 127
149 346
150 123
151 29
152 190
153 245
154 304
155 240
156 438
157 139
158 108
159 479
160 479
161 221
162 162
163 92
164 284
165 149
166 62
167 543
168 59
169 285
170 280
171 272
172 476
173 73
174 138
175 58
176 86
177 166
178 252
179 178
180 307
181 287
182 302
183 210
184 321
185 486
186 484
187 210
188 33
189 109
190 93
191 56
192 95
193 73
194 311
195 165
196 208
197 181
198 29
199 113
200 373
201 384
202 396
203 193
204 46
205 194
206 149
207 469
208 68
209 252
210 147
211 191
212 361
213 75
214 51
215 225
216 480
217 63
218 459
219 163
220 57
221 453
222 63
223 204
224 99
225 82
226 205
227 221
228 59
229 117
230 343
231 241
232 225
233 196
234 91
235 93
236 126
237 20
238 31
239 59
240 112
241 456
242 235
243 483
244 483
245 154
246 179
247 501
248 233
249 235
250 389
251 197
252 168
253 530
254 193
255 143
256 512
257 108
258 112
259 52
260 84
261 79
262 562
263 148
264 177
265 149
266 274
267 491
268 37
269 557
270 412
271 28
272 47
273 159
274 289
275 42
276 221
277 117
278 129
279 77
280 237
281 124
282 544
283 346
284 75
285 130
286 126
287 180
288 164
289 178
290 113
291 586
292 135
293 306
294 517
295 488
296 209
297 37
298 196
299 68
300 207
301 238
302 199
303 76
304 85
305 149
306 104
307 197
308 152
309 437
310 527
311 191
312 104
313 326
314 275
315 49
316 62
317 163
318 581
319 463
320 458
321 203
322 78
323 486
324 532
325 321
326 384
327 600
328 46
329 210
330 207
331 79
332 67
333 283
334 32
335 241
336 49
337 132
338 269
339 55
340 154
341 424
342 318
343 44
344 86
345 429
346 101
347 445
348 35
349 76
350 206
351 284
352 410
353 330
354 103
355 471
356 482
357 131
358 61
359 162
360 328
361 519
362 122
363 473
364 456
365 52
366 588
367 142
368 199
369 291
370 549
371 548
372 325
373 137
374 25
375 127
376 437
377 95
378 179
379 50
380 41
381 132
382 48
383 52
384 154
385 200
386 64
387 234
388 242
389 191
390 137
391 67
392 436
393 356
394 268
395 228
396 149
397 223
398 193
399 121
400 131
401 328
402 256
403 251
404 93
405 51
406 291
407 415
408 197
409 454
410 31
411 249
412 51
413 123
414 472
415 57
416 389
417 290
418 599
419 136
420 201
421 134
422 138
423 183
424 187
425 133
426 507
427 265
428 264
429 48
430 472
431 370
432 158
433 254
434 536
435 157
436 88
437 53
438 464
439 94
440 45
441 53
442 518
443 203
444 305
445 52
446 351
447 251
448 249
449 109
450 192
451 185
452 213
453 535
454 489
455 72
456 173
457 164
458 80
459 233
460 191
461 93
462 324
463 59
464 248
465 27
466 61
467 222
468 129
469 145
470 25
471 184
472 50
473 273
474 530
475 168
476 108
477 250
478 92
479 130
480 257
481 482
482 85
483 518
484 54
485 29
486 567
487 616
488 408
489 505
490 248
491 23
492 69
493 134
494 176
495 378
496 592
497 72
498 129
499 148
500 42
501 589
502 374
503 69
504 473
505 26
506 126
507 241
508 188
509 162
510 36
511 511
512 535
513 305
514 121
515 123
516 140
517 352
518 455
519 160
520 231
521 312
522 230
523 473
524 529
525 176
526 183
527 134
528 142
529 418
530 337
531 184
532 73
533 569
534 132
535 232
536 100
537 500
538 183
539 341
540 482
541 78
542 45
543 231
544 488
545 224
546 276
547 579
548 116
549 65
550 82
551 178
552 31
553 534
554 83
555 474
556 301
557 65
558 23
559 324
560 312
561 147
562 128
563 154
564 378
565 331
566 34
567 288
568 496
569 126
570 143
571 529
572 375
573 108
574 266
575 296
576 26
577 146
578 61
579 88
580 136
581 69
582 214
583 199
584 83
585 355
586 492
587 285
588 256
589 179
590 75
591 152
592 344
593 125
594 106
595 464
596 550
597 73
598 339
599 34
600 114
601 173
602 87
603 498
604 74
605 83
606 459
607 187
608 65
609 63
610 181
611 272
612 42
613 163
614 126
615 314
616 68
617 288
618 331
619 123
620 517
621 135
622 474
623 478
624 72
625 147
626 327
627 97
628 251
629 30
630 488
631 349
632 527
633 467
634 137
635 396
636 308
637 452
638 249
639 67
640 47
641 407
642 229
643 72
644 122
645 358
646 156
647 259
648 580
649 208
650 30
651 482
652 209
653 142
654 501
655 83
656 78
657 56
658 103
659 248
660 555
661 540
662 29
663 53
664 180
665 247
666 388
667 231
668 89
669 245
670 199
671 125
672 145
673 289
674 388
675 256
676 309
677 174
678 203
679 281
680 220
681 64
682 272
683 206
684 110
685 255
686 186
687 301
688 133
689 343
690 88
691 223
692 135
693 516
694 202
695 98
696 591
697 87
698 227
699 134
700 300
701 320
702 515
703 170
704 253
705 50
706 284
707 125
708 222
709 256
710 146
711 52
712 103
713 133
714 126
715 121
716 435
717 356
718 472
719 102
720 243
721 84
722 292
723 75
724 34
725 156
726 218
727 187
728 493
729 154
730 132
731 64
732 122
733 345
734 308
735 97
736 158
737 43
738 61
739 93
740 524
741 30
742 120
743 543
744 309
745 231
746 149
747 136
748 102
749 108
750 41

<precedence relations>
1,25
2,17
2,18
2,23
2,29
3,19
4,15
4,16
4,217
5,16
5,28
5,30
5,393
6,32
8,210
9,22
10,26
10,31
11,660
12,24
12,27
12,34
13,20
13,21
13,33
14,424
15,241
16,411
16,581
17,46
19,49
20,39
20,45
20,48
20,254
21,485
21,622
22,37
23,40
23,658
24,50
24,406
24,610
27,35
27,38
28,43
29,44
30,171
31,520
31,529
32,36
33,41
33,47
34,42
34,194
34,259
35,62
36,353
37,53
37,56
37,58
37,59
37,60
37,67
38,55
38,172
39,72
39,499
40,61
41,65
42,66
42,69
42,73
44,57
45,230
46,68
46,609
47,64
47,70
48,54
48,66
49,52
49,63
49,71
50,51
50,394
51,99
52,84
52,91
53,81
53,312
54,77
55,139
56,79
56,85
56,86
57,74
57,229
58,78
59,76
61,83
62,89
62,92
62,431
63,80
64,82
66,277
66,540
67,75
67,87
67,505
68,74
68,93
68,317
68,475
69,94
69,403
70,559
72,88
72,238
73,90
73,441
74,99
76,98
76,106
78,108
79,102
79,104
79,110
80,97
81,107
82,95
83,112
83,356
84,152
85,508
86,103
87,111
88,109
89,122
90,147
90,244
90,258
90,646
92,105
93,96
93,451
94,100
94,101
95,123
96,125
97,118
98,282
100,113
100,563
101,122
101,141
101,322
103,127
104,114
104,128
105,117
105,493
106,252
107,121
107,129
108,126
109,119
109,120
109,124
110,115
110,116
115,142
115,626
116,138
117,136
117,141
118,137
118,143
118,186
118,660
119,131
121,135
122,143
123,130
123,140
124,358
124,551
126,134
127,132
127,133
128,139
129,144
130,153
130,158
131,146
131,643
132,145
133,152
133,160
134,154
134,212
135,151
136,719
137,147
137,156
138,162
139,161
139,364
140,156
140,159
140,535
141,150
141,170
143,157
143,352
143,400
144,148
144,149
144,155
148,169
149,163
150,168
150,171
151,167
151,287
151,335
151,545
152,164
152,172
153,170
154,176
155,175
155,177
156,165
158,611
160,173
160,178
160,179
161,166
161,174
161,180
162,304
163,191
164,184
164,283
164,695
165,534
167,187
167,188
167,492
168,197
168,228
169,190
169,192
169,193
170,183
172,189
172,194
172,200
172,281
173,181
173,182
174,198
174,199
175,191
176,196
177,185
179,186
180,195
180,440
181,202
183,208
183,337
185,206
185,361
188,443
190,429
191,216
192,204
192,205
192,210
193,203
195,201
195,209
195,212
196,211
198,290
199,207
199,509
200,277
200,318
200,339
201,505
201,635
202,221
203,222
204,397
204,705
205,213
205,214
206,278
207,215
207,217
207,223
208,218
208,496
209,216
209,516
210,220
210,224
211,219
212,619
213,231
213,497
213,533
214,226
214,229
214,232
215,225
215,237
215,273
216,225
217,238
217,239
217,240
217,280
218,230
218,233
219,227
219,241
220,228
220,235
221,236
223,688
224,234
225,242
225,258
225,260
226,243
226,433
227,246
227,256
227,259
227,328
228,251
229,253
229,307
230,257
230,618
231,244
231,526
232,254
233,261
234,250
236,247
236,263
236,443
237,248
237,255
237,741
239,478
240,252
240,701
241,245
241,249
241,262
242,279
242,527
242,723
243,677
243,749
244,267
244,556
245,691
247,435
247,654
249,270
251,266
253,264
253,268
254,272
256,276
256,281
257,265
257,273
258,274
258,278
260,280
261,275
261,389
261,600
262,269
262,271
262,277
264,300
265,289
265,295
265,296
266,363
267,293
268,297
268,298
269,288
269,292
270,283
271,294
271,296
271,534
271,536
271,676
272,287
272,418
273,285
274,286
274,561
275,284
276,301
277,299
277,477
278,291
278,454
278,700
280,282
280,290
282,307
282,310
282,568
284,424
285,305
285,344
286,471
287,302
287,313
287,314
287,510
287,584
288,309
288,312
288,315
288,384
290,308
290,515
291,311
291,423
291,680
294,304
295,304
296,525
297,303
298,665
299,383
300,306
302,320
304,739
305,324
306,316
306,318
306,323
307,402
308,321
308,326
308,371
309,642
310,322
311,632
312,319
312,404
315,317
315,325
316,329
316,332
316,686
317,327
317,339
317,340
318,335
318,344
319,334
319,382
319,547
320,343
321,328
321,330
321,338
322,348
322,453
323,336
323,337
324,341
324,342
324,660
325,345
325,573
326,331
326,333
326,599
327,368
328,347
328,419
330,361
330,362
331,354
332,349
332,356
332,359
333,668
334,350
334,494
335,350
335,353
335,355
338,674
340,360
342,346
342,351
342,352
342,357
342,358
343,348
345,349
345,357
346,375
347,370
347,378
348,369
348,601
349,373
351,371
352,363
352,372
352,377
352,459
355,368
355,379
355,603
357,376
357,380
358,365
358,374
360,364
360,367
361,366
362,381
363,387
363,392
365,386
365,389
365,394
366,393
367,382
368,383
368,385
369,395
370,415
371,391
372,396
372,588
374,389
374,390
374,703
375,624
376,565
377,384
378,417
379,388
379,392
379,525
380,694
380,700
383,403
384,401
384,511
385,405
385,413
387,398
387,407
387,416
387,473
387,726
388,400
388,404
388,412
390,415
391,410
391,411
391,557
393,406
393,409
394,397
394,402
394,408
394,414
395,643
396,399
396,720
398,421
398,422
399,434
400,420
400,426
400,579
400,589
400,706
403,419
404,432
404,436
404,437
405,431
406,418
407,423
408,433
409,417
409,424
409,435
411,427
411,428
411,429
413,425
414,430
414,441
415,631
417,447
418,441
421,453
421,633
421,651
421,654
423,445
423,715
424,438
424,446
424,450
425,641
427,449
428,442
431,444
432,439
433,440
434,443
435,744
437,590
438,455
438,461
438,465
439,449
439,452
439,459
440,457
440,468
440,591
442,450
442,466
443,462
444,464
445,451
445,458
445,467
446,448
446,454
446,456
447,453
447,460
447,463
447,616
452,478
452,479
453,470
453,749
454,626
455,472
455,698
456,481
458,474
459,469
459,475
459,482
459,591
461,480
461,618
463,688
464,473
464,477
466,476
467,483
468,471
469,497
470,488
470,701
471,491
471,726
472,490
472,498
472,500
473,487
473,499
474,484
475,494
475,500
476,492
477,485
477,503
478,489
478,495
479,493
479,496
479,503
481,501
483,486
483,502
483,622
484,514
486,507
486,512
486,519
487,508
490,517
492,593
493,716
494,516
498,513
500,506
500,510
500,518
502,504
502,511
502,515
503,505
503,509
504,525
506,521
506,522
506,576
507,527
509,570
512,528
513,520
513,530
515,520
515,523
515,529
516,526
516,615
519,524
519,570
521,538
521,543
521,548
522,542
522,549
523,539
525,540
525,544
527,534
527,536
527,546
528,531
528,532
528,541
528,545
529,537
530,533
530,535
530,547
531,566
532,558
533,552
533,559
533,560
534,705
535,556
537,554
538,564
539,563
540,567
541,551
542,590
542,659
543,562
544,553
544,561
545,557
546,555
546,565
549,550
550,568
550,573
552,578
552,583
552,585
553,572
553,581
556,580
557,577
557,584
558,735
562,579
562,646
563,571
563,576
563,582
563,587
564,569
564,575
565,570
567,574
567,586
568,589
568,590
568,597
569,646
572,598
574,595
574,697
577,592
578,588
578,596
580,591
580,593
581,594
581,621
583,603
584,601
586,602
587,599
587,600
589,611
590,606
590,655
592,604
592,613
593,610
596,609
596,615
597,608
597,612
597,614
599,607
600,611
602,605
603,616
604,619
606,690
607,633
607,634
608,625
609,617
609,627
610,734
611,629
611,631
612,623
612,632
613,626
613,635
614,622
614,624
614,628
614,725
615,630
615,636
616,618
616,620
616,621
618,640
619,649
620,645
620,646
622,644
624,639
624,651
624,654
625,643
625,648
626,638
626,650
626,684
627,652
627,653
628,641
628,642
630,647
631,637
633,657
635,655
635,656
639,669
640,658
640,671
640,673
641,665
645,664
645,668
649,666
649,667
651,661
653,659
653,660
653,664
654,670
654,720
655,662
655,663
656,672
658,711
659,674
659,691
660,690
662,675
662,685
664,677
664,682
665,684
665,687
666,688
667,683
669,676
670,689
671,678
671,679
671,680
673,681
673,686
674,703
681,692
682,699
683,698
684,693
685,695
685,701
686,697
686,700
690,694
690,696
690,702
692,713
692,716
693,707
694,711
697,704
698,709
698,710
698,739
700,705
700,717
700,718
700,723
701,708
702,706
702,712
702,714
702,715
704,724
706,722
706,723
706,733
707,721
707,729
707,731
708,725
708,728
708,733
708,736
709,732
711,735
712,726
712,727
715,737
716,719
716,730
717,734
718,720
719,748
723,746
726,739
729,749
730,738
730,740
730,750
732,741
733,744
734,745
736,742
737,743
737,745
737,747

<end>
