<number of tasks>
750

<cycle time>
1000

<order strength>
0.596


<task times>
1 213
2 341
3 57
4 109
5 202
6 116
7 114
8 240
9 84
10 343
11 239
12 106
13 49
14 47
15 147
16 241
17 132
18 75
19 22
20 191
21 164
22 211
23 131
24 153
25 229
26 78
27 141
28 106
29 149
30 156
31 82
32 159
33 176
34 116
35 122
36 31
37 160
38 116
39 107
40 182
41 47
42 167
43 171
44 72
45 23
46 44
47 286
48 95
49 58
50 194
51 165
52 64
53 144
54 128
55 155
56 145
57 113
58 232
59 92
60 252
61 241
62 182
63 134
64 266
65 143
66 79
67 144
68 100
69 160
70 289
71 200
72 109
73 156
74 64
75 196
76 187
77 167
78 131
79 170
80 140
81 244
82 186
83 24
84 251
85 172
86 93
87 147
88 107
89 275
90 84
91 290
92 110
93 296
94 272
95 108
96 143
97 199
98 134
99 163
100 146
101 52
102 300
103 111
104 99
105 77
106 111
107 159
108 247
109 49
110 68
111 116
112 210
113 249
114 251
115 213
116 223
117 220
118 85
119 27
120 266
121 155
122 77
123 299
124 47
125 87
126 243
127 228
128 254
129 156
130 232
131 121
132 154
133 179
134 195
135 192
136 140
137 171
138 58
139 70
140 203
141 115
142 83
143 114
144 145
145 249
146 130
147 88
148 94
149 64
150 40
151 146
152 102
153 141
154 233
155 40
156 52
157 116
158 184
159 196
160 59
161 147
162 64
163 46
164 66
165 107
166 145
167 46
168 73
169 150
170 23
171 50
172 221
173 54
174 377
175 77
176 112
177 230
178 113
179 184
180 58
181 139
182 93
183 122
184 110
185 226
186 248
187 119
188 127
189 165
190 137
191 43
192 161
193 181
194 128
195 74
196 188
197 195
198 154
199 172
200 65
201 187
202 128
203 40
204 283
205 218
206 125
207 191
208 137
209 55
210 209
211 67
212 93
213 341
214 314
215 139
216 211
217 227
218 146
219 125
220 108
221 150
222 58
223 58
224 266
225 172
226 200
227 208
228 34
229 207
230 197
231 111
232 209
233 188
234 104
235 147
236 61
237 40
238 26
239 151
240 241
241 76
242 183
243 212
244 130
245 21
246 183
247 227
248 239
249 124
250 88
251 77
252 135
253 164
254 168
255 86
256 251
257 97
258 201
259 124
260 170
261 24
262 84
263 26
264 191
265 83
266 152
267 123
268 108
269 65
270 84
271 159
272 211
273 89
274 31
275 215
276 32
277 93
278 121
279 107
280 111
281 183
282 81
283 42
284 108
285 132
286 102
287 305
288 69
289 37
290 169
291 142
292 140
293 109
294 147
295 180
296 222
297 57
298 87
299 65
300 72
301 253
302 272
303 181
304 242
305 95
306 106
307 76
308 204
309 166
310 84
311 205
312 49
313 144
314 195
315 29
316 197
317 136
318 250
319 46
320 130
321 61
322 404
323 235
324 44
325 121
326 132
327 63
328 103
329 236
330 131
331 120
332 289
333 103
334 256
335 128
336 172
337 42
338 94
339 49
340 247
341 51
342 216
343 105
344 41
345 204
346 229
347 145
348 78
349 112
350 205
351 237
352 186
353 106
354 103
355 111
356 173
357 123
358 301
359 30
360 99
361 81
362 118
363 96
364 59
365 21
366 145
367 250
368 55
369 128
370 121
371 234
372 239
373 186
374 389
375 132
376 171
377 45
378 70
379 90
380 154
381 25
382 168
383 81
384 132
385 203
386 216
387 135
388 311
389 74
390 161
391 44
392 62
393 97
394 78
395 31
396 146
397 200
398 186
399 296
400 114
401 226
402 132
403 41
404 254
405 64
406 34
407 57
408 190
409 66
410 187
411 61
412 155
413 55
414 114
415 242
416 143
417 166
418 219
419 52
420 186
421 91
422 94
423 101
424 187
425 197
426 55
427 110
428 74
429 174
430 239
431 89
432 223
433 66
434 34
435 134
436 219
437 74
438 292
439 132
440 86
441 189
442 130
443 130
444 69
445 68
446 21
447 107
448 21
449 199
450 58
451 323
452 254
453 180
454 153
455 100
456 280
457 57
458 36
459 250
460 232
461 62
462 83
463 56
464 91
465 165
466 69
467 189
468 121
469 76
470 294
471 184
472 345
473 64
474 96
475 103
476 216
477 172
478 147
479 58
480 39
481 29
482 170
483 247
484 175
485 170
486 103
487 217
488 104
489 118
490 245
491 80
492 86
493 174
494 68
495 121
496 137
497 38
498 76
499 135
500 109
501 200
502 30
503 180
504 112
505 73
506 62
507 101
508 130
509 104
510 172
511 133
512 80
513 117
514 236
515 71
516 163
517 108
518 202
519 121
520 191
521 91
522 156
523 188
524 115
525 38
526 122
527 34
528 242
529 174
530 79
531 134
532 204
533 111
534 186
535 79
536 61
537 150
538 89
539 288
540 57
541 183
542 194
543 118
544 59
545 94
546 193
547 76
548 55
549 104
550 152
551 169
552 173
553 213
554 38
555 166
556 27
557 238
558 65
559 136
560 105
561 108
562 134
563 49
564 207
565 87
566 155
567 54
568 173
569 26
570 127
571 250
572 56
573 210
574 56
575 85
576 110
577 191
578 185
579 205
580 93
581 87
582 334
583 282
584 99
585 58
586 110
587 122
588 128
589 50
590 244
591 193
592 152
593 24
594 187
595 163
596 226
597 49
598 97
599 110
600 72
601 211
602 114
603 121
604 54
605 79
606 149
607 50
608 81
609 79
610 145
611 249
612 117
613 219
614 265
615 135
616 216
617 95
618 228
619 228
620 191
621 45
622 154
623 114
624 105
625 37
626 155
627 112
628 118
629 194
630 220
631 256
632 284
633 221
634 258
635 90
636 73
637 92
638 33
639 160
640 140
641 175
642 151
643 86
644 33
645 57
646 94
647 243
648 137
649 159
650 26
651 187
652 26
653 75
654 179
655 54
656 30
657 58
658 151
659 143
660 177
661 62
662 227
663 59
664 106
665 183
666 172
667 147
668 81
669 102
670 208
671 244
672 159
673 45
674 171
675 30
676 25
677 182
678 79
679 104
680 99
681 180
682 292
683 73
684 182
685 113
686 54
687 241
688 54
689 137
690 33
691 93
692 209
693 243
694 74
695 58
696 181
697 131
698 68
699 252
700 169
701 89
702 76
703 188
704 42
705 139
706 190
707 29
708 119
709 367
710 53
711 89
712 121
713 185
714 182
715 171
716 307
717 61
718 123
719 207
720 223
721 271
722 225
723 330
724 277
725 99
726 67
727 73
728 193
729 280
730 162
731 193
732 145
733 183
734 90
735 172
736 258
737 236
738 87
739 41
740 80
741 108
742 82
743 141
744 210
745 256
746 34
747 61
748 76
749 140
750 47

<precedence relations>
1,300
2,300
3,230
4,677
5,48
6,48
7,48
8,48
9,399
10,89
11,22
11,28
11,36
11,44
11,76
12,26
13,17
13,29
14,18
14,19
14,20
14,24
14,25
15,27
16,21
16,22
16,23
16,216
17,193
18,157
19,230
20,230
21,197
22,253
23,253
24,48
25,48
26,48
27,48
28,132
29,30
29,31
29,32
29,33
29,34
29,35
29,36
29,37
29,38
29,39
29,40
29,41
29,42
29,43
30,157
31,253
32,528
33,48
34,48
35,48
36,48
37,132
38,616
39,89
40,89
41,46
41,47
41,51
41,55
41,56
41,57
41,59
42,44
42,45
42,49
42,50
42,57
42,58
42,100
43,44
43,52
43,53
43,54
43,76
44,157
45,157
46,157
47,157
48,61
48,66
48,67
48,68
48,69
48,70
48,71
48,72
48,73
48,74
48,75
49,165
50,165
51,132
52,399
53,432
54,89
55,428
56,64
56,77
56,78
56,114
57,60
57,63
57,77
57,78
57,98
58,60
58,65
58,135
59,60
59,62
59,76
59,79
59,197
60,379
61,157
62,580
63,480
64,253
65,677
66,89
67,86
67,87
67,88
67,364
69,82
69,119
70,80
70,90
70,164
71,83
71,84
71,85
72,530
73,88
73,91
73,110
74,110
74,128
75,81
75,92
76,460
77,169
78,89
79,80
79,83
80,404
81,480
82,516
83,596
84,165
85,165
86,332
87,561
88,561
89,93
89,103
89,104
89,105
89,106
89,107
89,108
89,110
90,94
90,96
90,98
90,109
91,95
91,99
91,100
91,101
91,111
92,97
92,102
93,193
94,193
95,230
96,404
97,253
98,276
99,132
100,132
101,169
102,561
103,122
103,123
104,112
104,121
104,258
105,112
105,113
105,132
106,127
107,117
107,120
107,125
107,128
107,134
107,161
108,116
108,118
108,124
108,126
109,114
109,120
109,144
110,115
110,119
110,121
111,461
111,554
111,555
111,596
112,480
113,197
114,197
115,676
116,253
117,253
118,253
119,276
120,276
121,132
122,132
123,716
124,332
125,428
126,129
126,131
126,136
127,134
127,135
127,137
127,138
127,139
127,162
128,129
128,130
128,133
129,276
130,482
131,165
132,145
132,146
132,147
132,148
132,149
132,150
132,151
133,432
134,169
135,616
136,297
137,141
137,144
137,154
138,140
138,142
138,143
138,152
138,153
138,155
139,144
140,157
141,230
142,276
143,704
144,165
145,160
145,161
145,199
146,618
147,579
148,159
148,166
149,156
149,158
149,162
149,171
150,170
151,156
151,163
151,167
151,197
152,169
153,163
153,234
154,384
154,430
155,164
155,168
155,364
155,398
156,379
157,173
157,174
157,175
157,176
157,177
157,178
158,230
159,230
160,404
161,676
162,441
163,253
164,528
165,179
165,180
165,181
165,182
165,183
165,184
165,185
165,186
165,192
166,460
167,460
168,432
169,187
169,188
169,189
169,190
169,191
170,297
171,172
171,192
172,193
173,196
173,245
173,270
174,194
174,203
174,277
175,746
176,271
177,334
178,230
179,197
180,276
181,236
181,259
181,361
181,362
182,634
182,642
182,732
183,287
183,325
183,347
183,373
184,202
184,254
184,327
185,198
185,200
186,305
186,331
186,552
187,201
188,202
188,399
188,402
189,193
189,270
190,195
190,199
190,275
190,303
191,201
191,232
191,254
192,204
192,288
193,205
193,206
193,207
193,208
193,209
193,210
193,211
193,212
193,213
193,214
193,215
193,218
194,379
195,580
196,641
197,219
197,220
197,221
197,222
197,223
197,224
197,225
197,226
198,253
199,297
200,297
201,216
201,217
201,227
201,229
202,558
202,583
203,228
203,249
204,270
204,276
205,230
206,230
206,234
206,259
207,235
207,236
207,259
208,239
208,283
209,328
209,371
209,385
210,230
211,273
212,230
212,237
212,257
213,231
213,347
213,366
213,384
214,358
214,619
215,606
216,300
217,379
218,230
219,232
220,325
220,352
221,232
221,251
222,230
222,231
222,232
223,233
224,583
225,335
226,282
226,401
227,528
228,616
229,238
230,239
230,240
230,241
230,242
230,243
230,244
230,250
231,441
232,253
233,253
234,253
235,432
236,635
237,297
238,245
238,246
238,247
238,248
238,249
239,641
240,441
241,253
242,276
243,482
244,251
244,382
245,253
246,276
247,297
248,257
248,376
248,430
249,252
249,255
249,256
249,258
249,259
250,251
250,252
250,254
251,379
252,379
253,262
253,263
253,264
253,265
253,266
253,267
253,268
253,269
253,271
254,276
255,432
256,616
257,583
258,270
258,430
259,260
259,261
259,282
260,379
261,379
262,580
263,432
264,453
264,514
265,275
267,273
268,272
268,274
269,367
270,325
270,374
271,272
272,300
273,276
274,275
274,276
274,277
274,278
274,279
274,280
274,281
274,282
274,283
274,284
274,285
275,441
276,286
276,287
276,290
276,291
276,292
276,293
276,294
276,295
276,296
276,299
277,432
278,432
279,332
280,297
281,297
282,428
283,286
283,289
283,324
284,288
284,295
284,427
284,509
285,298
285,355
286,300
287,379
288,676
289,441
290,399
291,301
291,303
292,302
292,304
292,305
292,344
293,306
293,335
293,350
294,596
295,432
296,432
297,307
297,308
297,309
297,310
297,311
297,312
297,313
297,314
297,315
297,316
298,317
298,351
298,353
299,442
300,318
300,319
300,320
300,321
300,325
301,480
302,596
303,482
304,460
305,672
306,332
307,323
307,333
307,365
308,399
309,322
309,467
310,349
310,401
310,554
312,324
312,326
313,327
314,322
315,381
315,385
315,386
316,322
316,360
316,410
317,322
317,323
317,461
317,512
318,332
319,635
320,330
320,334
320,335
321,328
321,331
321,333
321,353
321,375
322,528
323,733
324,428
325,328
325,329
325,336
327,548
328,641
329,404
330,480
331,676
332,337
332,338
332,339
332,340
332,341
332,342
332,343
333,344
333,460
333,465
334,337
334,345
335,346
335,402
336,460
336,508
337,716
338,347
338,354
338,356
339,454
339,519
340,347
340,355
341,400
341,510
341,640
342,352
342,353
342,366
343,546
343,630
343,685
344,366
344,488
345,349
345,350
345,351
346,347
346,348
346,361
346,403
347,379
348,441
349,441
350,357
350,358
350,359
350,360
350,364
350,366
351,538
352,359
352,362
352,367
352,389
353,639
354,363
355,358
355,360
355,565
356,361
356,365
357,379
358,596
359,460
360,432
361,369
361,370
361,516
362,375
362,380
363,374
364,378
364,388
365,373
365,376
366,377
366,379
366,480
367,368
367,369
367,371
367,372
368,379
369,641
370,441
371,482
372,432
373,635
374,380
374,383
374,388
375,403
375,514
375,553
375,665
376,384
376,386
376,389
377,382
377,387
377,467
377,507
378,381
378,385
379,390
379,391
379,392
379,393
379,394
379,395
379,397
379,400
380,441
381,516
382,482
383,399
384,399
385,716
386,398
386,401
386,554
387,396
387,403
387,429
387,616
388,397
388,402
389,640
390,583
391,616
392,545
394,586
395,410
396,641
397,404
398,441
399,405
399,406
399,407
399,408
399,409
400,635
401,411
401,514
402,412
403,487
404,413
404,414
404,415
404,416
404,417
404,418
404,419
404,420
404,421
404,422
404,423
404,424
404,425
404,426
404,429
405,428
407,440
407,466
407,490
407,510
407,512
408,427
408,431
409,431
409,464
410,430
410,432
411,427
412,427
412,460
413,677
414,432
415,440
415,528
416,476
416,515
418,431
418,463
418,483
419,556
420,454
420,462
421,631
422,463
423,515
423,551
426,666
427,528
428,432
428,433
428,434
428,435
428,436
428,437
428,438
428,439
429,664
430,509
430,579
431,441
432,444
432,445
432,446
432,447
432,448
432,449
432,450
432,556
433,595
435,442
435,477
436,476
437,443
437,453
438,451
438,454
438,505
438,509
440,452
440,477
441,455
441,456
441,457
441,458
441,459
441,552
442,596
443,460
444,585
445,476
445,506
447,748
448,462
448,463
449,731
450,461
450,489
450,504
450,585
451,465
453,464
453,745
454,638
455,482
456,479
456,513
457,562
459,490
459,555
459,556
460,466
460,467
460,468
460,469
460,470
460,471
460,472
460,473
460,474
460,475
460,476
461,620
462,477
462,478
462,486
462,491
463,634
463,678
463,730
464,727
466,480
467,482
468,733
469,641
470,489
471,487
474,488
475,484
476,483
476,491
476,549
477,481
477,485
477,508
478,490
479,486
479,538
480,492
480,493
480,494
480,495
481,516
482,496
482,497
482,498
482,499
482,500
482,501
482,502
482,503
482,506
482,655
482,663
483,561
484,516
485,504
487,587
488,516
489,507
489,666
490,505
491,677
492,672
493,561
494,509
495,509
495,513
496,636
497,521
498,521
499,542
499,560
499,633
500,512
500,607
500,620
500,634
501,511
502,510
502,667
504,583
505,508
505,518
506,579
506,585
508,641
509,516
510,635
511,733
512,520
512,521
512,558
512,668
513,514
513,515
513,517
513,518
513,519
514,641
515,676
516,522
516,523
516,524
516,525
516,526
516,527
517,528
518,530
518,551
519,529
519,562
519,595
520,529
522,540
523,641
523,665
525,557
526,537
527,538
527,539
528,531
528,532
528,533
528,534
528,535
528,536
529,677
531,542
531,596
532,545
533,544
535,742
536,546
536,706
536,750
537,561
538,560
539,543
539,551
540,541
541,677
542,716
543,552
543,554
543,618
544,550
544,661
545,547
545,548
545,549
545,551
545,553
545,555
546,717
546,718
547,616
548,556
548,557
549,558
550,637
551,655
552,668
553,705
554,745
555,559
556,561
557,561
558,733
559,560
559,562
559,563
560,704
561,564
561,566
561,567
561,568
561,569
561,570
561,571
561,572
561,573
561,574
561,575
561,576
561,577
561,578
562,565
562,633
563,579
563,585
564,580
565,677
566,716
567,583
568,584
570,581
570,629
571,580
572,587
572,641
573,582
573,586
573,643
577,617
577,733
578,585
580,588
580,589
580,590
580,591
580,592
580,593
580,594
580,605
581,677
582,596
583,595
583,597
583,598
583,599
583,600
583,601
583,602
583,603
583,604
583,642
584,595
584,596
584,632
585,606
586,595
586,674
588,616
591,617
591,670
591,734
593,664
594,607
595,676
596,608
596,609
596,610
596,611
596,612
596,613
596,614
596,615
596,620
597,619
598,734
599,667
601,618
602,639
603,618
606,617
606,631
607,641
608,742
609,672
611,629
612,631
616,622
616,623
616,624
616,625
616,626
616,627
616,628
616,631
617,621
618,629
619,630
619,632
620,704
621,677
622,635
623,634
623,639
623,729
624,637
627,667
629,633
629,640
629,665
630,636
630,638
631,633
632,732
633,641
634,704
635,642
635,643
635,644
635,645
635,646
635,647
635,648
635,649
635,650
635,651
635,652
635,653
635,669
637,717
638,655
639,654
639,742
641,656
641,657
641,658
641,659
641,660
641,661
642,672
643,716
645,732
647,662
647,706
649,668
649,716
650,665
653,664
654,663
654,665
654,741
656,667
656,668
658,666
659,669
662,676
666,672
667,675
668,671
669,670
669,673
669,674
670,676
671,677
672,679
672,680
672,681
672,682
672,683
672,684
672,733
673,678
673,686
674,685
675,731
676,687
676,688
676,689
676,690
676,691
676,692
676,693
676,694
676,695
677,696
677,697
677,698
677,699
677,700
677,701
677,702
677,703
678,704
679,720
685,705
685,706
687,718
688,720
689,720
689,750
692,730
696,727
699,719
701,728
704,707
704,708
704,709
704,710
704,711
704,712
704,713
704,714
704,715
705,716
706,717
708,727
710,743
710,748
712,728
712,731
714,744
716,721
716,722
716,723
716,724
716,725
716,726
717,726
723,732
724,729
725,747
729,730
729,731
729,732
730,733
731,734
733,735
733,736
733,737
733,738
733,739
733,740
733,741
734,742
734,743
735,744
735,745
735,747
739,744
739,745
739,746
744,750
745,749
746,748

<end>
