<number of tasks>
750

<cycle time>
1000

<order strength>
0.595


<task times>
1 205
2 352
3 232
4 216
5 559
6 151
7 62
8 418
9 145
10 176
11 522
12 338
13 344
14 39
15 532
16 80
17 106
18 262
19 249
20 142
21 118
22 191
23 81
24 88
25 401
26 504
27 496
28 225
29 95
30 257
31 54
32 111
33 527
34 324
35 506
36 288
37 37
38 441
39 256
40 460
41 57
42 123
43 193
44 94
45 594
46 469
47 205
48 99
49 522
50 146
51 202
52 49
53 277
54 204
55 122
56 127
57 431
58 209
59 179
60 194
61 108
62 90
63 98
64 505
65 230
66 198
67 194
68 52
69 176
70 447
71 190
72 363
73 185
74 254
75 366
76 34
77 36
78 31
79 175
80 371
81 448
82 210
83 85
84 285
85 290
86 252
87 88
88 264
89 43
90 308
91 83
92 49
93 150
94 199
95 69
96 468
97 502
98 191
99 62
100 139
101 290
102 449
103 192
104 314
105 68
106 92
107 306
108 163
109 567
110 251
111 220
112 303
113 112
114 103
115 110
116 70
117 351
118 359
119 85
120 209
121 200
122 226
123 472
124 564
125 47
126 221
127 516
128 78
129 52
130 90
131 498
132 468
133 161
134 58
135 85
136 70
137 339
138 307
139 233
140 73
141 62
142 469
143 142
144 90
145 580
146 272
147 136
148 524
149 545
150 539
151 76
152 103
153 110
154 219
155 52
156 272
157 201
158 104
159 99
160 203
161 21
162 50
163 97
164 173
165 111
166 56
167 86
168 438
169 341
170 123
171 192
172 516
173 204
174 82
175 148
176 120
177 352
178 259
179 167
180 173
181 89
182 125
183 391
184 271
185 111
186 47
187 312
188 274
189 475
190 268
191 417
192 69
193 26
194 296
195 85
196 134
197 348
198 382
199 281
200 205
201 143
202 41
203 339
204 528
205 105
206 413
207 229
208 442
209 90
210 150
211 144
212 511
213 347
214 498
215 331
216 495
217 325
218 514
219 259
220 172
221 329
222 193
223 493
224 98
225 321
226 251
227 129
228 185
229 166
230 120
231 301
232 132
233 162
234 302
235 289
236 579
237 23
238 191
239 476
240 64
241 478
242 35
243 54
244 508
245 579
246 119
247 146
248 104
249 486
250 40
251 177
252 107
253 537
254 23
255 181
256 248
257 287
258 368
259 528
260 54
261 216
262 71
263 77
264 120
265 183
266 474
267 169
268 82
269 121
270 44
271 194
272 479
273 123
274 176
275 500
276 47
277 101
278 293
279 135
280 113
281 265
282 165
283 155
284 346
285 331
286 247
287 41
288 352
289 177
290 212
291 348
292 157
293 31
294 143
295 276
296 60
297 461
298 260
299 59
300 126
301 77
302 49
303 135
304 94
305 280
306 459
307 206
308 467
309 183
310 114
311 35
312 194
313 331
314 144
315 39
316 78
317 517
318 326
319 194
320 554
321 173
322 426
323 292
324 55
325 226
326 78
327 213
328 140
329 219
330 382
331 112
332 404
333 111
334 228
335 452
336 21
337 498
338 56
339 148
340 611
341 126
342 222
343 206
344 494
345 26
346 87
347 330
348 183
349 485
350 133
351 153
352 315
353 233
354 39
355 506
356 117
357 481
358 344
359 512
360 200
361 420
362 168
363 99
364 471
365 28
366 252
367 95
368 282
369 445
370 162
371 178
372 67
373 366
374 95
375 211
376 238
377 169
378 252
379 493
380 138
381 28
382 30
383 145
384 203
385 100
386 175
387 88
388 249
389 235
390 165
391 211
392 156
393 298
394 49
395 163
396 109
397 578
398 85
399 27
400 254
401 89
402 129
403 242
404 338
405 78
406 341
407 226
408 30
409 37
410 22
411 345
412 115
413 164
414 198
415 205
416 113
417 62
418 71
419 198
420 508
421 255
422 458
423 111
424 116
425 81
426 38
427 569
428 85
429 82
430 185
431 152
432 117
433 165
434 399
435 463
436 496
437 104
438 56
439 302
440 162
441 462
442 85
443 47
444 461
445 49
446 197
447 326
448 97
449 383
450 148
451 257
452 486
453 79
454 91
455 141
456 209
457 23
458 261
459 514
460 380
461 152
462 184
463 514
464 238
465 42
466 47
467 373
468 52
469 566
470 240
471 79
472 456
473 198
474 31
475 124
476 128
477 177
478 131
479 247
480 103
481 231
482 409
483 211
484 80
485 118
486 428
487 269
488 428
489 327
490 74
491 144
492 23
493 149
494 156
495 225
496 246
497 177
498 33
499 53
500 179
501 21
502 208
503 87
504 223
505 188
506 53
507 194
508 68
509 79
510 59
511 191
512 498
513 274
514 433
515 551
516 127
517 341
518 34
519 408
520 222
521 94
522 342
523 219
524 88
525 155
526 175
527 462
528 137
529 250
530 48
531 592
532 463
533 278
534 80
535 192
536 80
537 238
538 92
539 327
540 71
541 418
542 213
543 185
544 109
545 96
546 31
547 281
548 122
549 457
550 304
551 28
552 182
553 292
554 218
555 523
556 143
557 130
558 36
559 134
560 190
561 222
562 112
563 170
564 161
565 144
566 402
567 198
568 104
569 212
570 77
571 118
572 151
573 62
574 207
575 347
576 102
577 210
578 66
579 407
580 324
581 193
582 456
583 298
584 515
585 43
586 123
587 175
588 52
589 73
590 495
591 465
592 55
593 95
594 149
595 90
596 172
597 192
598 211
599 44
600 316
601 99
602 555
603 238
604 552
605 210
606 33
607 277
608 326
609 165
610 531
611 443
612 389
613 130
614 144
615 60
616 370
617 233
618 246
619 511
620 246
621 224
622 520
623 515
624 182
625 70
626 482
627 262
628 317
629 190
630 176
631 449
632 61
633 21
634 487
635 75
636 154
637 293
638 54
639 488
640 30
641 88
642 516
643 232
644 155
645 423
646 109
647 122
648 443
649 97
650 267
651 153
652 477
653 229
654 241
655 282
656 445
657 149
658 88
659 463
660 309
661 573
662 544
663 304
664 83
665 474
666 171
667 209
668 119
669 71
670 446
671 444
672 99
673 112
674 154
675 240
676 148
677 482
678 107
679 156
680 548
681 183
682 94
683 126
684 174
685 182
686 479
687 252
688 457
689 101
690 88
691 238
692 24
693 62
694 330
695 119
696 98
697 355
698 35
699 407
700 29
701 470
702 228
703 454
704 589
705 94
706 476
707 514
708 173
709 140
710 102
711 304
712 151
713 77
714 299
715 158
716 212
717 207
718 249
719 218
720 620
721 263
722 133
723 206
724 70
725 195
726 128
727 274
728 258
729 84
730 61
731 302
732 75
733 223
734 456
735 322
736 55
737 247
738 169
739 86
740 364
741 36
742 77
743 494
744 152
745 469
746 42
747 340
748 159
749 207
750 58

<precedence relations>
1,12
2,11
2,13
2,19
2,103
3,17
3,103
4,44
5,15
6,14
6,15
6,16
6,17
6,19
7,14
7,15
7,18
7,20
8,222
9,296
10,27
11,21
12,23
13,22
14,24
14,25
14,26
14,36
15,25
15,27
15,28
15,103
16,25
16,26
16,27
16,29
16,103
17,25
18,29
18,36
19,164
20,25
21,34
22,30
23,31
24,32
25,33
25,34
25,35
25,37
26,306
27,36
27,38
28,34
28,35
28,36
28,37
29,34
29,35
30,41
31,39
32,43
33,42
34,225
34,257
35,40
35,43
35,44
36,47
36,48
37,225
38,45
38,46
38,55
38,104
39,49
40,50
41,51
42,52
43,51
43,52
43,53
43,54
43,55
44,51
44,52
44,53
44,54
44,55
45,173
45,224
46,54
46,56
47,51
47,52
47,53
48,94
48,201
48,242
49,58
50,59
51,57
51,60
51,61
51,64
52,94
52,377
52,400
53,62
53,63
54,60
55,65
56,61
57,66
58,69
59,70
60,67
60,68
61,71
61,72
61,73
62,71
63,72
63,139
63,153
64,71
64,72
65,71
65,73
66,74
67,75
68,76
69,77
70,79
71,78
71,80
71,81
71,82
71,84
72,80
73,80
73,83
74,85
75,93
76,89
77,87
78,88
79,91
80,86
80,128
81,90
81,92
82,94
82,117
83,92
83,93
83,95
83,96
84,206
84,490
85,98
86,99
87,103
88,102
89,100
90,101
91,104
92,97
92,107
92,118
93,105
93,139
94,639
95,106
95,259
95,294
96,114
96,137
97,108
98,112
99,109
100,110
101,112
102,111
103,123
104,112
104,190
105,180
105,216
106,113
106,179
106,181
106,206
107,112
107,114
108,116
109,116
110,115
111,118
112,127
113,116
113,203
114,116
114,117
114,119
114,120
115,124
116,122
116,248
117,121
117,122
117,125
117,127
117,128
118,126
119,122
119,123
119,124
120,122
120,123
121,131
122,129
122,132
122,133
123,130
123,135
123,139
123,140
124,189
125,134
125,135
126,137
127,135
127,136
127,138
128,135
128,215
129,141
130,142
131,143
132,144
133,145
134,146
135,147
135,148
135,149
135,307
136,147
136,200
136,202
137,153
137,203
138,147
138,148
138,150
139,147
139,152
140,147
140,148
140,149
140,151
141,154
142,157
143,159
144,158
145,160
146,160
147,155
147,162
147,309
147,315
148,156
148,162
148,181
149,567
150,163
151,161
151,225
152,164
152,315
153,165
153,234
154,166
155,167
156,168
157,169
158,170
159,171
160,625
161,174
161,246
162,175
163,172
164,173
165,172
166,178
167,179
168,176
169,181
170,178
171,184
172,177
172,178
172,179
172,183
172,187
173,178
173,186
173,190
174,178
174,180
174,182
175,185
175,188
175,189
175,191
176,198
177,193
178,194
178,197
179,205
179,365
180,192
180,462
180,548
181,358
181,548
182,195
182,197
182,200
183,196
183,654
183,661
184,199
184,202
184,413
185,638
186,287
187,204
187,206
187,207
187,315
188,389
188,449
189,203
189,226
190,197
190,201
191,207
191,343
192,210
193,208
194,211
195,212
196,213
197,209
197,390
198,216
199,602
201,215
202,273
202,310
203,214
203,240
204,214
204,215
205,261
205,306
205,487
205,552
206,378
206,410
207,312
207,357
208,218
209,219
210,217
211,221
212,220
213,223
214,222
214,224
215,222
215,223
215,225
216,226
216,315
217,227
218,228
219,231
220,232
221,230
222,229
222,231
222,232
222,233
223,312
223,502
223,565
224,487
224,557
225,233
226,231
226,234
226,310
227,235
228,238
229,236
230,237
231,238
231,239
231,241
232,244
232,247
232,248
233,243
233,245
234,239
234,240
234,242
234,246
234,381
235,249
236,252
237,256
238,255
238,261
238,273
238,276
239,250
239,308
239,400
239,435
240,251
240,257
240,273
241,253
241,258
241,353
241,378
242,254
242,257
242,259
242,470
243,284
244,286
245,260
245,370
246,257
246,314
246,548
247,257
247,258
247,261
247,357
247,381
247,420
248,262
248,431
249,268
250,264
251,265
252,266
253,267
254,269
255,271
256,272
257,263
257,358
257,397
258,270
258,276
259,274
259,297
260,273
260,275
260,413
261,665
261,738
262,327
262,555
262,556
263,277
264,278
265,280
266,283
267,284
268,279
269,281
270,282
271,285
272,286
273,283
273,284
273,414
274,312
274,367
274,683
275,308
276,287
276,432
277,288
278,290
279,294
280,289
281,291
282,291
283,295
283,329
284,291
284,292
284,515
285,471
286,293
286,371
287,296
287,297
288,299
289,298
290,304
291,300
291,482
291,521
291,613
292,301
293,302
293,305
293,310
294,307
294,309
294,314
294,315
294,341
295,303
295,313
296,306
296,312
296,542
297,305
297,308
297,311
298,316
299,319
300,320
301,322
302,323
303,324
304,326
305,317
305,330
306,318
306,510
307,321
307,573
308,325
308,548
309,711
310,327
310,328
310,331
310,515
311,566
312,518
315,329
315,655
316,340
317,332
318,333
319,334
320,336
321,335
322,342
323,339
324,340
325,337
326,338
327,341
328,343
328,548
331,344
331,517
331,736
332,345
333,352
334,346
335,348
336,349
337,350
338,353
339,351
340,354
340,356
340,359
340,360
340,421
341,347
342,355
342,357
342,548
343,358
344,601
345,361
346,366
347,362
348,363
349,367
350,364
351,368
352,480
354,745
355,554
356,365
356,369
356,422
356,516
357,371
357,380
357,468
358,370
359,471
360,399
360,515
360,520
361,373
362,375
363,374
364,377
365,372
366,376
368,381
368,746
369,679
369,747
370,378
370,379
370,380
371,450
372,382
373,386
374,385
375,384
376,383
376,433
377,389
378,388
379,390
379,414
380,387
381,709
382,392
383,391
384,395
385,394
386,398
386,402
386,415
387,393
387,400
387,540
388,396
388,401
388,501
388,555
389,397
389,399
390,695
391,404
392,403
393,405
394,407
395,409
396,406
396,487
397,408
397,448
397,508
398,410
398,411
398,412
399,415
399,498
400,519
401,411
401,510
402,413
402,414
403,420
404,416
405,417
406,418
407,420
408,419
409,420
410,550
412,422
413,488
413,542
414,421
414,535
415,450
416,423
417,424
418,429
419,426
420,425
420,428
420,430
420,432
420,434
420,522
421,427
421,435
421,520
422,431
422,433
423,436
424,437
425,438
426,439
427,442
428,444
429,440
430,447
431,441
431,446
431,466
432,443
432,467
432,634
433,445
433,448
433,449
435,450
436,458
437,459
438,451
439,459
440,452
441,453
442,459
443,454
444,455
445,456
446,457
447,459
448,460
448,461
448,473
449,531
449,743
450,462
451,466
452,463
453,467
454,468
455,470
456,471
457,465
458,464
459,623
459,651
460,469
461,475
461,481
462,466
462,472
462,473
462,474
462,539
462,622
463,477
464,479
465,478
466,501
468,490
468,508
468,517
468,654
469,476
469,481
469,564
470,533
471,482
472,666
473,479
474,480
476,484
477,483
478,485
479,490
479,588
480,486
480,489
481,487
481,488
481,489
481,528
482,491
482,510
483,493
484,495
485,492
485,500
486,494
486,497
486,554
487,496
487,498
488,680
488,712
489,501
489,503
489,636
490,497
490,499
490,502
491,564
492,504
493,508
494,505
495,506
496,507
499,572
500,709
501,557
501,565
501,576
501,661
502,510
502,511
503,509
504,515
505,516
506,517
507,512
508,513
508,520
509,514
509,521
509,522
509,705
510,523
510,553
511,518
511,519
512,524
513,526
514,527
515,525
516,532
516,634
517,535
518,528
519,530
519,531
520,529
520,533
521,534
521,549
522,540
522,586
522,672
522,686
522,711
523,529
523,532
523,684
523,728
524,537
525,538
526,539
527,541
528,536
528,635
529,540
529,685
530,542
532,624
533,602
534,543
534,585
536,544
537,546
538,548
539,545
540,547
540,550
540,551
540,554
540,587
541,549
541,555
541,556
542,552
542,557
542,679
543,553
544,558
545,559
546,560
547,561
548,666
549,562
550,612
550,742
551,567
551,649
551,650
552,564
553,566
553,574
555,563
555,565
555,577
557,741
558,569
559,571
560,568
561,572
562,570
563,573
564,576
564,577
564,736
565,574
565,575
566,649
567,665
567,714
567,742
567,745
568,578
569,583
570,579
571,580
571,581
571,623
571,664
572,712
573,582
573,586
573,587
573,614
574,584
575,588
575,655
576,585
576,635
578,591
579,592
580,594
581,595
582,596
583,597
584,589
584,590
584,593
584,601
584,602
585,600
586,598
588,599
589,603
590,604
591,605
592,606
593,607
594,608
595,610
596,609
597,610
598,612
599,613
600,611
601,614
602,696
603,620
604,621
605,622
606,615
607,624
608,617
609,619
610,616
610,625
611,618
611,623
613,626
614,626
615,634
616,631
617,628
618,632
619,630
620,635
620,640
622,636
623,627
623,637
624,639
625,629
625,636
626,633
626,638
627,641
628,644
629,645
630,646
631,642
632,647
633,648
634,643
634,654
635,713
636,649
636,695
638,650
638,651
640,652
640,653
640,655
640,726
641,656
642,657
643,658
644,660
645,659
646,661
647,660
648,660
649,665
650,683
651,662
651,664
651,666
652,735
653,663
654,679
655,680
656,667
657,669
658,668
659,670
660,672
662,671
664,748
666,673
666,674
667,676
668,677
669,675
670,679
671,678
672,680
672,690
673,683
673,684
673,685
674,681
674,682
674,686
675,687
676,689
677,688
678,692
679,695
679,713
680,693
681,691
682,690
682,696
684,694
685,695
685,739
685,749
686,691
686,697
687,705
688,699
689,702
690,698
690,700
690,703
690,704
690,712
690,728
691,701
691,708
691,714
691,738
693,707
693,710
693,713
693,725
694,706
695,711
697,709
698,715
699,716
700,717
701,719
702,725
703,723
704,724
705,721
705,749
706,718
707,720
708,722
708,727
710,749
711,726
712,727
713,728
715,735
716,736
717,729
718,730
719,735
720,731
721,732
722,733
723,734
724,735
725,741
727,737
727,740
728,738
728,739
728,742
728,743
729,745
730,745
731,745
732,744
733,745
734,746
735,747
738,748
738,749
740,750
741,747

<end>
