<number of tasks>
750

<cycle time>
1000

<order strength>
0.328


<task times>
1 186
2 190
3 280
4 260
5 390
6 186
7 201
8 132
9 95
10 53
11 21
12 188
13 190
14 79
15 45
16 135
17 160
18 115
19 187
20 121
21 38
22 79
23 76
24 69
25 222
26 179
27 235
28 253
29 207
30 165
31 87
32 131
33 86
34 184
35 243
36 98
37 184
38 158
39 173
40 127
41 150
42 66
43 234
44 178
45 27
46 131
47 89
48 62
49 89
50 117
51 58
52 34
53 272
54 73
55 82
56 118
57 21
58 166
59 24
60 154
61 91
62 48
63 81
64 215
65 197
66 117
67 73
68 172
69 92
70 222
71 61
72 293
73 224
74 291
75 275
76 308
77 302
78 75
79 190
80 188
81 167
82 153
83 73
84 271
85 27
86 200
87 63
88 247
89 97
90 252
91 48
92 327
93 189
94 71
95 99
96 70
97 175
98 53
99 118
100 52
101 292
102 188
103 76
104 46
105 356
106 114
107 108
108 185
109 168
110 98
111 259
112 130
113 255
114 202
115 63
116 54
117 86
118 59
119 138
120 99
121 178
122 254
123 157
124 53
125 316
126 268
127 106
128 188
129 45
130 42
131 113
132 84
133 379
134 139
135 232
136 44
137 149
138 216
139 142
140 77
141 117
142 69
143 94
144 186
145 359
146 151
147 91
148 70
149 141
150 73
151 196
152 238
153 130
154 104
155 104
156 106
157 200
158 135
159 82
160 87
161 150
162 92
163 128
164 243
165 152
166 175
167 206
168 117
169 144
170 70
171 99
172 115
173 159
174 22
175 193
176 135
177 255
178 139
179 162
180 63
181 109
182 431
183 197
184 60
185 143
186 190
187 165
188 35
189 91
190 116
191 142
192 131
193 107
194 129
195 142
196 106
197 143
198 68
199 267
200 176
201 66
202 155
203 225
204 30
205 232
206 167
207 297
208 100
209 135
210 208
211 220
212 122
213 69
214 63
215 71
216 69
217 139
218 172
219 188
220 206
221 139
222 225
223 85
224 225
225 121
226 456
227 174
228 187
229 205
230 98
231 53
232 163
233 86
234 108
235 114
236 53
237 37
238 113
239 95
240 110
241 178
242 66
243 177
244 116
245 259
246 247
247 70
248 163
249 169
250 194
251 181
252 57
253 206
254 28
255 145
256 108
257 88
258 145
259 100
260 210
261 215
262 128
263 184
264 215
265 73
266 87
267 154
268 488
269 217
270 252
271 252
272 150
273 147
274 111
275 56
276 196
277 58
278 119
279 106
280 163
281 131
282 229
283 287
284 32
285 177
286 191
287 182
288 125
289 168
290 173
291 40
292 111
293 77
294 181
295 208
296 345
297 124
298 140
299 81
300 265
301 136
302 113
303 171
304 218
305 211
306 179
307 210
308 65
309 143
310 21
311 61
312 56
313 38
314 82
315 226
316 238
317 227
318 42
319 92
320 172
321 61
322 151
323 194
324 297
325 142
326 75
327 249
328 207
329 156
330 184
331 254
332 179
333 176
334 71
335 91
336 143
337 228
338 92
339 27
340 155
341 263
342 216
343 61
344 298
345 66
346 112
347 311
348 107
349 223
350 133
351 218
352 166
353 150
354 139
355 211
356 148
357 68
358 164
359 150
360 75
361 48
362 258
363 50
364 149
365 166
366 84
367 74
368 90
369 131
370 99
371 127
372 236
373 127
374 244
375 50
376 166
377 37
378 32
379 294
380 94
381 192
382 153
383 144
384 280
385 118
386 98
387 166
388 186
389 145
390 34
391 368
392 245
393 110
394 320
395 27
396 102
397 266
398 98
399 148
400 82
401 170
402 151
403 58
404 71
405 47
406 209
407 209
408 101
409 70
410 74
411 184
412 274
413 52
414 209
415 124
416 122
417 65
418 236
419 79
420 102
421 38
422 155
423 225
424 174
425 83
426 353
427 92
428 166
429 56
430 201
431 26
432 197
433 62
434 251
435 176
436 58
437 65
438 218
439 150
440 34
441 52
442 165
443 103
444 23
445 21
446 93
447 52
448 122
449 137
450 44
451 150
452 96
453 290
454 57
455 193
456 165
457 79
458 39
459 79
460 247
461 43
462 180
463 38
464 100
465 216
466 139
467 52
468 41
469 122
470 55
471 269
472 51
473 177
474 23
475 152
476 21
477 118
478 57
479 447
480 218
481 119
482 98
483 37
484 31
485 111
486 129
487 91
488 237
489 37
490 247
491 297
492 111
493 124
494 226
495 92
496 199
497 37
498 204
499 42
500 80
501 41
502 61
503 68
504 43
505 170
506 81
507 107
508 295
509 81
510 97
511 162
512 237
513 124
514 195
515 168
516 129
517 251
518 34
519 28
520 172
521 246
522 203
523 231
524 95
525 245
526 31
527 188
528 220
529 98
530 45
531 30
532 223
533 202
534 160
535 90
536 268
537 51
538 179
539 86
540 150
541 26
542 121
543 40
544 152
545 118
546 85
547 140
548 170
549 91
550 32
551 144
552 220
553 182
554 78
555 41
556 43
557 179
558 94
559 247
560 148
561 169
562 134
563 69
564 81
565 205
566 34
567 249
568 111
569 106
570 122
571 264
572 234
573 142
574 270
575 327
576 166
577 198
578 141
579 240
580 287
581 111
582 180
583 27
584 65
585 72
586 83
587 221
588 43
589 38
590 131
591 83
592 91
593 80
594 50
595 39
596 211
597 78
598 99
599 130
600 204
601 229
602 43
603 161
604 193
605 72
606 37
607 259
608 169
609 92
610 48
611 157
612 195
613 152
614 152
615 167
616 190
617 280
618 230
619 101
620 93
621 83
622 95
623 72
624 104
625 120
626 153
627 30
628 270
629 348
630 51
631 173
632 77
633 46
634 142
635 84
636 27
637 168
638 197
639 295
640 74
641 177
642 186
643 162
644 23
645 160
646 118
647 177
648 32
649 202
650 182
651 131
652 48
653 104
654 46
655 54
656 246
657 86
658 249
659 79
660 220
661 36
662 189
663 113
664 207
665 148
666 77
667 42
668 107
669 202
670 29
671 80
672 57
673 124
674 161
675 294
676 92
677 117
678 68
679 122
680 160
681 163
682 223
683 223
684 154
685 437
686 26
687 119
688 81
689 53
690 104
691 201
692 91
693 87
694 145
695 221
696 72
697 67
698 28
699 168
700 49
701 250
702 323
703 138
704 120
705 140
706 157
707 36
708 71
709 71
710 110
711 94
712 149
713 165
714 341
715 128
716 101
717 91
718 232
719 60
720 231
721 182
722 240
723 118
724 182
725 132
726 202
727 46
728 122
729 148
730 31
731 128
732 196
733 127
734 36
735 57
736 251
737 97
738 137
739 129
740 63
741 132
742 161
743 159
744 141
745 78
746 236
747 67
748 144
749 397
750 83

<precedence relations>
1,173
2,586
3,30
4,30
5,30
6,30
7,30
8,201
9,151
10,151
11,151
12,63
13,63
14,63
15,63
16,43
17,44
18,45
19,46
20,36
20,41
20,47
21,25
21,31
21,34
21,37
21,38
21,39
22,35
22,40
22,52
23,26
23,27
23,28
23,33
23,42
23,48
23,49
23,50
24,29
24,32
24,51
25,173
26,173
27,173
28,173
29,693
30,55
30,56
30,57
30,58
30,62
31,201
32,201
33,438
34,364
35,364
36,63
37,63
38,63
39,63
40,63
41,299
42,92
43,70
44,71
45,53
46,53
47,61
47,68
47,72
48,69
48,74
48,76
49,60
49,73
50,54
50,59
50,64
50,75
50,78
51,66
51,67
52,65
52,77
53,173
54,200
55,364
56,353
57,353
58,92
59,201
60,201
61,364
62,364
63,80
63,84
63,85
63,86
63,87
63,88
63,89
63,90
64,353
65,473
66,92
67,92
68,93
69,94
70,91
71,81
72,83
75,79
75,96
78,82
78,95
78,97
79,173
80,294
81,314
82,201
83,151
84,473
85,299
86,114
87,99
87,102
87,105
87,120
88,116
88,117
89,100
90,104
91,299
92,101
92,103
92,106
92,107
92,108
92,109
92,110
92,111
92,112
93,115
94,98
95,113
95,118
97,119
98,173
99,693
100,530
101,201
102,201
103,151
104,151
105,299
106,124
106,129
107,140
108,126
109,136
110,128
111,141
112,123
113,130
114,131
115,132
116,121
116,125
116,138
116,142
117,122
117,133
117,135
119,127
119,137
119,139
120,134
121,173
122,294
123,294
124,201
125,201
126,151
127,151
128,151
129,299
130,153
131,143
132,154
133,155
133,157
136,145
137,149
138,148
138,152
139,146
139,147
139,156
141,144
141,150
143,173
144,173
145,173
146,173
147,314
148,200
149,201
150,437
151,160
151,161
151,162
151,163
151,164
151,165
151,166
151,167
152,353
153,170
154,158
155,169
156,159
157,168
157,171
157,172
158,173
159,294
160,200
161,438
162,176
162,182
162,183
162,186
163,185
165,175
165,178
165,189
166,187
166,188
167,180
167,181
167,184
168,353
169,174
170,190
172,177
172,179
173,191
173,192
173,193
173,194
173,195
173,196
173,197
173,198
174,530
175,200
176,201
177,201
178,201
179,201
180,353
181,473
182,473
183,205
184,204
185,199
185,206
185,207
186,202
188,203
188,208
188,209
188,210
188,211
191,530
192,314
193,364
194,364
195,353
196,229
196,230
198,212
198,213
199,314
200,215
200,216
200,217
200,218
200,219
200,234
201,220
201,221
201,222
201,223
201,224
202,364
203,299
204,225
205,227
206,228
207,226
207,231
208,232
209,233
211,214
212,294
213,314
214,314
215,437
216,438
217,242
217,245
218,248
219,237
219,251
220,246
221,236
221,243
223,253
223,254
224,247
225,238
226,239
227,244
228,235
229,240
230,241
231,252
232,249
232,255
233,250
235,294
236,364
237,473
238,265
239,256
240,261
241,259
242,263
243,260
243,266
244,269
244,270
245,262
246,257
246,264
249,268
251,258
254,267
255,271
256,294
257,294
258,718
259,278
260,280
261,284
262,281
263,272
264,282
265,273
265,287
265,288
266,276
266,277
266,285
266,291
267,279
268,275
268,283
268,286
269,290
270,289
271,274
272,294
273,294
274,294
275,364
276,299
277,300
278,292
279,302
280,304
281,292
282,292
283,297
283,298
283,301
284,295
284,305
287,293
287,296
288,308
289,303
289,307
291,306
292,693
293,693
294,309
294,310
294,311
294,312
294,313
294,316
294,329
295,314
296,438
297,364
298,473
299,317
299,318
299,319
299,320
299,321
299,322
299,323
299,324
300,315
301,325
302,327
303,326
303,332
304,330
304,331
305,328
309,437
310,353
311,473
314,334
314,335
314,336
314,337
314,338
314,346
315,438
316,473
318,342
322,343
323,345
324,348
325,333
326,340
327,333
328,341
329,339
329,347
330,344
333,693
334,364
335,353
337,357
338,353
339,355
340,349
341,349
342,354
342,362
343,351
343,356
345,361
346,358
347,350
348,352
348,359
348,360
348,363
349,693
350,530
351,437
352,364
353,365
353,366
353,367
353,368
353,369
353,370
353,371
353,372
353,373
353,374
353,375
353,376
353,377
354,379
355,382
356,380
357,378
357,381
357,383
362,385
362,386
363,384
364,387
364,388
364,389
364,390
364,391
366,401
369,400
369,403
370,404
372,399
373,397
376,392
378,393
379,394
380,398
381,395
383,396
386,402
387,407
387,408
388,415
389,417
391,414
392,473
393,412
394,405
395,405
396,410
397,409
397,416
399,411
400,406
404,413
404,418
405,437
406,437
407,423
408,424
409,426
410,427
411,429
412,428
413,420
413,425
413,431
413,434
415,419
415,432
415,435
416,421
417,430
418,422
418,433
419,693
420,693
421,437
422,438
423,440
424,439
425,442
426,441
427,443
428,444
429,445
430,446
430,447
430,448
432,449
435,436
436,693
437,450
437,451
437,452
437,453
437,454
437,455
437,471
438,456
438,457
438,458
438,459
438,468
438,470
439,460
440,461
441,462
442,463
443,466
444,467
445,464
446,465
447,469
450,473
451,473
452,479
455,480
455,485
457,483
458,481
459,484
460,472
461,474
462,477
463,478
464,472
465,472
466,475
467,476
469,486
471,482
472,586
473,488
473,489
473,490
473,491
473,492
473,493
473,498
473,501
474,497
475,495
476,494
476,496
478,487
482,500
486,499
487,718
489,502
489,512
490,516
492,507
492,509
492,513
493,515
494,503
495,504
496,506
497,514
498,505
498,510
500,508
501,511
502,718
503,517
504,521
505,522
506,524
507,519
507,523
508,520
509,527
511,526
512,528
514,518
515,525
517,530
518,586
519,531
520,532
521,534
522,529
523,533
524,536
525,542
526,535
526,540
526,544
527,539
527,541
527,543
528,537
528,538
529,693
530,546
530,547
530,548
530,549
531,550
532,553
533,551
535,552
536,554
536,555
541,545
542,557
544,556
545,693
546,559
546,564
550,558
551,560
552,561
554,562
554,565
555,563
558,567
559,566
560,567
561,567
562,568
562,569
563,571
563,572
563,573
565,570
566,574
567,578
567,583
568,576
568,577
569,581
570,575
570,580
570,582
573,579
573,584
574,693
575,586
576,589
577,587
577,588
577,591
578,585
580,592
583,593
584,590
584,594
585,693
586,596
586,597
586,598
586,599
586,600
586,601
586,602
586,603
586,604
586,605
586,606
587,607
588,608
589,609
590,595
590,610
590,611
590,616
591,613
592,612
592,614
592,617
593,615
595,693
596,619
596,623
596,624
596,629
600,626
606,628
607,618
608,618
609,620
610,622
611,621
612,625
612,630
614,631
615,627
618,718
619,632
620,633
621,634
622,637
623,636
624,635
625,638
625,640
625,644
627,641
628,643
629,639
631,642
632,646
633,645
634,649
635,648
636,650
637,652
637,655
638,647
639,656
640,653
641,651
643,654
645,657
646,658
647,659
648,661
651,663
651,669
652,660
652,664
652,667
652,668
653,665
654,662
655,666
656,670
657,673
658,671
659,672
660,674
660,679
661,681
662,680
663,675
664,677
668,678
669,676
671,683
672,684
673,682
674,685
675,686
675,687
677,688
677,689
679,691
680,690
680,692
682,693
683,695
684,694
685,696
686,699
687,697
687,703
688,698
688,702
688,704
689,700
690,701
692,705
693,706
693,707
693,708
693,709
693,710
693,711
693,712
693,713
693,714
693,715
693,716
693,717
693,724
693,725
694,718
695,719
696,720
697,721
698,722
699,723
700,726
707,750
718,727
718,728
718,729
718,730
718,731
718,732
718,733
718,734
718,735
718,736
718,737
718,738
718,739
718,740
718,741
718,742
718,743
718,744
718,745
718,746
719,748
720,747
721,749
722,748

<end>
