<number of tasks>
750

<cycle time>
1000

<order strength>
0.195


<task times>
1 191
2 103
3 37
4 120
5 46
6 121
7 95
8 37
9 162
10 32
11 39
12 115
13 98
14 174
15 193
16 69
17 33
18 101
19 96
20 178
21 217
22 40
23 87
24 125
25 104
26 211
27 41
28 62
29 83
30 126
31 62
32 54
33 237
34 172
35 44
36 229
37 44
38 203
39 72
40 215
41 127
42 199
43 256
44 67
45 124
46 49
47 127
48 61
49 40
50 196
51 60
52 53
53 261
54 167
55 132
56 104
57 258
58 200
59 173
60 25
61 134
62 44
63 193
64 144
65 242
66 27
67 48
68 160
69 152
70 78
71 118
72 183
73 26
74 145
75 168
76 191
77 211
78 28
79 159
80 172
81 110
82 104
83 250
84 194
85 184
86 128
87 162
88 186
89 42
90 188
91 67
92 275
93 193
94 25
95 162
96 43
97 126
98 225
99 142
100 220
101 152
102 106
103 182
104 146
105 76
106 183
107 75
108 101
109 261
110 93
111 88
112 167
113 209
114 277
115 121
116 161
117 145
118 177
119 26
120 54
121 170
122 120
123 145
124 117
125 102
126 32
127 145
128 57
129 232
130 37
131 112
132 35
133 31
134 119
135 252
136 379
137 116
138 29
139 84
140 166
141 85
142 110
143 29
144 216
145 250
146 253
147 80
148 182
149 102
150 259
151 130
152 144
153 47
154 22
155 117
156 51
157 29
158 65
159 180
160 106
161 274
162 160
163 181
164 133
165 95
166 52
167 212
168 32
169 64
170 109
171 117
172 79
173 278
174 108
175 314
176 124
177 50
178 74
179 140
180 172
181 71
182 69
183 53
184 61
185 56
186 169
187 85
188 112
189 172
190 123
191 136
192 24
193 149
194 44
195 150
196 51
197 97
198 195
199 78
200 176
201 41
202 140
203 27
204 119
205 137
206 186
207 83
208 297
209 255
210 151
211 267
212 188
213 163
214 109
215 161
216 143
217 103
218 167
219 67
220 98
221 99
222 182
223 103
224 210
225 41
226 179
227 137
228 247
229 23
230 170
231 26
232 152
233 30
234 169
235 194
236 249
237 78
238 79
239 189
240 69
241 155
242 25
243 178
244 168
245 155
246 53
247 54
248 48
249 135
250 141
251 104
252 93
253 48
254 156
255 118
256 77
257 94
258 59
259 88
260 243
261 252
262 137
263 113
264 88
265 363
266 185
267 95
268 154
269 193
270 155
271 220
272 89
273 178
274 211
275 82
276 76
277 81
278 88
279 234
280 73
281 278
282 97
283 90
284 170
285 213
286 313
287 70
288 331
289 26
290 206
291 108
292 119
293 160
294 132
295 47
296 177
297 121
298 96
299 109
300 177
301 104
302 229
303 74
304 175
305 228
306 111
307 197
308 185
309 82
310 79
311 141
312 163
313 224
314 121
315 64
316 36
317 70
318 130
319 88
320 135
321 36
322 110
323 57
324 196
325 86
326 219
327 28
328 200
329 48
330 99
331 73
332 84
333 61
334 133
335 284
336 55
337 29
338 282
339 47
340 214
341 115
342 73
343 77
344 43
345 27
346 125
347 30
348 147
349 88
350 251
351 98
352 70
353 83
354 133
355 48
356 335
357 134
358 110
359 72
360 50
361 117
362 142
363 238
364 206
365 216
366 22
367 37
368 96
369 157
370 150
371 65
372 81
373 21
374 115
375 173
376 47
377 211
378 110
379 79
380 27
381 146
382 68
383 162
384 63
385 63
386 24
387 153
388 78
389 90
390 181
391 160
392 58
393 141
394 119
395 260
396 203
397 195
398 88
399 204
400 226
401 140
402 67
403 101
404 103
405 136
406 106
407 155
408 45
409 165
410 171
411 47
412 138
413 75
414 166
415 25
416 233
417 107
418 65
419 123
420 27
421 185
422 239
423 91
424 120
425 97
426 40
427 115
428 119
429 170
430 103
431 29
432 40
433 140
434 162
435 387
436 107
437 197
438 184
439 126
440 123
441 172
442 38
443 169
444 83
445 150
446 123
447 167
448 233
449 59
450 153
451 241
452 228
453 79
454 237
455 170
456 72
457 163
458 127
459 172
460 54
461 103
462 21
463 185
464 55
465 53
466 210
467 47
468 151
469 21
470 128
471 79
472 192
473 218
474 195
475 74
476 218
477 221
478 200
479 84
480 64
481 87
482 73
483 313
484 176
485 241
486 112
487 75
488 321
489 107
490 293
491 37
492 90
493 314
494 95
495 176
496 258
497 135
498 158
499 119
500 54
501 127
502 113
503 255
504 189
505 135
506 71
507 74
508 228
509 134
510 135
511 77
512 117
513 136
514 131
515 341
516 219
517 50
518 100
519 28
520 276
521 162
522 137
523 206
524 198
525 244
526 63
527 103
528 144
529 277
530 111
531 96
532 248
533 102
534 356
535 24
536 65
537 125
538 87
539 313
540 111
541 133
542 161
543 107
544 207
545 87
546 31
547 65
548 80
549 24
550 217
551 32
552 25
553 57
554 140
555 111
556 134
557 119
558 92
559 39
560 62
561 239
562 152
563 203
564 243
565 44
566 38
567 185
568 156
569 70
570 89
571 239
572 147
573 139
574 114
575 77
576 216
577 131
578 127
579 29
580 119
581 87
582 142
583 31
584 212
585 297
586 137
587 200
588 291
589 85
590 103
591 191
592 130
593 119
594 101
595 61
596 261
597 102
598 64
599 146
600 246
601 165
602 161
603 225
604 236
605 220
606 207
607 182
608 146
609 181
610 63
611 26
612 179
613 121
614 41
615 158
616 165
617 73
618 97
619 118
620 134
621 272
622 165
623 117
624 188
625 104
626 61
627 149
628 281
629 184
630 143
631 51
632 90
633 104
634 110
635 147
636 200
637 216
638 143
639 21
640 65
641 168
642 64
643 169
644 173
645 21
646 126
647 271
648 57
649 76
650 218
651 74
652 172
653 131
654 52
655 46
656 305
657 64
658 112
659 89
660 262
661 215
662 151
663 95
664 63
665 120
666 42
667 161
668 56
669 51
670 218
671 86
672 172
673 170
674 37
675 263
676 186
677 89
678 96
679 195
680 266
681 233
682 136
683 127
684 195
685 180
686 118
687 262
688 68
689 62
690 274
691 39
692 107
693 221
694 67
695 274
696 70
697 193
698 119
699 173
700 44
701 108
702 47
703 198
704 122
705 214
706 135
707 206
708 120
709 45
710 97
711 101
712 152
713 234
714 54
715 241
716 160
717 198
718 70
719 125
720 121
721 206
722 193
723 313
724 84
725 83
726 152
727 103
728 81
729 162
730 164
731 158
732 172
733 248
734 177
735 126
736 132
737 224
738 77
739 244
740 116
741 221
742 69
743 27
744 133
745 24
746 125
747 101
748 124
749 134
750 237

<precedence relations>
2,21
2,27
2,146
3,178
6,31
6,178
7,120
7,170
8,199
9,204
10,19
10,30
11,23
12,24
13,25
13,242
14,28
14,29
15,20
16,22
16,485
16,649
17,26
18,421
18,735
19,175
19,739
20,44
20,156
20,450
21,40
21,45
21,449
21,462
22,34
23,33
23,38
23,73
24,32
24,42
24,200
24,385
25,46
25,410
25,452
25,619
27,37
27,39
27,47
28,41
28,320
28,653
29,43
30,35
30,36
30,48
33,59
33,76
34,50
36,49
36,53
36,55
37,485
38,60
38,527
42,57
42,58
43,51
44,52
44,54
44,216
45,373
46,61
47,729
48,56
49,73
49,74
50,63
51,70
51,241
52,78
52,633
53,65
54,69
54,72
55,67
55,77
56,76
56,132
57,62
57,64
58,66
58,117
58,321
59,68
60,62
60,75
60,522
61,71
61,79
63,82
63,94
63,123
64,83
64,91
65,86
65,470
66,90
67,96
68,85
69,89
69,483
70,81
70,619
71,95
71,329
72,97
72,318
72,377
73,610
73,611
74,93
74,275
75,323
76,84
77,80
77,87
77,92
78,88
79,488
80,106
81,102
81,256
82,101
82,105
82,112
82,118
84,104
86,110
87,115
87,628
88,111
89,113
90,98
90,116
91,103
92,100
92,108
92,109
92,193
93,117
93,119
93,392
94,98
94,492
95,99
95,655
96,114
96,632
97,107
97,120
97,358
98,136
100,121
100,123
101,387
102,228
102,649
103,728
104,122
104,479
106,125
106,212
106,623
107,133
107,135
108,129
108,146
109,369
110,126
110,130
112,128
113,127
113,132
113,411
114,134
114,430
116,137
117,280
117,286
118,131
119,124
119,140
120,261
120,346
121,141
122,149
123,138
123,148
123,502
123,529
124,212
124,517
126,146
126,150
127,143
127,412
128,144
128,145
128,307
128,418
129,147
131,142
132,521
133,227
133,231
135,140
137,139
137,335
138,165
138,166
139,155
139,160
139,164
139,408
140,151
141,595
142,152
142,217
143,158
144,159
144,162
144,481
145,154
145,157
145,387
145,617
146,161
147,163
149,153
149,156
149,167
152,173
152,738
153,171
155,180
155,212
156,168
156,240
159,172
160,170
160,179
160,239
160,386
160,416
161,174
162,169
163,274
163,478
164,175
166,176
166,178
166,556
167,177
168,193
169,185
169,197
169,431
170,188
170,217
171,181
171,191
174,187
174,190
174,430
176,183
177,189
178,696
179,182
179,184
179,186
180,192
180,542
180,617
181,195
181,199
181,200
182,744
183,582
184,603
185,207
185,209
187,196
187,202
187,206
187,210
187,448
189,205
190,211
190,664
191,198
192,194
192,208
193,197
193,201
193,203
193,204
193,552
194,222
194,502
195,214
195,216
195,223
196,215
197,224
197,517
199,332
199,583
200,219
200,221
202,212
202,220
203,228
203,449
203,536
204,218
205,217
205,705
206,226
206,230
207,227
209,225
209,229
210,213
212,240
213,528
214,518
215,462
216,590
218,236
218,238
219,239
219,329
220,233
221,351
221,466
223,231
223,232
228,272
229,234
229,237
229,241
230,235
231,242
231,244
231,251
231,254
232,259
233,248
233,256
233,257
233,260
234,245
234,250
234,252
235,249
236,258
236,409
238,243
238,255
238,631
239,247
239,253
241,246
241,261
241,262
242,266
242,270
242,273
242,277
242,421
244,264
244,276
246,278
246,279
248,265
248,267
249,433
251,268
251,274
251,549
252,269
253,263
254,480
255,275
255,647
256,294
258,271
258,282
258,392
258,534
258,548
259,529
260,272
263,365
263,389
265,295
266,510
267,281
267,286
267,325
268,280
270,285
271,284
271,347
271,637
272,289
272,348
273,288
273,359
274,282
274,287
274,291
274,571
275,283
275,294
275,717
276,292
278,280
278,293
279,290
279,296
280,299
280,310
281,300
284,307
284,311
285,302
285,304
286,301
286,303
286,309
286,389
289,297
289,298
289,336
290,735
292,306
292,530
293,343
294,524
295,308
295,312
296,305
297,316
299,405
301,324
302,365
303,318
304,325
306,313
306,314
306,317
308,322
308,461
309,319
309,320
310,315
310,323
311,321
311,723
313,383
314,330
314,332
314,338
315,328
315,334
316,331
317,566
318,335
318,336
319,327
321,333
321,337
322,329
322,341
322,499
322,555
323,339
323,344
324,340
325,326
326,357
327,564
329,346
329,543
330,348
330,553
331,350
331,351
332,352
333,444
334,347
335,344
335,354
335,355
335,358
335,523
337,342
337,356
338,349
338,526
338,650
339,345
340,427
340,440
340,512
341,343
341,353
341,629
342,381
342,516
343,371
343,641
346,506
346,613
348,360
348,363
348,372
349,364
349,368
349,369
350,366
352,362
352,374
353,361
355,367
355,370
355,373
356,422
357,359
358,365
358,375
359,387
359,389
360,379
360,385
361,377
361,393
363,508
364,378
365,380
367,680
368,386
368,388
368,390
369,384
370,381
370,391
370,394
370,484
371,383
372,382
372,392
372,549
374,439
375,376
376,395
376,397
376,405
378,408
380,403
380,409
380,628
381,412
383,396
383,411
384,406
385,404
386,407
386,417
387,398
388,401
388,410
389,394
389,400
391,672
392,728
393,399
393,402
393,693
394,422
394,426
395,427
396,433
397,416
397,673
397,709
398,417
399,418
400,413
400,415
400,432
401,424
401,425
401,430
401,549
402,420
403,654
404,525
405,428
405,460
406,621
408,421
408,740
409,414
409,419
409,423
409,431
411,429
412,668
413,437
413,440
413,453
414,449
416,699
418,450
421,447
423,441
424,439
426,445
426,451
427,435
427,443
427,452
427,459
428,442
429,438
430,444
430,448
432,446
432,454
433,434
433,436
434,460
435,463
436,457
437,456
437,458
439,470
439,476
440,455
440,468
441,461
441,740
444,680
445,466
447,459
448,460
449,467
452,462
452,465
454,464
454,469
454,699
455,620
456,481
456,482
456,484
458,473
458,628
458,644
460,505
461,476
462,479
462,483
464,474
464,603
465,471
465,475
466,477
466,676
467,478
467,480
467,485
469,472
472,494
472,496
473,492
474,495
474,499
475,485
475,713
476,489
476,503
476,703
477,487
478,502
479,491
480,497
480,500
481,488
481,493
481,501
482,486
482,504
482,538
484,490
484,498
485,509
485,520
486,511
487,516
487,524
488,514
490,513
490,626
492,512
492,518
493,506
494,510
496,671
498,658
499,519
501,505
501,507
501,522
501,523
503,508
503,515
503,521
504,517
505,527
505,532
506,529
506,534
507,535
507,543
508,533
509,525
509,526
509,530
509,542
512,528
512,535
514,701
516,597
517,531
518,642
519,536
519,537
520,538
520,540
520,541
521,639
522,539
526,553
527,547
527,552
530,545
530,555
531,551
533,546
534,550
536,548
537,544
540,556
541,554
542,549
542,551
544,560
544,572
546,562
546,570
546,712
546,736
547,571
548,559
548,564
548,568
549,574
550,706
552,558
552,563
552,566
553,575
554,567
554,573
555,557
555,561
555,569
556,565
557,586
558,584
559,581
559,583
559,588
560,579
562,577
563,607
563,739
564,585
564,635
565,576
566,580
570,582
571,589
574,578
575,587
576,605
578,592
579,606
579,659
580,595
580,603
580,677
581,599
581,604
583,600
584,590
584,593
584,594
585,591
585,598
585,601
586,602
589,596
589,597
589,698
590,612
592,622
594,617
594,619
595,607
595,613
595,618
597,615
598,616
599,610
600,621
601,614
602,620
605,608
605,611
606,609
607,623
608,632
611,638
611,640
612,662
613,625
613,635
613,639
614,626
614,634
614,637
616,628
616,629
616,636
616,643
617,633
618,630
618,631
620,624
622,627
623,645
625,642
627,641
627,643
627,658
629,656
630,644
634,649
634,652
634,654
634,657
634,697
635,646
635,648
638,650
639,643
639,647
639,651
639,653
640,655
640,674
641,712
642,659
642,667
643,666
643,669
643,670
645,673
647,664
651,663
652,672
653,665
654,660
655,661
655,662
656,674
658,668
658,671
659,682
662,676
662,686
664,681
664,697
665,678
665,679
665,688
667,680
667,684
667,743
668,675
669,683
671,687
672,677
672,683
674,685
675,699
675,705
675,711
676,703
676,704
677,689
677,690
677,706
677,710
678,708
679,695
681,700
682,707
683,694
683,696
683,701
684,698
685,745
686,691
686,692
686,709
687,693
688,697
688,702
690,721
690,722
693,723
694,715
694,725
694,731
695,713
696,714
698,712
700,728
702,716
702,727
703,724
703,726
704,717
704,718
704,730
705,719
708,720
710,729
712,745
712,748
713,747
714,743
715,746
716,744
718,739
719,738
720,736
720,742
721,736
723,750
725,732
725,734
729,740
730,735
730,737
730,747
731,733
731,741
731,749

<end>
