<number of tasks>
750

<cycle time>
1000

<order strength>
0.595


<task times>
1 128
2 166
3 27
4 498
5 321
6 119
7 92
8 287
9 117
10 411
11 85
12 63
13 216
14 365
15 315
16 262
17 558
18 48
19 389
20 258
21 58
22 497
23 291
24 460
25 475
26 288
27 418
28 51
29 183
30 217
31 147
32 78
33 239
34 434
35 149
36 99
37 583
38 509
39 216
40 223
41 301
42 21
43 366
44 355
45 68
46 531
47 224
48 338
49 132
50 270
51 233
52 47
53 253
54 107
55 219
56 174
57 400
58 223
59 60
60 85
61 498
62 30
63 122
64 82
65 71
66 362
67 41
68 148
69 123
70 214
71 446
72 157
73 431
74 275
75 612
76 111
77 38
78 56
79 277
80 71
81 199
82 184
83 291
84 191
85 210
86 250
87 497
88 43
89 63
90 37
91 68
92 217
93 54
94 299
95 119
96 54
97 96
98 103
99 62
100 226
101 33
102 150
103 161
104 154
105 78
106 79
107 512
108 278
109 507
110 460
111 221
112 169
113 113
114 79
115 262
116 197
117 45
118 51
119 502
120 213
121 39
122 443
123 178
124 69
125 201
126 20
127 184
128 99
129 46
130 59
131 139
132 226
133 259
134 267
135 222
136 494
137 529
138 445
139 75
140 161
141 376
142 88
143 340
144 214
145 129
146 257
147 59
148 59
149 217
150 536
151 538
152 331
153 149
154 105
155 121
156 312
157 363
158 38
159 71
160 408
161 486
162 490
163 181
164 70
165 133
166 358
167 153
168 293
169 316
170 263
171 217
172 271
173 94
174 38
175 275
176 458
177 327
178 396
179 198
180 267
181 94
182 68
183 120
184 172
185 34
186 100
187 86
188 267
189 92
190 516
191 214
192 90
193 219
194 149
195 118
196 347
197 251
198 319
199 199
200 163
201 115
202 196
203 99
204 131
205 62
206 26
207 45
208 400
209 177
210 65
211 391
212 303
213 124
214 46
215 203
216 52
217 477
218 41
219 454
220 84
221 412
222 216
223 62
224 51
225 152
226 195
227 44
228 165
229 266
230 366
231 20
232 493
233 245
234 88
235 172
236 114
237 114
238 225
239 110
240 111
241 423
242 194
243 93
244 180
245 184
246 54
247 31
248 245
249 517
250 304
251 59
252 54
253 224
254 201
255 53
256 545
257 467
258 147
259 47
260 116
261 304
262 181
263 42
264 181
265 311
266 89
267 194
268 203
269 188
270 80
271 32
272 198
273 149
274 103
275 426
276 230
277 161
278 161
279 49
280 267
281 106
282 259
283 219
284 518
285 101
286 229
287 496
288 34
289 289
290 53
291 422
292 457
293 133
294 553
295 155
296 229
297 580
298 330
299 448
300 96
301 134
302 137
303 495
304 100
305 40
306 121
307 167
308 85
309 234
310 247
311 68
312 333
313 29
314 74
315 178
316 127
317 104
318 313
319 79
320 176
321 191
322 280
323 585
324 544
325 167
326 126
327 463
328 63
329 86
330 95
331 76
332 33
333 488
334 529
335 80
336 87
337 108
338 362
339 439
340 521
341 223
342 114
343 523
344 117
345 477
346 512
347 109
348 31
349 220
350 65
351 142
352 109
353 174
354 216
355 517
356 290
357 80
358 168
359 161
360 185
361 83
362 267
363 481
364 70
365 138
366 69
367 180
368 103
369 270
370 116
371 269
372 294
373 136
374 187
375 323
376 161
377 132
378 235
379 592
380 29
381 32
382 123
383 254
384 158
385 127
386 158
387 90
388 104
389 21
390 64
391 280
392 195
393 87
394 139
395 184
396 426
397 471
398 90
399 137
400 578
401 204
402 59
403 139
404 199
405 292
406 116
407 172
408 268
409 132
410 497
411 210
412 452
413 131
414 60
415 172
416 417
417 327
418 482
419 270
420 485
421 77
422 169
423 495
424 162
425 383
426 92
427 90
428 44
429 465
430 129
431 95
432 508
433 92
434 251
435 474
436 251
437 35
438 75
439 63
440 219
441 77
442 136
443 104
444 378
445 121
446 136
447 519
448 309
449 100
450 97
451 188
452 68
453 91
454 501
455 207
456 62
457 167
458 156
459 214
460 242
461 291
462 400
463 42
464 298
465 58
466 507
467 208
468 219
469 430
470 96
471 320
472 183
473 206
474 541
475 465
476 312
477 33
478 511
479 157
480 160
481 152
482 536
483 526
484 341
485 458
486 235
487 432
488 73
489 175
490 500
491 81
492 268
493 213
494 163
495 510
496 81
497 172
498 38
499 110
500 60
501 267
502 64
503 115
504 150
505 293
506 60
507 499
508 525
509 194
510 90
511 129
512 106
513 92
514 202
515 627
516 114
517 254
518 130
519 489
520 54
521 102
522 282
523 497
524 153
525 62
526 365
527 141
528 157
529 545
530 173
531 116
532 158
533 471
534 345
535 260
536 123
537 80
538 191
539 184
540 67
541 60
542 182
543 374
544 485
545 109
546 163
547 106
548 176
549 75
550 192
551 68
552 353
553 122
554 504
555 526
556 193
557 116
558 121
559 54
560 459
561 101
562 189
563 123
564 72
565 229
566 461
567 92
568 166
569 238
570 160
571 95
572 71
573 210
574 304
575 285
576 557
577 167
578 116
579 100
580 128
581 250
582 84
583 312
584 41
585 99
586 144
587 168
588 97
589 31
590 229
591 498
592 195
593 131
594 530
595 294
596 81
597 245
598 322
599 490
600 65
601 121
602 256
603 322
604 580
605 247
606 251
607 117
608 339
609 209
610 102
611 42
612 30
613 124
614 48
615 220
616 60
617 478
618 471
619 108
620 549
621 419
622 375
623 224
624 213
625 472
626 268
627 211
628 78
629 46
630 450
631 75
632 445
633 26
634 161
635 139
636 401
637 99
638 216
639 91
640 187
641 282
642 25
643 468
644 557
645 121
646 163
647 58
648 158
649 125
650 479
651 164
652 103
653 185
654 251
655 559
656 189
657 161
658 207
659 60
660 167
661 369
662 48
663 395
664 80
665 431
666 197
667 220
668 223
669 239
670 251
671 98
672 158
673 503
674 24
675 511
676 567
677 286
678 23
679 469
680 143
681 33
682 204
683 188
684 150
685 141
686 373
687 61
688 350
689 173
690 459
691 103
692 274
693 180
694 513
695 82
696 35
697 399
698 42
699 132
700 544
701 211
702 68
703 488
704 566
705 206
706 185
707 310
708 489
709 156
710 481
711 224
712 223
713 142
714 173
715 113
716 133
717 590
718 497
719 302
720 301
721 79
722 44
723 541
724 180
725 207
726 115
727 483
728 112
729 333
730 286
731 147
732 128
733 23
734 42
735 51
736 260
737 424
738 274
739 447
740 83
741 569
742 179
743 50
744 219
745 137
746 476
747 135
748 147
749 164
750 47

<precedence relations>
1,161
2,18
3,18
4,18
5,18
6,569
7,98
8,98
9,121
10,121
11,138
12,697
13,182
14,17
14,19
14,20
14,21
14,25
14,83
15,16
15,22
15,23
15,24
15,26
15,27
15,28
15,29
15,30
15,31
15,42
15,46
16,241
17,161
18,32
18,33
18,34
18,35
18,36
18,37
18,38
18,39
18,42
18,45
18,46
18,47
19,336
20,740
21,580
22,98
23,98
24,98
25,98
26,281
27,636
28,182
29,182
30,38
30,41
30,44
30,74
30,182
31,40
31,43
32,241
33,596
34,98
35,281
36,138
37,50
37,56
37,57
37,58
38,262
39,98
40,98
41,281
42,121
43,426
44,493
45,48
45,51
45,284
46,54
46,55
46,59
46,60
47,49
47,52
47,53
48,161
49,336
50,692
51,426
52,190
53,190
54,61
54,69
54,85
54,87
55,61
55,67
56,63
56,66
56,143
57,65
57,72
57,130
58,64
58,86
58,123
59,61
59,62
59,71
60,62
60,68
60,70
60,73
60,144
61,241
62,241
63,336
64,372
65,262
66,98
67,98
68,436
69,138
70,190
71,78
71,80
71,83
71,85
71,86
72,74
72,75
72,77
72,84
72,88
73,76
73,79
73,81
73,82
73,109
73,114
73,142
73,147
74,262
75,98
76,281
77,121
78,636
79,636
80,138
81,154
82,154
83,182
84,182
85,88
85,89
85,91
85,96
86,87
86,90
86,92
86,93
86,94
86,95
87,161
88,218
89,580
90,580
91,98
92,98
93,500
94,426
95,97
95,99
95,100
95,102
95,103
95,104
95,107
96,101
96,105
96,106
96,121
97,218
98,110
98,112
98,115
98,116
98,117
98,118
98,119
98,120
98,124
99,121
100,295
101,138
102,138
103,138
104,182
105,182
106,109
106,111
106,113
106,122
106,123
106,138
107,108
107,109
107,114
107,122
107,125
107,126
108,241
109,241
110,161
111,218
112,580
113,580
114,580
115,500
116,138
117,154
118,546
119,474
119,484
120,129
120,140
121,131
121,132
121,133
121,134
121,135
121,136
121,137
122,190
123,182
124,127
124,129
124,240
125,130
125,268
125,343
126,128
126,139
126,182
127,161
128,218
129,371
130,281
131,154
132,157
132,219
132,249
133,158
133,164
133,220
133,227
133,246
133,249
134,141
134,142
134,145
134,148
134,160
134,183
134,207
135,141
135,156
135,172
135,174
136,141
136,146
136,322
137,143
137,190
138,144
138,149
138,150
138,151
138,152
138,153
138,155
138,159
139,697
140,141
140,147
140,187
140,207
140,248
141,241
142,161
143,161
144,161
145,652
146,625
147,625
148,456
149,161
150,161
150,163
151,172
151,206
151,221
152,161
152,162
152,163
153,164
153,269
154,162
154,165
154,166
154,167
154,168
154,169
154,170
155,172
156,161
156,162
156,163
156,164
156,173
157,174
157,244
158,311
158,325
158,332
158,335
159,171
159,333
159,343
160,161
160,245
161,176
161,177
161,178
161,179
161,180
162,652
163,262
164,262
165,182
166,182
167,175
167,181
168,183
169,175
169,181
169,182
169,184
170,245
171,545
172,175
172,181
172,185
172,188
172,222
173,175
173,181
173,182
173,183
173,184
174,616
175,400
176,596
177,456
178,187
178,188
178,322
179,186
179,188
179,203
179,370
180,224
180,295
180,297
180,298
181,190
182,191
182,192
182,193
182,194
182,195
182,196
182,197
182,198
182,199
182,200
182,201
182,202
183,215
184,186
184,187
184,189
184,190
184,204
185,208
185,265
186,400
187,371
188,372
189,281
190,205
190,211
190,212
190,213
190,214
190,215
191,209
191,210
191,236
192,205
192,206
192,250
192,369
193,208
194,250
194,397
194,509
194,584
195,205
195,355
195,371
195,407
196,205
196,207
196,216
196,265
197,264
197,423
198,297
198,320
199,205
199,206
199,354
199,396
200,222
200,294
200,501
201,236
201,323
201,369
201,389
202,215
203,540
203,618
204,396
205,663
206,400
207,218
208,218
209,652
210,372
211,219
211,226
211,288
211,299
212,224
212,229
212,266
213,217
214,225
214,227
214,228
215,220
215,223
216,217
216,221
216,222
216,294
216,330
216,331
216,353
217,400
218,230
218,231
218,232
218,233
218,234
218,236
219,372
220,372
221,596
222,596
223,262
224,281
225,692
226,526
227,647
228,230
228,235
228,237
228,238
228,265
229,239
229,284
230,241
231,580
232,456
233,240
233,241
233,242
233,244
233,245
233,247
233,249
234,240
234,246
234,388
234,524
235,580
236,281
237,268
237,333
238,248
238,251
238,316
239,243
239,250
239,252
239,403
239,498
240,663
241,253
241,254
241,255
241,256
241,257
241,258
241,259
241,260
241,266
241,267
242,371
243,652
244,262
245,262
246,456
247,500
248,500
249,295
250,636
251,261
251,264
252,263
252,265
252,321
253,596
254,625
255,500
256,279
256,287
256,325
256,329
257,280
257,324
257,395
258,269
258,334
258,551
259,278
260,363
260,371
260,396
261,336
262,268
262,270
262,271
262,272
262,273
262,274
262,275
262,276
263,436
264,697
265,427
265,551
265,686
266,268
266,327
266,374
267,277
268,400
269,596
270,281
271,281
272,456
273,500
274,359
274,396
275,281
275,282
275,283
275,284
275,285
275,286
275,287
276,281
276,282
277,692
278,295
279,283
279,397
279,421
280,282
280,287
280,362
280,401
281,289
281,290
281,291
281,292
281,293
281,294
281,296
282,436
283,500
284,295
285,493
286,288
286,297
286,328
286,338
287,298
288,371
289,545
290,299
290,483
290,491
291,410
292,299
292,307
292,479
293,311
294,436
295,299
295,300
295,301
295,302
295,303
295,304
295,305
295,306
295,308
296,309
296,310
297,299
298,310
298,328
299,372
300,426
301,317
302,372
302,408
302,423
302,498
303,542
303,628
304,313
304,376
305,312
305,313
305,315
305,373
305,401
306,312
307,647
308,493
309,312
309,313
309,339
309,399
309,524
309,596
310,314
310,371
310,422
311,312
311,316
311,355
312,580
313,500
314,546
315,323
315,528
316,319
316,320
316,321
316,322
316,328
317,318
317,324
317,325
317,326
317,327
318,652
319,372
320,526
321,329
321,363
322,353
322,434
322,456
322,521
322,522
322,524
323,550
324,477
325,330
325,331
325,333
325,334
326,335
326,352
327,332
327,396
327,398
328,721
328,749
329,663
330,652
331,336
332,456
333,436
334,545
335,337
335,338
335,339
335,340
335,341
335,342
336,343
336,344
336,345
336,346
336,347
336,348
336,349
336,350
336,351
336,352
337,436
338,697
339,647
340,545
341,425
341,435
342,343
342,353
343,400
344,596
345,405
346,357
346,358
347,356
347,361
348,354
348,430
348,583
349,355
349,359
350,354
351,602
351,697
352,366
352,367
352,374
352,472
352,509
353,568
353,703
354,580
355,692
356,546
357,367
357,370
358,362
358,365
358,366
358,369
358,421
359,360
359,361
359,362
359,363
359,364
359,368
360,400
361,371
362,371
363,372
364,526
365,526
366,493
367,373
367,612
367,614
368,376
368,407
369,374
369,377
369,484
370,371
370,375
370,422
371,378
371,379
371,380
371,381
371,382
371,390
372,383
372,384
372,385
372,386
372,387
373,393
373,530
373,625
374,388
374,582
375,388
375,389
375,521
376,388
376,501
376,511
376,530
377,422
377,605
377,627
378,652
379,400
379,424
379,431
380,419
380,431
381,400
382,391
382,392
382,394
383,392
383,398
384,551
385,393
385,410
386,477
386,521
387,395
387,397
388,596
389,396
389,463
390,530
390,540
390,600
391,400
392,596
393,407
393,501
393,581
393,615
393,630
394,403
394,408
394,473
395,399
395,421
395,501
396,399
396,471
396,550
396,568
396,640
397,409
397,462
398,401
398,402
398,404
398,405
398,406
399,663
400,411
400,412
400,413
400,414
400,415
400,416
400,417
400,418
401,652
402,652
403,455
403,626
403,730
404,409
404,721
405,419
405,492
406,419
406,421
406,426
407,422
407,475
407,495
408,410
408,420
408,571
409,663
410,663
411,426
412,498
413,423
414,427
414,428
414,501
415,429
416,430
416,452
417,425
418,663
419,489
420,465
420,477
420,497
421,424
421,431
422,673
422,674
422,702
423,625
424,436
425,500
426,432
426,433
426,437
426,438
426,439
426,440
426,441
426,442
426,443
426,444
426,445
426,446
426,447
426,448
426,449
426,450
426,451
427,697
428,432
428,434
428,452
429,435
430,433
430,453
431,625
432,652
433,652
434,569
435,456
436,457
436,458
436,459
436,460
436,461
436,482
437,547
437,584
439,455
439,463
439,521
440,674
441,455
442,488
443,454
444,701
444,748
445,496
445,611
446,736
447,549
447,635
447,690
447,719
448,510
448,630
449,454
449,616
450,543
450,697
452,489
453,455
453,462
453,675
454,652
455,685
456,466
456,467
456,468
456,469
456,470
456,529
457,464
457,472
457,475
457,522
457,594
458,464
458,473
458,477
459,476
459,500
460,624
460,720
461,474
461,523
461,616
462,465
462,542
462,544
462,598
462,648
462,689
463,471
463,473
463,524
464,580
465,692
466,480
466,482
466,483
466,571
467,478
467,584
467,602
468,478
468,485
468,486
469,479
469,525
470,478
470,614
470,728
471,617
472,540
472,663
473,484
474,739
474,741
475,651
475,702
476,481
476,530
477,488
477,513
477,565
477,615
478,692
479,685
480,725
481,493
482,546
483,486
483,487
483,492
483,496
483,498
484,488
484,490
484,494
484,495
484,497
485,489
485,491
486,663
487,500
488,500
489,526
490,526
491,697
492,647
493,502
493,503
493,504
493,505
493,506
493,507
493,508
495,510
496,499
496,572
496,595
497,499
497,509
498,500
498,501
498,620
499,692
500,514
500,515
500,516
500,517
500,518
500,519
500,520
500,523
501,697
503,511
503,512
503,521
504,513
504,524
504,689
505,612
505,640
507,525
508,551
509,522
510,523
510,566
511,569
512,740
513,625
514,697
515,652
516,724
517,525
518,551
519,528
519,635
520,525
521,526
522,529
523,527
524,595
524,605
525,569
526,531
526,532
526,533
526,534
526,535
526,536
526,537
526,540
527,539
528,530
528,538
528,542
528,621
529,530
529,541
530,725
531,545
532,544
532,550
532,601
533,543
533,582
533,698
534,628
534,690
534,700
535,548
535,614
537,547
537,624
537,686
537,701
538,647
539,546
541,549
541,550
541,596
542,549
542,622
543,740
544,625
545,553
545,554
545,555
545,556
545,557
545,558
545,566
545,567
546,552
546,559
546,560
546,561
546,562
546,563
546,564
547,574
547,650
548,660
548,731
550,551
550,565
550,724
551,569
552,692
553,571
553,595
556,605
557,572
558,622
558,635
558,684
558,689
559,573
559,605
560,650
561,570
562,568
562,703
563,613
564,628
565,616
566,639
567,568
567,635
568,652
569,575
569,576
569,577
569,578
569,579
569,581
569,582
569,583
570,580
571,580
572,584
573,574
573,622
574,663
575,660
575,740
576,672
577,635
577,649
578,616
578,722
580,585
580,586
580,587
580,588
580,589
580,590
580,591
580,592
580,593
581,647
583,595
583,688
584,594
585,623
586,597
586,600
586,629
587,622
588,598
588,648
590,601
590,651
592,700
593,637
593,676
594,596
595,599
595,602
595,603
596,606
596,607
596,608
596,609
596,610
596,613
596,615
597,697
598,605
598,611
598,737
601,628
601,638
602,604
602,612
603,613
603,614
604,663
605,663
606,725
608,617
608,623
609,616
609,621
609,687
609,721
610,620
611,702
612,617
612,619
613,618
614,624
614,737
615,622
616,740
617,625
618,722
619,703
620,629
620,685
621,627
622,626
623,627
623,628
624,699
625,630
625,631
625,632
625,633
625,634
626,636
627,647
628,635
628,639
628,640
628,641
629,637
629,638
630,663
631,692
633,650
633,700
634,673
635,685
636,643
636,644
636,645
636,646
636,649
636,725
637,647
638,663
639,648
639,676
639,684
640,642
641,647
642,652
643,651
645,660
645,661
646,662
646,726
647,653
647,654
647,655
647,656
647,657
647,658
647,659
650,748
651,663
652,664
652,665
652,666
652,667
652,668
652,669
652,670
652,699
654,674
655,672
655,673
657,675
660,676
661,671
663,677
663,678
663,679
663,680
663,681
663,682
663,683
663,690
664,685
665,686
667,684
669,687
669,692
670,688
673,698
675,689
675,749
676,741
679,698
679,700
679,738
681,703
681,738
683,720
683,722
684,692
685,691
685,693
685,694
685,695
685,696
685,701
686,697
687,698
687,701
687,702
690,699
691,740
692,704
692,705
692,706
692,707
692,708
692,709
692,710
692,711
692,712
694,723
695,718
696,728
697,713
697,714
697,715
697,716
697,717
705,723
706,719
706,721
706,722
709,742
710,750
712,748
713,748
716,724
717,728
718,720
719,725
720,727
720,728
720,729
721,730
723,726
724,741
725,732
725,733
725,734
725,735
725,737
727,731
728,741
729,736
729,738
730,739
731,740
734,741
736,740
736,742
740,743
740,744
740,745
740,746
740,747
741,748
741,749
742,750

<end>
