<number of tasks>
750

<cycle time>
1000

<order strength>
0.895


<task times>
1 24
2 159
3 100
4 198
5 199
6 152
7 25
8 319
9 193
10 169
11 301
12 136
13 191
14 487
15 231
16 501
17 197
18 520
19 147
20 341
21 615
22 524
23 208
24 218
25 139
26 338
27 504
28 32
29 51
30 186
31 220
32 116
33 138
34 51
35 164
36 324
37 108
38 50
39 264
40 75
41 49
42 254
43 39
44 268
45 87
46 215
47 198
48 156
49 256
50 195
51 232
52 164
53 242
54 89
55 272
56 43
57 153
58 459
59 192
60 136
61 492
62 352
63 145
64 321
65 60
66 198
67 173
68 164
69 252
70 122
71 116
72 99
73 297
74 122
75 415
76 123
77 465
78 116
79 502
80 205
81 70
82 292
83 136
84 101
85 88
86 120
87 555
88 103
89 502
90 155
91 146
92 278
93 560
94 448
95 242
96 150
97 83
98 107
99 251
100 219
101 107
102 34
103 154
104 537
105 74
106 138
107 151
108 94
109 586
110 540
111 518
112 95
113 322
114 249
115 495
116 60
117 75
118 153
119 285
120 454
121 80
122 61
123 222
124 111
125 506
126 368
127 390
128 331
129 46
130 148
131 183
132 93
133 205
134 205
135 143
136 34
137 116
138 209
139 306
140 33
141 494
142 77
143 274
144 251
145 126
146 149
147 624
148 171
149 124
150 150
151 229
152 258
153 362
154 194
155 165
156 461
157 404
158 193
159 221
160 43
161 203
162 470
163 164
164 357
165 83
166 254
167 347
168 21
169 211
170 224
171 252
172 146
173 565
174 142
175 126
176 274
177 87
178 190
179 264
180 484
181 256
182 482
183 35
184 24
185 202
186 254
187 206
188 53
189 72
190 292
191 181
192 491
193 249
194 70
195 241
196 232
197 529
198 219
199 48
200 127
201 207
202 283
203 210
204 344
205 485
206 157
207 368
208 207
209 157
210 465
211 537
212 143
213 40
214 552
215 292
216 23
217 104
218 168
219 111
220 259
221 82
222 247
223 554
224 291
225 429
226 115
227 388
228 164
229 73
230 287
231 54
232 232
233 241
234 196
235 188
236 325
237 464
238 42
239 80
240 246
241 257
242 277
243 224
244 53
245 191
246 566
247 249
248 192
249 496
250 106
251 58
252 178
253 487
254 120
255 407
256 356
257 121
258 564
259 136
260 507
261 93
262 129
263 326
264 177
265 83
266 126
267 217
268 562
269 101
270 432
271 60
272 104
273 164
274 265
275 238
276 350
277 300
278 510
279 120
280 481
281 240
282 182
283 459
284 30
285 181
286 357
287 21
288 232
289 99
290 527
291 464
292 247
293 260
294 179
295 583
296 72
297 225
298 93
299 217
300 67
301 355
302 413
303 284
304 484
305 139
306 126
307 221
308 29
309 300
310 168
311 68
312 69
313 55
314 502
315 167
316 21
317 51
318 57
319 227
320 528
321 461
322 36
323 59
324 195
325 162
326 52
327 86
328 158
329 467
330 79
331 220
332 306
333 394
334 159
335 564
336 268
337 156
338 105
339 480
340 81
341 562
342 204
343 146
344 449
345 233
346 213
347 208
348 561
349 27
350 174
351 39
352 24
353 81
354 114
355 56
356 164
357 60
358 464
359 74
360 126
361 225
362 294
363 196
364 38
365 266
366 116
367 507
368 489
369 118
370 206
371 59
372 501
373 556
374 464
375 415
376 281
377 39
378 190
379 63
380 160
381 24
382 240
383 373
384 133
385 80
386 129
387 199
388 25
389 266
390 183
391 232
392 452
393 483
394 126
395 617
396 257
397 536
398 315
399 206
400 161
401 362
402 261
403 56
404 279
405 138
406 54
407 49
408 466
409 220
410 216
411 271
412 483
413 186
414 441
415 191
416 55
417 210
418 121
419 23
420 59
421 474
422 282
423 62
424 298
425 48
426 150
427 486
428 69
429 144
430 290
431 68
432 52
433 33
434 503
435 38
436 493
437 119
438 253
439 278
440 125
441 285
442 73
443 159
444 225
445 87
446 105
447 594
448 95
449 117
450 527
451 242
452 146
453 256
454 21
455 158
456 143
457 73
458 24
459 307
460 463
461 266
462 152
463 414
464 158
465 136
466 504
467 145
468 128
469 158
470 181
471 328
472 132
473 101
474 386
475 163
476 92
477 40
478 133
479 243
480 33
481 540
482 74
483 432
484 49
485 254
486 48
487 424
488 97
489 281
490 484
491 97
492 553
493 154
494 472
495 73
496 413
497 280
498 240
499 286
500 411
501 162
502 170
503 87
504 324
505 155
506 170
507 56
508 521
509 163
510 158
511 190
512 138
513 147
514 626
515 325
516 42
517 55
518 83
519 32
520 432
521 75
522 342
523 93
524 458
525 515
526 203
527 33
528 155
529 39
530 170
531 102
532 124
533 68
534 584
535 219
536 84
537 217
538 589
539 149
540 216
541 76
542 468
543 23
544 181
545 376
546 496
547 351
548 125
549 181
550 72
551 75
552 107
553 303
554 38
555 79
556 185
557 319
558 78
559 198
560 214
561 433
562 134
563 274
564 106
565 180
566 145
567 72
568 132
569 32
570 127
571 139
572 188
573 295
574 289
575 157
576 570
577 377
578 121
579 121
580 237
581 205
582 227
583 100
584 37
585 97
586 52
587 346
588 145
589 208
590 107
591 581
592 217
593 69
594 107
595 265
596 93
597 463
598 109
599 65
600 141
601 29
602 240
603 138
604 376
605 547
606 555
607 76
608 68
609 384
610 144
611 138
612 554
613 92
614 214
615 67
616 296
617 294
618 310
619 114
620 39
621 116
622 554
623 519
624 151
625 192
626 36
627 165
628 496
629 479
630 50
631 495
632 112
633 63
634 105
635 504
636 71
637 238
638 193
639 171
640 78
641 238
642 325
643 135
644 173
645 171
646 254
647 82
648 502
649 153
650 372
651 351
652 31
653 57
654 401
655 520
656 315
657 328
658 527
659 516
660 82
661 31
662 115
663 419
664 624
665 246
666 121
667 267
668 135
669 514
670 48
671 469
672 81
673 66
674 225
675 236
676 333
677 180
678 149
679 31
680 424
681 517
682 324
683 246
684 108
685 550
686 357
687 235
688 273
689 435
690 263
691 106
692 115
693 81
694 136
695 237
696 292
697 203
698 193
699 536
700 187
701 115
702 262
703 393
704 32
705 95
706 252
707 352
708 216
709 359
710 383
711 127
712 158
713 460
714 63
715 213
716 217
717 301
718 156
719 21
720 300
721 521
722 138
723 160
724 49
725 198
726 54
727 364
728 118
729 533
730 92
731 412
732 190
733 126
734 124
735 245
736 116
737 223
738 222
739 138
740 536
741 26
742 181
743 71
744 21
745 280
746 113
747 437
748 27
749 242
750 165

<precedence relations>
1,7
1,8
2,6
2,7
2,8
2,9
2,10
2,13
3,11
4,126
5,6
5,7
5,9
5,10
5,12
6,14
6,33
6,35
6,36
7,14
7,15
7,19
7,33
7,35
8,14
8,15
8,16
8,17
8,18
9,16
9,17
10,15
10,33
10,35
11,14
11,15
11,35
12,14
12,20
12,28
13,14
13,15
13,16
13,18
14,22
14,26
14,32
15,21
15,22
15,23
15,24
15,25
15,26
16,21
16,22
16,23
16,24
16,25
16,33
16,35
17,21
17,22
17,23
17,24
18,21
18,22
18,23
18,24
18,25
18,26
18,27
18,28
19,21
19,22
19,23
20,21
20,22
20,23
20,24
20,25
20,33
20,35
21,29
21,30
21,31
21,36
22,29
22,30
22,34
23,29
23,30
24,29
24,31
24,36
25,29
25,30
25,32
25,36
26,29
26,41
27,29
27,30
27,31
27,32
27,33
27,34
27,35
27,36
28,29
28,30
28,31
28,35
29,75
29,146
29,159
30,37
30,38
30,39
30,40
31,37
31,38
31,39
31,40
32,37
32,38
32,39
32,40
33,37
33,38
33,39
33,40
34,37
34,38
34,39
34,40
35,37
35,38
35,39
35,40
36,37
36,38
36,39
36,40
37,41
37,42
37,43
37,44
38,41
39,41
39,42
39,43
39,44
40,41
40,42
40,43
40,44
41,45
41,46
41,47
41,48
41,49
41,50
42,45
42,46
42,47
42,48
42,50
43,45
43,46
43,47
43,48
44,45
44,46
44,47
44,49
45,58
46,51
46,52
46,53
46,54
47,51
48,51
48,52
48,53
48,54
49,51
49,52
49,53
49,54
50,51
50,52
51,56
51,57
51,58
51,59
52,55
52,56
52,57
52,58
52,59
53,55
53,56
53,57
53,58
53,59
54,55
54,56
54,57
54,58
54,59
55,60
55,61
55,62
55,63
56,60
56,61
56,62
56,63
57,60
57,61
57,62
57,63
58,60
58,61
58,62
58,63
59,60
59,61
59,62
59,63
60,64
60,66
60,69
61,64
61,65
61,66
61,67
61,68
61,71
62,65
62,68
62,70
62,71
62,72
63,64
63,65
63,66
63,67
63,68
63,77
63,82
64,73
64,74
65,73
65,74
65,78
66,231
67,74
68,113
68,115
69,75
69,76
69,77
69,78
70,73
70,74
70,75
70,76
70,77
71,73
71,74
71,75
71,76
71,77
71,78
72,73
72,75
72,77
73,79
73,80
73,81
73,83
73,84
74,79
74,80
74,83
74,84
75,227
75,313
76,79
76,80
76,81
76,82
76,83
76,84
77,79
77,84
78,79
78,80
78,81
79,85
79,86
79,87
79,89
80,86
81,85
81,86
81,87
81,88
81,89
82,85
82,86
82,87
82,88
82,89
83,85
83,86
83,87
83,88
83,89
84,85
84,86
84,87
85,90
85,91
85,92
85,93
85,94
86,90
86,91
86,92
86,93
86,94
87,90
87,91
87,92
87,93
87,94
88,90
88,91
88,92
88,93
88,94
89,90
89,91
89,92
89,93
89,94
90,95
90,96
90,97
90,98
91,95
91,98
92,95
92,96
93,95
93,96
93,97
94,95
94,96
94,97
95,99
95,100
95,102
95,103
95,105
96,99
96,100
97,99
97,100
97,101
97,103
97,108
98,99
98,100
98,101
98,102
99,104
99,109
100,106
100,107
101,104
101,105
101,109
101,110
101,114
102,104
102,108
102,109
102,110
103,104
104,111
104,113
104,115
105,117
106,111
106,112
106,114
106,115
107,111
107,112
107,113
107,114
107,115
108,111
108,112
108,113
108,114
109,111
109,112
110,237
110,256
111,116
111,117
111,118
111,119
112,116
112,117
112,118
112,119
113,116
113,117
113,118
113,119
114,116
114,117
114,118
114,119
115,116
115,117
115,118
115,119
116,120
116,121
116,123
117,120
117,121
117,122
117,123
118,123
119,120
119,122
119,123
120,124
120,125
120,126
120,127
120,128
120,129
121,124
121,125
121,126
121,127
121,128
121,129
122,125
122,129
123,124
123,125
123,126
123,127
123,128
123,129
124,130
124,131
124,132
124,133
124,134
124,135
124,137
125,138
125,167
125,169
126,130
126,131
126,133
126,136
127,130
127,131
127,132
127,133
127,135
128,130
128,131
128,132
128,133
128,146
129,130
129,134
129,152
130,139
130,140
130,141
130,142
131,139
131,140
131,141
131,142
131,152
132,139
132,140
132,141
132,142
132,144
132,145
133,143
134,139
134,140
134,141
134,142
135,139
135,140
135,141
135,142
135,143
135,144
135,146
136,139
136,140
136,170
136,199
137,139
137,140
137,141
137,142
137,143
137,144
138,139
138,140
138,148
138,157
139,186
140,332
140,340
140,342
141,148
141,151
142,147
142,148
142,149
142,150
142,151
143,147
143,148
143,149
143,150
143,151
143,152
144,248
144,263
145,147
145,148
145,149
145,150
145,151
146,147
146,149
146,152
147,153
147,154
147,155
147,156
148,153
148,154
149,153
149,158
149,168
150,153
150,154
150,155
150,156
150,157
150,159
151,236
152,157
152,160
152,169
153,160
153,161
153,162
153,165
154,160
154,163
154,164
154,173
155,160
155,161
155,162
155,167
155,169
156,160
156,161
156,162
156,163
156,166
157,161
157,168
158,160
158,161
158,162
158,163
158,164
158,165
158,169
159,160
159,161
159,162
160,170
160,171
160,172
160,174
161,170
161,171
161,172
161,173
161,174
162,170
162,171
163,170
163,188
164,170
164,171
165,170
166,170
166,171
166,173
167,175
167,176
167,177
167,178
168,308
168,359
169,199
169,207
169,212
170,175
170,200
170,215
171,176
172,175
172,176
172,177
172,178
173,175
173,176
173,177
173,178
174,178
175,179
175,183
175,221
176,179
176,180
176,181
176,182
176,183
177,179
177,180
177,181
177,182
177,183
178,182
179,184
179,185
179,186
180,184
180,185
180,186
180,187
180,188
180,189
180,190
180,192
181,185
181,188
181,191
181,199
182,184
182,186
183,184
183,185
183,186
183,187
184,193
185,193
185,194
185,195
185,196
186,193
186,241
187,193
187,194
187,195
187,196
188,193
188,194
188,198
189,194
189,199
189,200
190,197
190,229
191,193
191,194
192,193
192,194
193,201
193,249
194,201
194,202
194,222
195,201
195,219
195,220
195,222
195,224
195,229
196,201
196,202
196,207
197,201
197,203
198,201
199,201
199,202
199,206
199,208
199,222
200,201
200,202
200,203
200,204
200,205
200,206
201,216
202,209
202,210
202,211
202,229
203,209
203,210
203,211
204,209
205,209
205,210
205,211
205,212
206,213
207,209
207,210
207,211
208,209
208,210
208,214
208,215
208,224
209,217
209,218
210,217
210,218
210,219
210,220
211,217
211,218
211,224
211,241
212,217
212,219
212,222
213,221
213,236
214,217
214,218
214,221
215,217
215,218
215,220
216,217
216,218
216,223
217,225
217,226
217,227
217,228
217,230
218,225
218,226
218,227
218,228
219,225
219,227
219,231
220,228
220,249
221,225
221,226
221,229
221,232
222,225
222,226
222,230
223,225
223,226
223,227
224,250
225,376
225,422
226,271
226,473
226,527
227,351
228,232
228,233
228,250
229,234
229,240
230,232
230,233
230,235
230,250
231,232
231,233
231,234
231,236
232,237
232,238
233,240
233,256
234,237
234,238
234,239
234,241
234,246
235,466
236,237
236,238
236,241
236,250
237,242
237,243
238,242
238,243
238,244
238,245
238,247
238,248
239,245
239,250
240,242
240,243
240,244
240,245
240,246
240,247
240,248
241,242
241,249
241,256
242,251
242,252
242,253
242,254
242,255
242,257
243,251
243,252
243,253
244,251
244,252
244,253
244,263
245,251
246,336
247,251
247,254
247,262
248,251
248,252
248,253
248,254
248,257
249,251
249,252
250,256
251,258
251,259
251,260
251,269
252,258
252,259
253,261
254,272
255,258
255,259
255,261
255,262
255,263
256,258
256,259
256,260
256,261
256,263
257,262
258,264
258,265
258,266
258,267
258,268
259,264
259,265
259,296
260,264
260,265
260,266
260,267
261,265
261,267
262,264
262,268
263,264
263,269
264,270
264,274
265,270
265,271
265,293
265,302
265,303
266,270
266,271
266,272
266,273
266,274
267,270
267,271
267,272
267,273
267,274
267,275
268,272
268,302
268,303
269,270
269,271
269,272
269,273
269,275
270,276
270,278
270,279
271,520
271,540
272,276
273,276
273,277
273,283
274,276
274,280
274,282
275,276
275,281
276,284
277,284
278,404
278,422
278,425
279,284
279,285
279,287
280,286
280,289
281,284
281,285
281,286
281,287
281,302
282,288
283,284
283,285
283,286
283,290
284,291
284,295
284,297
285,294
285,482
285,545
285,633
286,545
286,598
287,387
288,310
288,329
289,291
289,293
290,291
290,292
290,293
290,294
290,296
290,300
291,298
291,299
291,304
292,298
292,301
293,298
294,612
295,298
295,300
296,299
296,302
296,303
297,298
297,299
297,300
297,301
298,305
298,306
298,307
298,308
298,309
298,310
299,305
299,306
299,307
299,308
299,309
299,310
300,305
300,306
300,309
301,467
301,476
302,321
302,328
302,364
303,305
303,306
303,310
303,316
304,305
304,306
304,307
304,308
304,309
304,310
305,311
305,312
305,313
305,314
305,315
305,317
306,313
307,311
307,312
307,314
307,316
307,321
308,311
309,311
309,312
309,316
310,317
311,369
311,475
312,320
313,319
314,318
314,319
314,327
315,318
315,321
315,325
316,400
317,318
318,322
318,323
318,326
318,328
318,330
318,332
319,322
319,323
319,324
319,325
319,329
319,330
320,322
320,323
320,324
321,327
322,331
323,333
324,331
324,332
324,333
324,334
325,532
325,558
325,573
325,575
326,433
327,394
328,334
329,331
329,332
330,331
330,335
330,336
330,348
331,337
331,338
331,339
332,355
333,342
334,337
334,338
334,341
335,340
336,337
336,338
337,343
337,344
338,343
338,344
338,347
339,343
339,346
340,343
341,343
341,348
342,345
343,349
344,349
344,352
345,356
346,351
346,353
347,349
347,350
347,370
348,403
349,354
349,355
350,354
350,356
351,354
351,355
352,354
352,355
352,356
353,354
353,357
353,358
354,362
355,361
355,363
355,383
356,359
357,359
357,364
357,365
358,359
358,360
358,365
358,366
359,367
359,368
359,369
359,371
359,372
360,367
360,368
360,369
360,370
360,371
360,372
361,367
362,369
362,372
363,467
364,367
364,368
365,370
366,367
367,373
367,374
367,375
367,376
368,374
368,377
368,399
368,400
369,373
370,373
370,374
371,373
372,376
372,403
373,497
373,523
374,378
374,379
374,380
375,378
375,382
376,378
376,381
377,378
377,383
378,534
379,386
380,384
380,385
381,385
381,450
382,384
382,385
382,387
382,388
382,389
383,402
383,418
384,390
385,470
386,393
386,394
387,390
387,391
387,392
387,393
387,401
388,390
388,391
388,397
389,390
389,391
389,392
389,393
389,394
390,398
391,399
391,402
392,400
393,395
394,395
394,396
394,397
394,398
394,401
395,403
395,404
395,405
395,406
396,404
396,405
396,427
397,452
397,469
398,403
398,407
399,403
400,403
401,404
401,600
401,601
402,406
403,408
403,409
403,412
403,413
404,510
404,552
404,560
404,574
404,603
405,408
406,408
406,409
406,410
406,411
407,408
407,409
408,414
408,417
408,419
408,429
408,436
409,414
409,415
409,416
409,417
409,420
409,421
410,415
411,414
411,415
411,417
412,414
412,415
412,416
413,414
413,416
413,418
414,423
414,425
414,426
415,424
416,593
416,724
417,674
417,682
418,429
419,428
420,422
420,423
420,427
421,422
421,485
422,499
423,430
423,431
423,434
423,435
424,438
425,430
425,432
426,430
426,431
427,436
428,433
429,430
429,431
430,437
430,497
431,437
431,438
432,441
433,439
434,438
434,440
434,442
435,439
435,441
436,437
436,438
437,443
437,472
438,443
438,446
438,465
438,468
439,443
439,445
440,443
440,469
440,478
441,443
441,444
441,456
442,443
442,444
443,448
443,451
443,507
444,450
445,447
445,449
446,447
446,469
447,452
447,453
447,454
447,455
448,453
449,456
450,452
450,454
450,457
451,562
451,635
452,461
452,497
453,458
453,538
454,458
454,506
455,458
455,486
455,494
456,459
456,489
457,458
457,460
457,462
457,463
458,605
459,577
459,581
459,604
459,620
460,564
460,597
460,632
461,464
461,466
462,464
462,465
462,467
462,468
463,465
464,471
464,472
464,478
465,469
466,470
467,469
467,470
468,469
469,475
470,474
470,477
470,478
470,479
471,473
471,474
472,473
472,476
472,480
472,481
473,482
473,594
474,482
474,483
474,484
475,482
475,486
476,484
477,482
477,483
477,502
477,503
478,518
478,598
479,488
480,485
480,487
480,499
481,482
481,483
481,484
481,485
482,490
482,492
483,494
484,488
484,512
485,488
485,489
486,488
486,489
486,493
487,489
487,491
488,495
488,498
489,495
489,496
489,503
490,600
491,498
491,629
491,653
492,535
493,497
494,499
494,508
495,502
496,500
496,501
497,500
497,503
498,648
498,650
498,675
499,588
499,610
499,614
500,504
500,505
500,506
500,510
501,507
501,508
502,504
502,506
502,509
502,521
503,504
503,505
503,506
504,511
504,513
504,514
504,515
504,518
505,511
505,561
505,603
506,515
507,684
508,512
508,531
509,516
509,517
510,511
510,599
510,607
511,524
511,575
511,616
512,521
513,601
514,519
514,520
514,522
515,520
516,519
516,529
516,539
517,523
517,577
517,601
518,525
518,526
518,586
518,678
518,725
519,528
519,531
519,532
520,530
520,533
521,527
521,528
522,527
522,529
522,600
522,601
523,527
524,696
526,730
526,734
527,534
527,537
527,538
527,539
527,557
528,534
528,536
529,537
529,540
529,546
529,583
530,535
530,536
530,560
531,599
532,576
532,633
533,588
535,607
536,541
536,542
536,544
537,545
537,647
538,559
538,579
539,682
540,543
540,632
541,546
541,549
542,546
542,547
542,551
542,578
543,548
543,550
543,636
544,552
544,569
544,589
544,590
545,547
546,553
546,555
546,559
547,554
547,668
547,679
548,560
549,556
551,699
552,557
552,558
552,652
553,562
553,565
553,606
554,620
554,632
555,561
556,563
556,564
556,565
556,566
556,567
557,633
558,638
558,668
558,711
559,562
560,606
560,647
561,574
562,571
562,652
563,568
563,572
564,573
564,582
565,575
565,635
565,643
566,568
566,569
566,570
567,695
568,644
569,627
570,591
570,636
571,576
573,578
574,579
575,577
576,582
576,584
577,586
577,591
578,580
578,581
578,583
579,585
580,657
580,715
580,719
581,588
581,590
581,638
582,589
582,682
583,640
583,654
584,591
585,587
586,720
587,594
588,593
588,595
588,596
589,614
590,734
591,592
592,614
592,639
593,655
593,674
594,597
594,598
595,600
595,646
596,599
596,601
597,604
597,605
597,606
598,602
598,607
599,727
600,608
601,602
601,603
602,608
602,629
604,651
605,609
606,612
607,610
607,611
608,613
608,618
609,615
610,616
610,617
610,625
611,613
611,636
612,614
613,625
613,698
613,722
614,622
614,692
615,619
615,624
616,620
616,623
616,652
616,672
616,714
617,691
617,695
618,621
619,685
620,626
621,627
621,630
622,646
623,632
623,656
624,628
624,629
624,631
624,633
625,672
626,703
627,634
627,636
628,637
629,695
630,671
630,698
632,666
632,688
633,635
634,640
634,641
634,643
635,638
635,644
636,639
636,642
637,638
637,639
637,647
638,645
638,646
638,662
638,677
639,644
639,645
640,644
641,649
642,678
643,647
643,648
643,654
644,650
644,651
644,658
645,654
646,653
647,650
647,651
647,652
647,653
647,658
648,687
649,651
650,656
650,659
651,655
651,660
651,661
653,655
653,657
653,688
654,658
655,665
655,726
658,750
659,676
659,681
660,664
660,667
660,668
660,703
661,662
661,663
661,666
662,669
662,672
663,671
664,669
664,670
666,673
667,687
668,699
669,676
669,681
670,678
670,679
670,711
670,724
670,743
671,675
671,684
673,674
673,677
673,680
674,687
675,686
676,709
676,714
677,682
678,682
678,713
679,683
680,691
680,716
681,684
681,685
681,688
682,689
682,709
682,735
682,747
682,748
683,691
683,693
683,749
684,722
685,690
685,694
685,701
686,692
688,689
690,697
692,695
692,696
693,699
693,702
694,698
695,701
695,702
696,703
696,714
699,700
700,706
700,712
700,726
701,704
701,708
702,705
703,707
703,715
703,722
703,728
704,710
704,714
705,709
705,712
706,713
706,715
707,711
710,717
710,719
711,720
712,718
714,716
714,739
715,741
716,725
717,722
717,724
718,723
719,721
719,726
719,727
722,743
724,728
724,729
725,737
726,730
726,731
727,732
728,733
729,735
730,733
731,736
732,734
732,737
733,739
734,741
737,738
737,740
737,742
737,743
737,744
738,750
739,746
739,747
740,749
742,748
743,747
744,745

<end>
