<number of tasks>
750

<cycle time>
1000

<order strength>
0.895


<task times>
1 499
2 338
3 601
4 599
5 566
6 532
7 625
8 383
9 487
10 530
11 598
12 382
13 513
14 582
15 434
16 655
17 519
18 482
19 637
20 610
21 581
22 662
23 448
24 623
25 657
26 353
27 660
28 382
29 576
30 572
31 422
32 496
33 435
34 777
35 692
36 409
37 531
38 479
39 566
40 374
41 392
42 320
43 347
44 656
45 418
46 647
47 523
48 466
49 658
50 390
51 507
52 459
53 482
54 675
55 497
56 425
57 451
58 397
59 417
60 517
61 543
62 452
63 452
64 653
65 564
66 514
67 480
68 473
69 433
70 553
71 426
72 476
73 323
74 542
75 482
76 546
77 537
78 517
79 639
80 490
81 571
82 565
83 436
84 448
85 581
86 430
87 386
88 442
89 590
90 235
91 498
92 485
93 547
94 531
95 489
96 522
97 624
98 421
99 511
100 761
101 318
102 329
103 421
104 394
105 519
106 453
107 579
108 287
109 494
110 651
111 482
112 655
113 651
114 361
115 632
116 485
117 555
118 546
119 457
120 216
121 424
122 501
123 483
124 599
125 515
126 465
127 698
128 491
129 376
130 406
131 673
132 491
133 399
134 532
135 679
136 675
137 457
138 505
139 448
140 572
141 453
142 369
143 391
144 553
145 482
146 565
147 480
148 382
149 514
150 480
151 549
152 403
153 499
154 309
155 487
156 538
157 419
158 558
159 529
160 334
161 579
162 610
163 484
164 355
165 552
166 487
167 554
168 584
169 458
170 459
171 514
172 404
173 405
174 480
175 668
176 388
177 256
178 491
179 651
180 536
181 500
182 513
183 306
184 571
185 488
186 562
187 336
188 404
189 573
190 582
191 489
192 502
193 440
194 609
195 324
196 579
197 575
198 748
199 214
200 280
201 683
202 373
203 392
204 510
205 469
206 669
207 446
208 545
209 407
210 553
211 605
212 506
213 580
214 396
215 435
216 435
217 521
218 414
219 177
220 497
221 757
222 520
223 502
224 461
225 706
226 503
227 615
228 425
229 569
230 411
231 661
232 470
233 421
234 629
235 708
236 562
237 750
238 308
239 723
240 316
241 507
242 656
243 441
244 402
245 620
246 494
247 587
248 457
249 459
250 336
251 599
252 706
253 411
254 550
255 453
256 572
257 485
258 452
259 351
260 508
261 581
262 383
263 526
264 377
265 487
266 254
267 372
268 577
269 505
270 541
271 466
272 551
273 599
274 503
275 504
276 554
277 362
278 512
279 533
280 516
281 548
282 505
283 321
284 414
285 666
286 655
287 469
288 516
289 378
290 510
291 558
292 389
293 606
294 625
295 500
296 658
297 325
298 220
299 297
300 414
301 368
302 431
303 516
304 514
305 518
306 407
307 640
308 453
309 359
310 438
311 350
312 519
313 418
314 239
315 445
316 556
317 501
318 547
319 501
320 462
321 467
322 545
323 418
324 555
325 446
326 253
327 694
328 470
329 565
330 310
331 422
332 645
333 507
334 536
335 684
336 584
337 442
338 428
339 477
340 519
341 648
342 559
343 648
344 428
345 420
346 451
347 452
348 657
349 485
350 775
351 550
352 520
353 419
354 276
355 673
356 468
357 516
358 517
359 431
360 544
361 592
362 555
363 604
364 470
365 639
366 577
367 467
368 520
369 570
370 512
371 540
372 328
373 468
374 230
375 720
376 338
377 527
378 629
379 380
380 485
381 385
382 664
383 590
384 304
385 622
386 320
387 315
388 504
389 479
390 613
391 528
392 557
393 305
394 358
395 517
396 652
397 348
398 352
399 653
400 396
401 219
402 405
403 549
404 655
405 673
406 420
407 653
408 474
409 614
410 364
411 588
412 652
413 558
414 470
415 363
416 424
417 576
418 493
419 570
420 501
421 553
422 496
423 399
424 446
425 439
426 442
427 379
428 304
429 512
430 469
431 623
432 255
433 791
434 512
435 377
436 264
437 610
438 410
439 464
440 342
441 585
442 558
443 586
444 578
445 472
446 610
447 428
448 615
449 469
450 297
451 257
452 480
453 557
454 619
455 672
456 549
457 413
458 500
459 647
460 693
461 646
462 638
463 410
464 417
465 518
466 460
467 573
468 309
469 531
470 520
471 430
472 614
473 539
474 747
475 350
476 652
477 607
478 468
479 387
480 543
481 554
482 708
483 592
484 459
485 645
486 616
487 567
488 486
489 496
490 706
491 336
492 374
493 498
494 525
495 562
496 434
497 410
498 619
499 475
500 514
501 429
502 351
503 327
504 355
505 537
506 576
507 610
508 355
509 289
510 572
511 608
512 405
513 602
514 397
515 388
516 573
517 660
518 448
519 373
520 487
521 562
522 499
523 716
524 505
525 437
526 486
527 327
528 343
529 653
530 544
531 553
532 514
533 478
534 465
535 471
536 444
537 552
538 484
539 481
540 246
541 595
542 479
543 494
544 408
545 649
546 620
547 365
548 673
549 389
550 441
551 674
552 564
553 503
554 609
555 472
556 624
557 394
558 616
559 564
560 472
561 550
562 542
563 425
564 655
565 405
566 422
567 509
568 378
569 547
570 351
571 415
572 545
573 754
574 259
575 447
576 517
577 651
578 620
579 578
580 458
581 588
582 358
583 454
584 472
585 282
586 469
587 306
588 494
589 291
590 459
591 644
592 434
593 549
594 391
595 451
596 474
597 506
598 668
599 586
600 637
601 433
602 458
603 280
604 462
605 601
606 540
607 575
608 511
609 231
610 480
611 630
612 489
613 377
614 685
615 500
616 262
617 674
618 792
619 292
620 428
621 248
622 686
623 478
624 395
625 315
626 454
627 260
628 322
629 389
630 304
631 567
632 371
633 449
634 377
635 369
636 647
637 712
638 658
639 397
640 589
641 584
642 376
643 569
644 529
645 570
646 393
647 398
648 631
649 532
650 539
651 616
652 463
653 476
654 438
655 516
656 610
657 543
658 441
659 544
660 589
661 719
662 345
663 571
664 488
665 492
666 476
667 410
668 327
669 642
670 507
671 596
672 485
673 648
674 471
675 305
676 415
677 450
678 948
679 731
680 436
681 475
682 340
683 611
684 601
685 721
686 406
687 442
688 546
689 511
690 635
691 489
692 562
693 421
694 413
695 220
696 551
697 773
698 469
699 382
700 479
701 309
702 378
703 581
704 618
705 266
706 552
707 617
708 400
709 341
710 481
711 517
712 580
713 427
714 547
715 673
716 294
717 525
718 670
719 550
720 582
721 641
722 406
723 623
724 539
725 529
726 493
727 480
728 543
729 532
730 264
731 403
732 497
733 345
734 569
735 326
736 469
737 346
738 560
739 417
740 526
741 585
742 468
743 489
744 462
745 525
746 514
747 569
748 404
749 385
750 631

<precedence relations>
1,155
1,166
2,5
2,6
2,7
2,8
2,9
2,10
3,5
3,6
3,7
3,8
4,8
4,13
4,14
4,16
5,11
5,12
5,14
5,16
6,11
6,12
6,16
7,11
7,12
7,13
7,14
7,15
7,16
8,11
8,12
8,15
9,11
9,12
9,13
9,14
9,16
10,11
10,12
10,13
11,17
11,18
11,20
12,69
13,17
13,18
13,19
13,20
14,19
14,20
15,17
15,18
15,19
15,20
16,17
16,18
16,19
16,20
17,21
17,22
17,23
17,24
17,25
17,26
18,21
18,22
18,23
18,24
18,25
18,26
19,21
19,22
19,23
19,24
19,25
19,26
20,21
20,22
20,23
20,24
20,26
21,183
21,190
21,191
22,27
22,28
22,29
22,30
22,31
22,32
23,27
23,28
23,29
23,30
23,31
23,32
24,27
24,28
24,29
24,30
24,31
24,32
25,27
25,28
25,29
25,30
25,31
26,27
26,28
26,29
26,30
26,31
26,32
27,33
27,37
27,39
27,40
27,41
27,42
28,33
28,34
29,33
29,36
29,38
29,40
29,41
30,35
31,33
31,34
31,35
31,36
31,37
32,33
32,34
32,35
32,36
32,42
33,43
33,44
33,45
34,43
34,44
34,45
34,46
34,47
34,48
35,43
35,44
36,45
37,43
38,43
38,48
39,43
39,44
39,45
39,48
40,43
40,48
41,43
41,44
41,45
41,47
41,48
42,43
42,46
42,47
43,49
43,50
43,51
43,52
43,53
44,49
44,50
44,51
44,53
45,49
45,50
45,51
45,52
45,53
46,49
47,49
47,50
47,52
48,49
48,50
48,51
48,52
48,53
49,54
49,55
49,56
49,57
49,59
50,54
50,55
50,56
50,57
50,58
50,59
51,96
52,54
52,58
52,62
52,63
52,64
53,54
53,55
53,56
53,57
53,58
53,59
54,60
55,60
55,61
55,65
56,60
56,61
56,62
56,63
56,64
57,60
57,65
58,60
58,61
58,65
59,60
59,61
59,62
59,64
59,65
60,66
60,67
60,68
60,69
60,70
61,66
61,68
61,75
62,66
62,81
63,66
63,67
63,68
63,69
63,70
64,66
64,67
65,69
65,70
66,71
66,74
66,76
67,134
68,71
68,72
68,73
68,74
69,71
69,73
69,75
70,71
70,72
70,73
70,74
71,77
72,109
72,111
73,77
73,78
73,79
73,89
74,77
74,78
74,88
74,89
75,77
75,78
75,80
75,81
76,77
76,78
76,79
76,80
77,102
78,82
78,83
78,84
78,85
78,86
78,87
78,90
79,83
80,82
80,83
80,84
80,85
80,86
80,87
80,88
80,94
81,82
81,83
81,84
81,85
81,86
81,89
82,91
82,95
83,91
84,91
84,92
84,93
84,96
84,97
84,98
85,91
85,92
85,93
85,102
86,91
86,96
87,91
87,92
87,102
88,91
89,91
90,91
90,92
90,93
90,94
90,95
90,96
90,97
90,98
91,99
92,99
92,101
93,240
94,99
94,100
94,101
94,102
95,99
95,100
95,101
95,102
96,99
96,100
96,102
97,99
97,100
97,102
98,99
98,100
98,101
98,102
99,103
99,104
99,105
99,106
99,107
100,103
100,104
100,105
101,103
101,104
101,105
101,106
101,107
102,106
103,108
103,109
103,110
104,108
104,109
105,108
105,109
105,110
105,111
106,126
107,108
107,115
108,113
108,116
109,112
109,113
109,114
109,115
110,112
111,112
111,113
111,114
111,115
111,116
112,117
112,118
112,119
112,120
112,121
113,117
113,118
113,119
113,120
113,121
114,117
114,118
114,119
114,120
114,121
115,117
115,118
115,120
115,121
116,117
116,118
116,119
116,120
116,121
117,125
117,128
117,129
118,122
118,123
118,124
118,125
118,126
118,127
118,128
118,129
119,122
119,123
119,124
119,125
119,126
119,128
120,141
120,152
120,153
121,122
121,131
122,132
123,130
123,131
124,211
124,224
125,130
125,131
125,132
125,133
126,130
126,131
126,132
126,133
127,130
127,131
127,139
128,367
128,377
128,405
129,130
130,134
130,135
130,136
130,137
130,138
130,140
131,137
132,134
132,135
132,136
132,137
132,138
133,139
134,146
135,141
135,142
135,143
135,144
136,168
136,177
136,179
137,141
137,143
137,145
137,153
138,141
138,142
138,143
139,141
139,142
140,141
140,142
140,144
141,147
141,148
141,149
141,150
142,147
142,148
142,149
142,150
142,151
142,152
142,153
143,147
144,150
144,177
145,147
146,147
146,148
146,151
146,152
146,153
147,154
147,155
147,156
147,157
148,154
148,155
148,156
148,157
149,154
149,155
149,156
150,159
151,157
151,186
152,232
152,233
152,234
152,235
152,236
153,154
153,155
153,156
153,157
154,158
154,159
154,160
154,161
154,162
154,163
154,164
154,165
154,166
155,158
155,159
155,160
155,162
155,171
156,158
156,159
156,160
156,161
156,162
156,163
156,164
156,165
157,304
158,392
158,398
159,172
159,178
160,167
160,168
160,169
160,170
161,167
161,168
161,169
161,170
161,171
161,172
162,167
162,168
162,169
162,172
163,167
163,170
164,217
165,167
165,168
165,169
165,170
165,171
166,167
166,168
166,169
166,170
166,171
166,172
167,173
167,174
167,175
167,176
167,177
167,178
168,173
168,174
168,175
168,176
168,178
169,173
169,174
169,175
169,177
170,179
171,378
172,174
172,176
172,179
173,180
173,181
173,182
173,183
174,180
174,181
174,182
174,183
175,180
175,181
175,182
176,180
176,188
176,191
177,180
177,181
177,182
177,183
178,180
178,181
178,182
178,183
179,180
179,181
179,182
179,183
180,184
180,185
180,186
180,189
180,190
181,184
181,185
181,186
181,187
181,189
181,190
181,191
182,187
182,191
183,184
183,185
183,188
184,195
185,192
185,193
185,194
185,195
185,196
186,367
187,192
187,193
187,201
187,202
188,192
188,193
188,194
189,192
189,193
189,194
189,202
190,192
190,193
190,194
190,195
190,196
191,192
191,193
191,194
191,195
191,196
192,198
193,197
194,219
195,197
195,199
195,200
195,201
195,202
196,197
196,198
196,199
196,200
196,201
197,203
197,208
197,216
197,223
197,224
198,203
198,204
198,205
198,206
198,207
198,208
199,203
199,204
199,205
199,207
200,203
200,204
200,205
200,206
200,207
200,208
201,203
201,204
201,205
201,206
201,207
202,205
202,206
203,209
203,212
203,215
204,209
204,210
204,211
204,212
204,213
205,214
205,216
206,209
206,210
206,211
206,212
207,209
207,210
208,209
208,210
208,211
209,217
209,236
210,217
210,218
210,219
210,220
210,221
210,222
211,217
211,218
211,222
212,217
212,218
213,217
213,219
213,223
213,224
214,374
214,406
215,240
216,217
216,220
216,226
216,227
216,229
217,225
217,230
217,231
218,225
218,226
218,227
218,228
218,229
219,225
219,226
219,227
219,228
220,225
220,228
220,240
221,225
221,226
221,227
222,225
222,226
223,225
223,226
223,227
223,235
224,225
224,226
224,227
224,229
225,234
226,232
227,232
227,233
227,236
228,233
229,232
229,233
229,234
229,235
229,236
230,232
230,235
231,232
231,243
232,237
232,238
232,239
232,240
232,241
233,238
233,242
233,243
234,237
234,241
234,249
235,237
235,238
235,239
235,240
235,241
235,242
235,243
236,237
236,238
236,247
237,246
237,248
238,244
238,249
239,244
239,247
240,245
240,247
240,248
240,249
241,244
241,245
242,244
242,245
242,247
242,248
242,249
243,244
244,250
244,251
244,252
244,253
245,250
245,251
245,252
246,251
247,250
247,251
248,252
248,253
249,250
249,256
249,257
250,254
250,255
250,258
251,254
251,255
251,256
251,257
251,258
252,254
252,255
252,256
253,257
253,258
253,281
254,259
254,260
254,261
254,262
255,259
255,262
256,260
256,281
257,259
257,260
257,285
258,259
258,285
259,263
259,264
260,263
260,267
261,263
261,265
262,263
262,264
262,265
262,266
263,269
263,277
264,271
265,268
265,269
265,271
266,268
266,270
267,335
268,272
268,273
268,274
268,275
269,648
270,323
270,339
271,273
271,277
272,276
272,277
273,276
273,278
273,282
274,276
274,279
274,280
274,286
274,287
275,276
275,277
275,278
275,279
275,281
276,284
276,289
276,305
277,283
277,284
277,288
277,289
277,290
278,286
278,287
279,391
279,570
280,283
280,288
280,289
280,290
281,283
281,284
281,285
281,286
281,287
282,288
282,306
283,291
283,292
283,293
283,294
283,295
283,296
283,297
283,298
284,291
284,297
285,295
285,313
286,291
287,291
287,292
287,293
287,294
288,291
288,292
288,293
289,291
289,292
289,293
289,294
289,306
290,291
290,293
290,298
291,299
291,300
291,301
291,302
291,304
292,299
292,300
293,299
293,301
293,303
294,398
295,300
295,320
296,299
296,302
296,325
297,306
297,319
298,305
299,307
300,307
300,308
300,309
300,310
300,311
300,312
301,307
301,311
301,313
301,335
302,307
303,307
303,308
303,312
303,313
304,307
304,335
305,307
305,308
305,309
305,320
306,310
306,312
307,316
308,314
308,318
308,321
309,314
309,315
309,317
309,321
310,314
311,319
312,315
312,321
313,320
314,322
314,323
314,324
314,325
314,326
315,322
315,360
316,322
316,323
316,324
317,322
317,339
318,322
318,323
318,326
319,322
320,322
321,322
321,323
322,327
323,329
323,332
324,327
324,328
324,331
324,334
325,328
325,335
326,327
326,328
326,330
326,333
326,339
327,336
327,337
327,340
327,362
328,336
328,337
328,338
328,340
329,336
329,337
330,336
330,337
330,338
331,336
332,336
333,336
333,340
334,336
334,337
334,338
334,339
334,340
335,339
336,341
336,342
336,343
336,355
336,366
337,341
337,342
337,345
337,365
337,366
337,370
338,341
338,342
338,344
339,343
339,366
339,370
340,341
340,342
340,346
340,370
341,352
341,405
342,347
343,347
343,349
344,347
344,350
344,351
345,348
346,592
347,354
347,364
348,431
348,459
349,353
350,353
350,355
351,353
351,356
351,357
351,358
352,369
352,396
353,359
353,365
353,371
354,399
354,430
355,359
355,361
355,363
355,364
355,369
356,359
356,360
356,361
356,362
357,359
357,360
357,362
358,359
358,366
358,377
359,367
359,368
360,581
361,370
361,387
361,411
361,413
362,367
362,369
363,495
363,525
364,367
364,368
364,371
364,375
365,367
365,368
365,369
366,367
366,368
366,369
366,381
367,372
367,373
368,372
368,373
368,374
368,376
369,372
369,375
370,521
371,374
371,377
372,380
373,378
373,409
374,378
374,404
374,407
375,403
375,411
376,378
376,379
377,378
377,381
377,409
378,382
378,383
378,384
378,388
378,389
379,382
379,383
379,384
379,385
379,386
379,387
379,388
379,390
379,403
380,382
380,386
381,417
382,412
383,493
384,391
384,392
384,394
385,395
386,392
386,393
386,398
387,397
388,706
388,713
388,736
389,396
390,391
391,553
392,465
392,475
392,518
393,399
393,404
393,406
394,400
395,436
396,399
396,401
396,402
396,403
396,420
397,405
398,407
398,409
398,415
399,507
399,575
400,408
400,410
401,408
401,422
402,408
402,411
403,413
403,425
403,432
404,408
404,409
404,411
404,412
404,413
405,408
405,409
405,410
406,408
406,409
406,410
407,412
407,455
407,466
408,415
409,414
410,414
410,421
411,609
411,628
412,450
413,446
413,478
414,417
414,419
414,420
414,422
415,416
415,417
415,418
415,421
416,426
417,425
418,423
418,424
419,423
419,424
419,426
420,423
420,424
420,425
420,426
421,485
422,423
422,424
423,427
423,428
423,429
423,430
423,431
423,432
424,427
424,431
425,427
425,428
425,429
425,430
425,436
426,427
426,428
426,429
426,432
427,434
427,478
428,433
428,435
428,437
428,456
429,433
429,434
429,459
429,464
430,433
431,433
431,464
432,433
432,436
433,443
433,445
433,470
434,438
434,439
434,442
434,444
435,486
435,549
436,438
436,439
436,478
437,440
437,441
437,457
438,447
438,449
439,446
439,447
440,554
441,448
441,451
441,452
441,461
442,446
443,446
444,446
445,446
445,450
446,453
446,455
447,510
448,453
449,456
449,543
449,656
450,457
451,453
451,454
451,455
451,478
452,458
452,475
453,462
453,463
454,464
454,610
455,498
456,487
456,597
456,667
457,460
457,461
458,459
459,470
459,493
460,465
460,518
461,471
461,485
462,465
462,466
462,468
463,465
463,466
463,467
463,468
463,469
463,471
464,466
464,618
465,476
465,497
466,718
466,728
467,472
467,473
467,474
467,484
468,472
468,484
469,472
469,475
470,472
470,478
471,477
471,479
471,487
472,485
473,481
473,482
474,480
474,481
475,609
476,487
476,509
476,682
477,483
477,484
478,480
478,513
479,480
479,486
480,491
480,496
481,488
482,488
482,499
482,511
482,517
483,488
483,489
483,490
484,656
484,740
484,745
485,491
486,488
487,703
488,516
489,679
490,492
490,493
490,494
490,495
490,496
491,497
492,500
492,504
493,501
494,503
494,509
494,527
494,573
495,499
496,498
497,498
497,502
498,510
498,511
499,505
499,507
499,509
499,513
500,505
500,506
500,507
500,535
501,518
501,522
501,562
502,505
502,508
502,512
503,669
504,555
504,581
506,716
507,514
507,518
508,514
508,515
508,516
510,516
510,580
511,514
511,515
511,519
512,517
512,530
513,518
514,523
514,524
515,520
516,522
516,526
517,630
518,546
519,520
519,521
519,525
519,526
520,531
520,687
521,529
522,527
522,539
523,527
523,528
523,530
523,577
523,579
524,532
525,538
525,596
525,600
526,542
526,545
527,600
527,605
528,533
529,535
529,536
529,537
530,533
530,534
530,580
531,643
532,538
532,598
532,639
533,542
533,545
534,569
534,582
534,583
535,541
536,539
536,540
536,544
537,539
538,543
538,603
539,561
540,546
540,547
540,548
540,549
540,550
541,549
541,551
541,579
541,586
542,592
543,550
544,546
544,547
545,548
546,552
546,558
546,572
547,553
547,554
547,555
547,557
547,560
547,561
547,562
549,559
549,599
550,551
550,556
550,602
550,621
551,601
552,563
552,567
553,609
553,626
554,637
554,657
554,677
554,717
555,696
555,743
556,687
556,690
556,692
556,702
557,564
558,599
559,578
559,602
560,563
560,566
561,563
561,564
561,565
561,566
564,665
565,568
565,569
565,572
565,575
566,570
566,573
567,571
567,574
567,579
568,583
568,639
569,578
569,581
570,577
570,710
571,658
571,749
572,605
572,654
572,709
573,579
573,582
574,576
574,577
574,580
574,669
576,673
577,746
578,584
579,585
580,608
581,585
581,586
582,617
582,642
582,653
582,670
583,644
583,667
584,590
585,587
585,588
585,589
585,591
586,587
586,588
586,605
587,611
588,593
589,592
589,595
590,592
590,593
590,594
591,623
591,637
591,674
592,596
592,597
592,606
593,596
593,598
593,614
593,617
594,600
595,599
595,640
597,603
597,604
597,605
598,601
598,647
598,657
598,672
599,602
599,609
599,630
600,606
600,607
601,640
601,669
602,632
602,651
603,734
604,620
605,686
606,608
606,609
606,610
606,653
607,611
608,723
609,613
610,612
610,613
611,614
612,742
613,615
613,616
613,617
613,656
614,615
614,618
614,619
614,620
615,621
615,622
615,624
615,632
616,733
616,747
617,625
618,623
618,629
619,625
619,627
619,628
619,630
620,626
621,634
621,746
622,665
623,636
623,680
623,683
624,631
624,645
625,649
625,683
626,632
627,637
627,659
628,687
628,719
628,747
629,631
629,633
629,636
630,632
630,635
631,644
632,642
632,684
633,640
634,638
634,643
635,641
635,645
635,651
636,639
636,662
637,706
641,647
643,648
644,649
644,683
645,646
646,650
646,652
646,654
647,653
647,700
647,706
647,745
648,651
648,740
649,654
649,659
650,659
651,655
653,656
653,663
654,657
654,658
654,660
655,666
655,688
655,710
656,661
656,664
656,667
659,662
659,663
660,665
660,693
661,676
662,668
662,669
662,675
663,671
663,677
664,709
665,672
665,701
666,670
666,673
666,674
667,748
668,679
668,681
669,708
670,719
672,680
674,745
675,697
676,678
677,726
677,749
678,683
679,682
679,684
679,685
679,686
683,698
683,743
684,687
684,689
685,688
686,693
687,693
687,715
687,716
688,691
689,690
689,692
689,694
689,695
690,696
690,698
690,700
691,702
692,697
692,701
693,749
695,699
698,742
699,704
701,703
701,714
703,707
703,708
703,710
703,712
704,705
704,706
704,709
704,711
705,715
705,716
708,717
708,718
708,719
710,713
710,724
710,732
711,714
711,718
713,720
713,721
713,723
713,726
713,750
714,730
715,739
715,750
717,728
718,725
718,727
719,722
719,724
722,731
722,732
724,733
725,729
727,730
727,731
727,734
727,735
727,736
729,741
730,737
730,743
732,739
733,738
733,749
735,740
735,742
736,742
737,747
737,748
737,750
739,744
741,745
741,746
742,749

<end>
