<number of tasks>
750

<cycle time>
1000

<order strength>
0.289


<task times>
1 138
2 133
3 46
4 56
5 138
6 92
7 130
8 203
9 121
10 93
11 143
12 55
13 160
14 107
15 55
16 191
17 84
18 120
19 180
20 37
21 193
22 163
23 72
24 119
25 106
26 36
27 105
28 64
29 297
30 149
31 394
32 35
33 280
34 129
35 196
36 145
37 84
38 64
39 77
40 265
41 227
42 26
43 108
44 86
45 312
46 173
47 159
48 207
49 37
50 80
51 24
52 218
53 176
54 130
55 144
56 93
57 276
58 164
59 20
60 248
61 123
62 70
63 105
64 187
65 46
66 70
67 65
68 110
69 108
70 150
71 59
72 219
73 101
74 129
75 109
76 117
77 195
78 39
79 64
80 89
81 105
82 91
83 92
84 59
85 90
86 213
87 126
88 77
89 110
90 185
91 37
92 91
93 170
94 49
95 148
96 256
97 160
98 227
99 42
100 98
101 130
102 55
103 83
104 213
105 117
106 73
107 143
108 89
109 123
110 112
111 202
112 64
113 64
114 155
115 44
116 340
117 76
118 74
119 87
120 250
121 87
122 263
123 117
124 118
125 45
126 195
127 185
128 112
129 56
130 69
131 177
132 175
133 41
134 182
135 98
136 264
137 63
138 220
139 203
140 37
141 127
142 83
143 265
144 46
145 175
146 289
147 104
148 287
149 175
150 174
151 87
152 76
153 154
154 72
155 129
156 180
157 55
158 30
159 110
160 38
161 158
162 184
163 207
164 143
165 222
166 29
167 90
168 61
169 112
170 139
171 109
172 34
173 43
174 151
175 106
176 58
177 97
178 143
179 112
180 24
181 238
182 163
183 31
184 187
185 102
186 80
187 112
188 57
189 235
190 28
191 236
192 188
193 20
194 293
195 140
196 33
197 157
198 218
199 72
200 55
201 41
202 24
203 289
204 70
205 168
206 122
207 242
208 231
209 200
210 149
211 155
212 154
213 108
214 76
215 93
216 99
217 30
218 193
219 30
220 104
221 312
222 27
223 108
224 75
225 254
226 30
227 200
228 42
229 55
230 64
231 89
232 219
233 167
234 21
235 273
236 107
237 143
238 169
239 34
240 106
241 252
242 25
243 48
244 101
245 160
246 99
247 272
248 35
249 56
250 226
251 104
252 176
253 161
254 121
255 278
256 170
257 89
258 74
259 76
260 167
261 112
262 84
263 64
264 248
265 115
266 274
267 211
268 146
269 116
270 139
271 101
272 80
273 120
274 108
275 97
276 46
277 223
278 160
279 129
280 190
281 140
282 155
283 170
284 66
285 127
286 114
287 148
288 52
289 73
290 206
291 50
292 53
293 139
294 105
295 65
296 237
297 119
298 219
299 95
300 126
301 48
302 90
303 74
304 145
305 147
306 268
307 116
308 231
309 53
310 90
311 184
312 145
313 193
314 143
315 100
316 105
317 65
318 59
319 120
320 312
321 220
322 62
323 142
324 109
325 190
326 186
327 170
328 161
329 40
330 190
331 258
332 152
333 27
334 145
335 53
336 45
337 123
338 194
339 177
340 64
341 133
342 156
343 269
344 65
345 52
346 118
347 297
348 108
349 228
350 254
351 74
352 210
353 225
354 62
355 117
356 46
357 155
358 145
359 267
360 78
361 173
362 46
363 199
364 184
365 319
366 93
367 119
368 82
369 204
370 150
371 88
372 39
373 114
374 44
375 207
376 167
377 173
378 171
379 101
380 191
381 194
382 164
383 161
384 117
385 277
386 155
387 124
388 140
389 214
390 163
391 177
392 58
393 161
394 50
395 69
396 25
397 70
398 242
399 226
400 175
401 34
402 285
403 102
404 169
405 74
406 84
407 68
408 80
409 36
410 76
411 260
412 101
413 239
414 422
415 106
416 93
417 248
418 225
419 61
420 35
421 67
422 49
423 132
424 39
425 154
426 85
427 109
428 82
429 72
430 158
431 168
432 21
433 84
434 112
435 176
436 118
437 70
438 131
439 174
440 52
441 210
442 139
443 114
444 151
445 89
446 101
447 31
448 165
449 240
450 78
451 164
452 187
453 101
454 292
455 93
456 83
457 158
458 144
459 206
460 192
461 74
462 111
463 65
464 77
465 220
466 173
467 74
468 107
469 349
470 66
471 52
472 85
473 84
474 194
475 116
476 182
477 82
478 37
479 48
480 97
481 106
482 169
483 109
484 87
485 84
486 229
487 26
488 100
489 60
490 126
491 225
492 82
493 262
494 130
495 179
496 140
497 104
498 106
499 37
500 317
501 150
502 152
503 253
504 162
505 98
506 158
507 134
508 145
509 54
510 217
511 88
512 21
513 120
514 129
515 105
516 248
517 180
518 127
519 185
520 34
521 117
522 212
523 214
524 178
525 95
526 170
527 147
528 35
529 67
530 194
531 48
532 65
533 150
534 210
535 127
536 31
537 242
538 76
539 179
540 190
541 30
542 259
543 193
544 72
545 124
546 194
547 36
548 149
549 230
550 186
551 146
552 97
553 169
554 226
555 54
556 101
557 56
558 45
559 198
560 229
561 67
562 50
563 113
564 67
565 125
566 163
567 201
568 162
569 218
570 48
571 104
572 367
573 81
574 174
575 196
576 92
577 22
578 265
579 210
580 161
581 88
582 55
583 67
584 105
585 160
586 141
587 47
588 87
589 84
590 91
591 275
592 144
593 298
594 187
595 150
596 174
597 242
598 118
599 269
600 95
601 146
602 231
603 63
604 134
605 208
606 236
607 118
608 158
609 30
610 253
611 239
612 153
613 82
614 195
615 289
616 90
617 147
618 106
619 85
620 302
621 303
622 54
623 245
624 103
625 264
626 65
627 132
628 306
629 209
630 331
631 40
632 166
633 101
634 104
635 240
636 198
637 123
638 163
639 177
640 83
641 147
642 219
643 122
644 76
645 124
646 124
647 285
648 180
649 198
650 118
651 229
652 77
653 46
654 117
655 122
656 150
657 50
658 193
659 320
660 172
661 99
662 183
663 174
664 177
665 116
666 212
667 237
668 25
669 164
670 97
671 65
672 32
673 265
674 22
675 59
676 98
677 128
678 55
679 72
680 73
681 85
682 63
683 78
684 117
685 206
686 164
687 115
688 50
689 127
690 107
691 213
692 86
693 38
694 316
695 84
696 228
697 342
698 23
699 133
700 70
701 113
702 93
703 223
704 66
705 61
706 191
707 104
708 168
709 84
710 52
711 114
712 258
713 108
714 126
715 142
716 68
717 245
718 156
719 139
720 189
721 231
722 130
723 151
724 37
725 70
726 85
727 138
728 172
729 277
730 152
731 102
732 105
733 92
734 108
735 34
736 84
737 233
738 104
739 224
740 116
741 270
742 212
743 31
744 44
745 76
746 57
747 304
748 81
749 160
750 199

<precedence relations>
1,332
2,89
3,210
4,210
5,591
6,90
7,90
8,90
9,249
10,121
11,459
12,459
13,31
14,32
15,33
16,34
17,22
17,23
17,24
17,29
17,39
18,28
18,35
18,38
18,40
19,25
19,27
19,36
19,37
19,41
20,26
20,30
22,89
23,631
24,285
25,90
26,90
27,90
28,364
29,364
30,121
31,42
32,53
33,57
34,54
35,43
35,51
35,56
35,60
35,62
36,44
36,52
36,59
37,45
37,48
37,49
37,50
37,55
37,63
38,61
39,46
40,47
40,58
42,89
43,89
44,631
45,90
46,90
47,90
48,575
49,575
50,459
51,77
52,78
53,79
54,80
55,81
56,83
57,82
58,68
58,84
59,69
59,70
59,75
59,76
59,85
59,87
61,66
61,73
61,88
62,72
62,74
63,64
63,65
63,67
63,71
63,86
64,89
65,89
66,90
67,90
68,90
69,249
70,364
71,364
72,121
73,121
74,121
75,121
76,621
77,91
78,91
79,94
80,91
81,98
82,95
83,99
84,97
85,96
86,93
86,104
86,106
87,92
87,103
87,105
88,100
88,101
88,102
89,107
89,108
89,109
89,110
89,111
89,112
89,113
89,115
90,116
90,117
90,118
90,119
90,120
91,364
92,121
93,575
94,122
95,125
96,123
97,124
99,114
100,132
101,126
101,130
102,127
102,129
104,128
105,131
107,210
109,155
113,631
114,631
115,285
116,135
118,137
120,138
121,139
121,140
121,141
121,142
121,143
121,144
121,145
121,146
121,147
121,148
121,149
121,150
122,151
123,154
124,152
126,153
127,134
129,133
130,136
130,156
133,430
134,285
135,285
136,285
137,210
138,249
139,556
141,164
143,160
145,163
145,165
146,170
149,161
149,167
150,162
150,169
151,157
152,157
153,159
154,166
155,158
155,168
157,332
158,459
159,178
160,173
160,177
160,179
161,183
162,184
162,188
163,174
166,175
166,182
167,172
167,181
168,171
168,186
168,187
169,180
170,176
170,185
171,210
172,210
173,591
174,459
175,556
176,621
177,196
178,198
179,200
180,197
180,206
181,199
181,205
182,189
182,192
183,204
184,191
184,202
186,194
186,203
187,190
188,193
188,195
188,201
188,207
189,332
190,660
191,210
192,501
193,575
194,459
195,556
196,208
197,213
198,208
199,215
200,218
201,214
201,217
202,209
202,212
202,216
204,219
205,221
206,211
207,220
207,222
208,660
209,662
210,227
210,228
210,229
210,230
210,231
210,232
210,233
210,234
210,235
210,245
211,364
212,556
213,236
214,239
215,237
216,238
216,241
216,244
216,246
217,240
217,243
220,223
220,225
220,242
220,247
221,224
221,226
221,248
223,661
224,661
225,662
226,285
227,249
228,364
229,255
229,260
232,251
236,252
237,253
238,254
239,256
240,257
241,258
242,263
245,262
246,261
247,250
247,259
249,265
249,266
249,267
249,268
249,269
249,270
249,271
249,280
250,364
251,459
252,272
253,264
254,264
255,273
256,276
257,274
258,277
259,275
259,282
260,278
260,281
262,279
263,283
264,285
265,575
266,289
268,292
269,294
269,295
270,286
271,556
272,290
273,293
274,284
275,288
277,297
279,298
280,299
281,291
283,287
283,296
284,631
285,300
285,301
285,302
285,303
285,304
285,305
285,306
285,307
285,308
285,317
286,364
287,459
288,312
289,313
291,310
292,311
292,315
292,318
294,314
295,316
296,309
297,319
299,320
300,332
301,430
302,364
303,325
303,331
306,322
308,329
309,501
310,323
311,324
312,327
313,321
314,326
315,328
318,330
321,332
322,501
323,338
324,333
325,336
326,337
327,339
328,334
328,335
329,342
331,340
331,341
332,343
332,344
332,345
332,346
332,347
332,348
332,349
332,350
332,356
333,631
334,430
335,364
336,351
337,354
338,357
339,353
339,355
339,358
340,360
342,352
342,359
343,662
344,364
345,575
346,556
347,372
347,373
348,376
349,363
349,368
349,377
350,365
351,591
352,364
353,364
354,367
355,362
355,366
355,370
355,374
356,375
357,371
359,361
359,369
361,662
362,430
363,501
364,378
364,379
364,380
364,381
364,382
364,383
364,384
364,385
364,395
365,575
366,387
367,394
368,388
369,389
370,390
371,391
371,393
371,396
372,392
373,397
373,398
375,386
378,415
381,410
382,407
383,406
383,409
385,413
386,459
387,402
388,399
389,400
390,401
391,403
392,405
393,404
393,411
396,414
398,408
398,412
399,416
400,416
401,420
402,421
403,416
404,423
405,416
406,418
406,419
407,422
411,417
411,427
412,428
413,425
414,426
415,424
415,429
416,661
417,430
418,430
419,431
420,432
421,433
422,434
423,435
425,437
427,436
427,438
427,439
430,441
430,442
430,443
430,444
430,445
430,446
430,447
430,455
431,449
432,451
433,452
434,453
435,450
437,456
437,457
438,448
439,440
439,454
440,631
443,467
447,462
447,465
448,459
449,460
450,458
453,461
455,463
456,466
457,464
458,591
459,468
459,469
459,470
459,471
459,472
459,473
460,475
461,474
461,482
462,476
465,480
465,483
466,478
466,481
467,477
467,479
468,556
469,484
469,490
470,499
471,492
473,497
473,498
474,488
475,494
476,491
477,489
477,493
478,485
478,487
478,496
478,500
481,486
482,495
484,661
485,662
486,501
487,575
488,503
489,506
490,507
491,508
492,502
492,505
493,504
496,510
497,512
498,509
498,511
500,513
501,517
501,518
501,519
501,520
501,521
501,522
501,523
501,524
501,525
501,526
501,527
501,528
501,539
502,529
503,530
504,531
505,534
506,532
507,533
508,514
509,535
511,515
511,516
511,536
511,537
511,538
514,660
515,661
516,662
518,549
520,550
520,551
525,546
528,556
529,540
530,545
531,540
532,542
533,543
534,548
535,544
536,547
536,553
538,554
539,541
539,552
540,556
541,621
542,562
543,558
544,564
545,561
545,566
546,559
546,563
546,565
546,571
546,573
547,557
547,560
547,569
551,555
552,570
553,568
553,572
554,567
555,575
556,576
556,577
556,578
556,579
556,580
557,621
558,581
559,582
560,583
561,586
562,574
562,585
563,584
564,589
565,588
567,587
568,590
574,591
575,592
575,593
575,594
575,595
575,596
575,597
575,598
575,599
575,600
575,601
575,607
576,610
576,611
578,609
581,602
582,606
583,603
584,604
585,605
586,606
590,608
590,612
591,616
591,617
591,618
591,619
591,620
592,621
593,614
593,622
593,625
596,615
598,630
601,628
602,613
603,626
604,623
605,624
607,627
608,629
613,631
614,661
615,662
616,638
616,643
617,644
618,646
618,647
621,632
621,633
621,634
621,635
621,636
621,637
622,639
623,641
624,642
625,640
626,645
631,648
631,649
631,650
631,651
631,652
637,659
638,654
639,653
640,655
641,656
642,657
647,658
648,661
649,662
650,667
652,665
652,669
652,670
653,660
654,663
655,671
656,668
657,664
659,666
660,672
660,673
660,674
660,675
660,687
660,689
661,676
661,677
661,678
661,679
662,680
662,681
662,682
662,683
663,685
664,684
665,686
667,688
672,702
672,704
675,698
678,697
678,699
680,695
682,694
684,690
685,693
686,692
687,691
687,701
687,703
689,696
689,700
690,705
691,706
692,707
693,713
694,708
694,715
695,709
695,716
696,714
697,717
701,711
702,710
703,712
705,718
706,721
707,719
708,720
709,722
711,724
711,727
714,725
714,726
717,723
718,728
719,732
720,730
721,731
722,733
723,729
723,738
723,740
723,742
723,743
724,741
725,735
725,736
726,734
726,737
727,739
728,745
729,744
730,745
731,746
732,747
733,749
736,748
742,750

<end>
