<number of tasks>
750

<cycle time>
1000

<order strength>
0.895


<task times>
1 99
2 119
3 151
4 86
5 151
6 73
7 48
8 59
9 98
10 204
11 111
12 158
13 74
14 270
15 295
16 177
17 49
18 48
19 236
20 61
21 329
22 249
23 93
24 76
25 241
26 77
27 116
28 77
29 164
30 27
31 98
32 231
33 122
34 150
35 303
36 272
37 121
38 47
39 155
40 129
41 24
42 101
43 119
44 178
45 223
46 131
47 133
48 29
49 220
50 115
51 143
52 170
53 31
54 264
55 33
56 137
57 101
58 128
59 64
60 123
61 123
62 65
63 180
64 117
65 124
66 78
67 34
68 60
69 154
70 173
71 51
72 61
73 142
74 247
75 182
76 130
77 216
78 129
79 38
80 199
81 195
82 249
83 70
84 112
85 82
86 131
87 35
88 80
89 120
90 187
91 312
92 68
93 131
94 88
95 201
96 138
97 239
98 182
99 36
100 23
101 38
102 83
103 85
104 124
105 132
106 147
107 106
108 99
109 72
110 136
111 120
112 151
113 50
114 58
115 77
116 130
117 244
118 162
119 181
120 124
121 27
122 64
123 20
124 190
125 175
126 146
127 324
128 85
129 38
130 55
131 166
132 192
133 133
134 260
135 156
136 266
137 339
138 36
139 129
140 235
141 137
142 91
143 135
144 228
145 71
146 104
147 179
148 148
149 192
150 100
151 125
152 235
153 72
154 286
155 137
156 187
157 22
158 201
159 88
160 308
161 191
162 158
163 118
164 220
165 150
166 158
167 37
168 212
169 361
170 285
171 211
172 21
173 195
174 95
175 67
176 82
177 137
178 142
179 64
180 206
181 140
182 209
183 138
184 190
185 106
186 96
187 86
188 199
189 141
190 180
191 248
192 226
193 44
194 204
195 189
196 60
197 109
198 80
199 290
200 63
201 79
202 54
203 50
204 84
205 113
206 92
207 127
208 70
209 191
210 268
211 46
212 119
213 96
214 83
215 133
216 30
217 333
218 87
219 76
220 131
221 55
222 123
223 307
224 205
225 184
226 170
227 73
228 29
229 152
230 238
231 69
232 115
233 48
234 284
235 36
236 84
237 30
238 74
239 85
240 58
241 78
242 142
243 100
244 32
245 297
246 139
247 175
248 77
249 72
250 260
251 120
252 64
253 88
254 76
255 87
256 126
257 96
258 156
259 37
260 87
261 136
262 21
263 113
264 277
265 45
266 168
267 139
268 251
269 111
270 82
271 81
272 95
273 71
274 83
275 195
276 162
277 207
278 128
279 83
280 166
281 329
282 283
283 129
284 124
285 235
286 187
287 43
288 227
289 201
290 122
291 107
292 81
293 106
294 114
295 192
296 312
297 72
298 56
299 91
300 183
301 128
302 292
303 44
304 88
305 183
306 93
307 258
308 194
309 176
310 41
311 49
312 103
313 220
314 109
315 192
316 36
317 75
318 174
319 102
320 90
321 66
322 195
323 126
324 270
325 105
326 31
327 53
328 112
329 292
330 23
331 181
332 224
333 56
334 189
335 109
336 88
337 276
338 40
339 257
340 234
341 164
342 81
343 106
344 106
345 90
346 23
347 99
348 235
349 157
350 258
351 129
352 103
353 135
354 207
355 279
356 134
357 120
358 105
359 103
360 103
361 170
362 274
363 105
364 157
365 139
366 201
367 93
368 20
369 48
370 286
371 152
372 131
373 213
374 272
375 282
376 114
377 144
378 129
379 182
380 183
381 185
382 34
383 114
384 71
385 222
386 155
387 35
388 108
389 181
390 126
391 321
392 126
393 54
394 125
395 130
396 32
397 133
398 188
399 94
400 23
401 114
402 180
403 84
404 218
405 104
406 258
407 243
408 174
409 141
410 121
411 89
412 157
413 50
414 125
415 26
416 90
417 76
418 275
419 114
420 179
421 87
422 233
423 82
424 310
425 139
426 103
427 169
428 250
429 165
430 104
431 66
432 111
433 196
434 144
435 221
436 23
437 147
438 318
439 181
440 21
441 137
442 25
443 86
444 72
445 162
446 175
447 204
448 77
449 65
450 84
451 82
452 149
453 101
454 40
455 341
456 167
457 59
458 92
459 172
460 187
461 123
462 55
463 22
464 85
465 69
466 220
467 90
468 21
469 41
470 169
471 160
472 54
473 219
474 202
475 105
476 259
477 217
478 45
479 25
480 224
481 91
482 121
483 55
484 212
485 171
486 214
487 138
488 118
489 100
490 255
491 21
492 116
493 148
494 195
495 98
496 200
497 162
498 114
499 324
500 28
501 315
502 195
503 210
504 55
505 92
506 195
507 229
508 39
509 71
510 115
511 181
512 41
513 156
514 61
515 192
516 119
517 195
518 286
519 165
520 94
521 116
522 144
523 42
524 226
525 135
526 96
527 114
528 184
529 163
530 99
531 68
532 85
533 43
534 150
535 211
536 98
537 348
538 152
539 22
540 78
541 95
542 35
543 110
544 77
545 125
546 164
547 263
548 110
549 120
550 112
551 153
552 228
553 33
554 142
555 70
556 84
557 123
558 173
559 154
560 36
561 131
562 184
563 83
564 240
565 265
566 212
567 157
568 106
569 441
570 179
571 239
572 110
573 183
574 76
575 68
576 139
577 219
578 95
579 129
580 141
581 113
582 46
583 64
584 151
585 104
586 331
587 111
588 29
589 90
590 143
591 109
592 231
593 60
594 183
595 85
596 191
597 168
598 88
599 111
600 210
601 202
602 116
603 126
604 160
605 33
606 192
607 135
608 65
609 193
610 52
611 83
612 109
613 72
614 60
615 48
616 61
617 25
618 57
619 91
620 132
621 123
622 98
623 21
624 272
625 95
626 104
627 307
628 191
629 58
630 191
631 62
632 29
633 132
634 26
635 184
636 163
637 106
638 243
639 41
640 92
641 141
642 214
643 58
644 40
645 39
646 244
647 147
648 165
649 91
650 99
651 80
652 221
653 333
654 152
655 126
656 89
657 33
658 34
659 75
660 162
661 228
662 221
663 164
664 76
665 58
666 150
667 129
668 108
669 144
670 39
671 117
672 152
673 21
674 101
675 213
676 62
677 96
678 334
679 38
680 177
681 253
682 331
683 67
684 72
685 233
686 28
687 251
688 319
689 199
690 235
691 206
692 173
693 61
694 109
695 190
696 34
697 180
698 131
699 152
700 156
701 156
702 367
703 87
704 144
705 190
706 103
707 205
708 124
709 123
710 210
711 141
712 44
713 53
714 183
715 178
716 140
717 135
718 271
719 86
720 134
721 143
722 220
723 192
724 115
725 41
726 128
727 53
728 93
729 57
730 362
731 288
732 157
733 280
734 218
735 54
736 173
737 187
738 182
739 98
740 101
741 43
742 25
743 41
744 150
745 47
746 77
747 33
748 33
749 98
750 45

<precedence relations>
1,15
1,16
1,17
2,8
2,9
2,10
2,11
2,12
2,13
2,16
2,17
3,8
3,9
3,10
3,16
3,17
4,8
4,9
4,10
4,11
4,13
5,8
5,9
5,12
6,14
6,15
6,21
7,8
7,9
7,10
7,11
7,12
7,13
7,14
7,15
7,16
7,17
8,18
8,19
8,20
8,21
9,18
9,19
9,20
9,21
10,18
10,19
10,20
10,21
11,18
11,19
11,20
11,21
12,18
12,19
12,20
12,21
13,18
13,19
13,20
13,21
14,18
14,19
14,20
15,18
15,19
15,20
16,18
16,19
16,21
17,18
17,19
17,20
17,21
18,22
18,23
18,27
18,28
18,29
18,33
19,22
19,23
19,24
19,25
19,26
19,28
20,22
20,24
21,22
21,23
21,24
21,25
21,26
22,30
22,31
22,32
22,42
23,30
23,31
23,32
24,34
24,36
24,37
25,30
25,31
25,32
25,33
25,34
25,35
25,36
26,32
26,33
26,36
27,30
27,34
27,35
27,36
27,37
28,30
28,31
28,35
28,37
29,30
29,31
30,38
31,38
31,39
31,40
31,41
32,39
32,55
33,38
33,39
33,40
33,41
33,42
34,38
34,39
34,40
34,41
34,42
35,38
35,39
35,40
35,41
35,42
36,38
36,39
36,40
36,41
37,38
37,47
37,50
38,43
38,44
38,45
38,48
38,49
39,43
39,46
39,49
39,50
40,43
40,44
40,45
40,47
40,56
41,43
41,44
41,45
41,46
41,47
41,56
42,43
42,44
42,45
42,56
43,51
43,52
43,53
43,57
43,58
43,59
44,51
44,52
44,53
44,54
44,55
44,58
44,59
45,51
45,52
45,53
45,54
45,57
46,51
46,52
46,53
46,58
46,59
47,51
47,52
47,53
47,57
47,58
47,59
48,51
48,52
48,53
48,56
48,59
49,74
50,51
50,52
50,53
50,56
50,57
50,58
50,59
51,60
51,61
51,62
51,63
52,60
52,61
52,62
52,63
52,64
53,60
53,61
53,62
53,63
54,60
54,61
54,63
55,60
55,61
55,62
55,63
55,64
56,60
56,61
56,62
56,63
56,64
57,60
57,61
57,64
58,60
58,61
58,62
58,63
58,64
59,60
59,61
59,62
59,63
59,64
60,65
60,66
60,67
60,68
60,69
60,70
61,65
61,66
61,67
61,68
61,69
61,70
62,65
62,66
62,67
62,68
62,69
62,70
63,65
63,66
63,67
63,68
63,69
63,70
64,65
64,66
64,67
64,68
64,69
64,70
65,76
65,78
66,77
66,148
67,71
67,72
67,73
67,74
67,75
67,76
67,85
67,89
68,71
68,72
68,73
68,85
68,89
69,71
69,72
70,71
70,72
70,73
70,74
70,75
70,76
70,85
70,89
71,79
71,82
72,79
72,81
72,83
72,90
73,79
73,80
73,81
74,79
75,79
75,80
76,79
76,80
77,172
77,177
78,79
78,84
78,85
79,86
79,87
79,88
80,86
80,87
80,88
80,90
80,92
81,88
81,103
82,284
82,369
82,370
83,86
83,87
83,91
83,92
83,93
84,86
84,87
84,88
84,89
84,90
85,101
85,111
85,112
85,113
86,94
86,95
86,96
86,97
86,98
87,94
88,94
88,95
89,94
89,103
90,193
91,94
91,95
91,96
91,97
91,98
92,94
92,95
92,96
92,97
92,98
93,94
94,99
94,100
94,104
94,105
94,106
95,99
96,99
96,100
96,101
96,105
96,106
97,99
97,100
97,101
97,102
97,103
97,104
97,106
98,99
98,101
98,103
99,111
100,113
100,118
101,107
101,108
101,109
101,110
102,107
102,108
102,109
102,110
102,113
103,107
103,108
103,109
103,110
103,111
103,112
103,113
104,107
104,108
104,109
104,110
104,111
104,112
104,113
105,107
105,108
105,109
105,110
105,111
105,112
105,113
106,107
106,108
106,109
106,110
106,111
106,112
106,113
107,114
107,115
107,116
107,117
107,118
107,119
108,114
108,115
108,116
108,117
108,118
108,119
109,114
109,115
109,116
109,117
109,118
109,119
110,114
110,115
110,116
110,117
110,118
110,119
111,114
111,115
111,116
111,117
112,119
113,114
113,115
113,116
113,117
113,119
114,120
114,121
114,122
114,124
115,125
116,120
116,121
116,122
116,123
116,130
117,120
117,121
117,122
117,123
117,124
118,120
118,130
118,132
119,120
119,121
119,123
119,125
120,126
120,127
120,128
120,129
120,131
121,126
121,127
121,128
122,126
122,127
122,131
122,132
123,424
124,126
124,128
124,129
124,130
125,126
125,127
125,128
125,130
125,131
125,132
126,133
126,134
126,135
126,136
126,137
127,133
127,134
127,135
127,136
127,137
128,133
128,134
128,136
128,143
129,133
129,134
129,135
129,136
129,137
130,133
130,134
130,143
130,144
131,238
131,412
132,232
133,138
133,139
134,140
134,142
135,138
135,141
135,143
135,144
136,138
136,139
136,144
137,138
137,139
137,140
138,145
139,145
139,146
139,153
139,155
140,145
140,146
140,147
140,148
140,149
140,150
141,145
142,146
143,146
143,147
143,148
143,149
143,150
144,153
145,151
146,151
146,152
146,154
147,151
147,152
147,153
147,154
147,155
148,151
148,152
148,153
148,155
149,151
149,152
149,153
149,154
149,155
150,151
150,152
150,153
150,154
150,155
151,156
151,157
151,158
151,159
151,160
152,156
152,157
152,158
152,159
152,160
153,156
153,157
153,158
153,159
153,160
154,156
154,157
154,158
154,159
154,160
155,156
155,157
156,162
156,166
157,161
157,162
157,163
157,164
158,165
159,161
159,162
160,161
160,164
160,175
161,167
161,168
161,170
161,181
162,167
163,167
163,169
163,173
163,175
164,172
165,167
165,168
165,171
165,174
165,181
166,167
166,168
166,169
166,170
166,171
166,172
166,173
166,174
167,176
167,177
167,178
168,176
168,177
168,178
168,179
168,180
168,182
169,176
169,177
169,178
170,176
171,176
172,176
172,178
173,176
173,177
173,181
173,182
174,206
174,207
174,212
174,213
175,176
175,177
176,183
176,184
176,185
176,186
177,183
177,184
177,185
177,206
178,188
178,196
179,183
179,184
179,185
179,187
179,189
179,206
180,183
180,184
180,185
180,186
180,187
180,188
180,196
181,183
182,183
182,184
182,190
183,191
183,192
184,197
185,191
185,193
186,191
186,192
186,194
186,198
186,207
187,191
187,192
187,193
187,194
187,195
187,207
188,191
188,192
189,729
189,731
190,196
191,199
191,200
191,201
192,203
193,204
193,218
194,199
194,200
194,201
194,202
194,205
195,199
195,200
195,201
195,202
195,203
196,199
196,200
197,199
197,200
197,207
197,213
198,199
198,206
199,208
199,209
199,210
199,211
200,208
200,209
200,211
200,212
201,268
202,208
202,209
202,213
203,208
203,209
203,220
204,208
204,209
204,210
204,211
204,212
205,208
205,210
206,208
206,209
207,208
207,209
207,210
207,218
208,214
208,215
209,214
209,216
209,217
209,224
210,214
210,219
210,220
210,232
211,214
211,215
211,216
212,318
213,214
213,215
213,218
213,219
214,221
215,221
215,224
216,222
217,221
217,222
217,223
217,225
217,229
218,221
218,222
219,221
219,222
219,223
219,224
220,221
220,222
221,226
221,230
221,237
222,226
222,227
222,228
222,231
222,233
223,228
223,252
224,226
224,227
224,229
225,230
225,231
225,232
225,233
226,234
226,235
227,386
228,234
228,258
229,234
229,235
230,234
230,235
230,238
231,234
231,235
231,236
231,237
231,238
232,234
232,235
232,236
232,237
232,238
233,234
233,235
233,236
234,239
234,402
235,239
235,240
235,241
236,267
237,239
237,240
237,250
238,239
238,276
239,408
240,242
240,243
240,244
240,245
240,247
240,248
240,249
241,242
241,245
241,246
241,250
242,251
243,251
243,265
244,251
244,252
244,253
244,254
245,251
245,252
246,253
246,299
246,300
247,251
248,251
248,265
249,251
249,252
249,253
249,254
250,251
250,252
250,265
251,255
251,256
251,257
251,266
251,270
252,426
253,295
254,255
254,256
254,257
254,258
254,259
255,260
255,262
256,260
256,263
257,260
257,261
258,260
258,261
258,262
258,263
258,264
258,270
259,260
259,261
259,265
259,266
260,267
260,268
261,267
261,274
262,267
262,269
262,271
263,331
264,392
264,434
264,440
265,267
265,268
265,269
265,270
265,271
266,267
267,272
267,273
267,275
267,276
267,277
268,272
268,273
268,274
269,272
269,273
269,274
269,275
269,276
269,277
270,301
271,272
271,273
271,274
272,281
272,287
273,278
273,279
273,280
273,282
273,283
274,278
274,279
275,280
276,422
277,278
277,279
277,283
278,611
279,298
279,307
279,323
280,284
280,285
281,284
281,286
281,296
282,284
282,285
282,286
283,284
283,285
284,506
284,682
285,287
285,291
286,288
286,289
286,290
286,292
286,297
287,293
287,294
287,295
287,296
287,297
287,298
287,299
288,360
289,293
289,294
289,300
290,293
290,298
291,472
292,293
292,294
292,295
292,299
293,301
293,302
293,303
293,304
294,301
294,308
294,314
294,320
295,301
295,302
295,303
295,304
296,301
296,302
296,303
296,304
297,301
297,302
297,303
297,304
298,306
299,301
299,302
299,303
299,304
300,301
300,302
301,307
301,323
301,330
302,305
302,306
302,307
302,308
302,309
302,310
302,311
303,305
303,306
303,307
303,308
303,309
303,310
303,311
304,305
304,306
304,309
305,316
306,314
307,312
307,313
308,312
308,332
309,312
309,313
309,314
309,315
310,387
311,312
312,322
312,324
312,331
313,317
313,332
314,317
314,318
314,319
314,321
314,329
315,317
315,318
315,319
315,320
315,321
315,329
316,319
316,323
316,324
317,325
317,326
317,327
317,328
317,331
318,330
319,325
319,326
320,338
321,325
321,327
321,332
321,354
321,355
322,325
322,326
323,325
323,328
323,329
323,335
323,355
324,325
324,326
324,327
324,346
325,337
326,333
326,336
326,353
327,418
328,334
329,347
329,412
330,333
330,334
330,335
330,336
330,337
331,333
331,334
331,335
331,336
331,338
332,453
333,339
333,340
333,342
333,358
334,339
335,339
335,340
335,358
336,339
336,343
336,344
336,345
337,339
337,340
337,341
338,339
338,340
338,341
338,342
338,346
339,348
339,349
339,352
339,359
340,347
340,348
340,351
341,347
341,348
341,353
342,574
342,588
342,616
343,475
344,347
344,348
344,350
344,358
345,347
345,348
345,354
345,355
346,347
346,348
346,349
346,350
346,351
346,359
347,381
348,356
348,357
349,356
349,376
350,356
350,357
351,474
352,356
353,356
353,357
353,358
354,367
355,426
356,360
356,362
356,363
357,361
357,364
358,359
359,428
359,440
360,365
361,365
361,366
362,365
362,367
362,386
362,403
363,365
363,366
363,367
363,368
363,370
364,369
364,381
364,389
365,375
366,371
366,372
367,374
368,371
368,372
368,377
369,373
369,376
369,392
369,397
370,371
370,372
371,378
371,379
371,381
372,378
372,382
372,385
373,378
373,379
373,412
374,378
374,385
375,384
376,378
376,391
377,378
377,379
377,380
377,381
377,383
377,386
378,390
379,407
379,423
380,387
380,388
380,391
381,387
381,388
382,413
382,429
383,454
384,387
384,388
384,389
384,390
385,387
385,388
385,389
385,392
386,387
386,407
387,393
387,394
388,478
388,518
389,395
389,397
390,393
390,394
390,395
390,396
390,399
391,396
391,398
392,393
392,609
393,600
393,638
394,402
395,415
395,425
396,400
396,401
397,400
397,404
398,403
399,400
400,405
400,411
400,461
401,405
401,413
401,434
402,405
402,406
402,408
402,410
403,405
403,407
404,405
404,406
404,407
404,409
404,412
405,506
405,519
405,523
406,413
406,414
406,418
407,413
407,414
407,415
407,416
407,434
408,413
408,414
408,415
408,416
408,417
408,419
409,416
409,570
409,583
410,417
410,561
410,572
410,613
411,436
411,454
412,415
412,451
412,465
413,420
413,421
413,422
415,438
415,506
416,655
417,591
417,670
418,420
418,421
418,423
419,420
419,421
419,422
419,423
420,426
420,428
420,435
420,438
421,424
421,425
422,425
422,427
423,429
424,430
425,433
426,430
427,430
427,431
427,432
427,433
428,432
429,430
429,431
429,434
429,439
430,437
430,440
431,488
432,436
432,439
433,435
433,438
434,435
434,436
434,437
434,438
435,441
436,443
437,441
437,442
437,457
438,481
439,441
439,442
439,443
440,441
440,442
440,443
441,445
441,446
441,447
441,448
442,448
442,450
443,444
443,449
444,451
444,452
444,457
445,451
446,451
446,453
446,495
447,451
447,504
448,454
448,456
449,452
450,451
450,452
450,455
451,462
451,507
452,466
453,463
453,499
453,523
454,458
454,463
455,459
455,460
456,458
456,459
456,461
457,601
457,662
457,685
458,465
458,467
458,468
458,469
458,470
459,505
459,553
459,657
460,466
461,516
461,599
461,635
462,464
463,464
463,471
463,526
464,472
464,473
465,547
466,473
466,474
467,475
468,472
469,472
469,476
470,477
470,649
470,650
471,647
471,658
472,484
472,520
473,481
473,485
474,478
474,479
474,480
474,498
475,478
475,479
475,480
476,482
476,483
477,620
477,687
478,489
478,522
479,485
480,485
480,486
480,487
480,488
481,560
481,561
482,485
482,486
482,490
483,488
483,529
483,530
484,487
485,491
485,497
485,530
486,491
486,494
486,496
487,517
487,528
488,493
488,533
488,562
489,491
489,492
489,495
489,499
489,523
490,491
490,498
491,655
491,657
491,714
492,500
492,503
493,634
494,526
495,689
495,713
496,709
496,738
497,501
497,502
498,500
498,504
498,505
499,519
500,673
501,506
501,527
502,543
502,574
502,587
503,506
503,509
504,507
504,508
504,510
505,691
506,649
507,511
507,514
507,515
508,511
508,514
508,516
509,513
510,511
510,512
510,513
510,514
511,568
511,652
512,521
513,520
513,533
514,517
514,518
514,519
514,522
514,523
515,609
515,617
515,710
516,523
516,671
518,526
519,524
519,525
519,526
520,524
520,525
521,525
522,524
523,661
524,530
525,529
526,527
526,528
526,530
527,531
527,532
527,533
527,534
528,531
528,532
529,531
529,532
529,534
530,532
531,535
531,536
531,537
531,538
532,537
533,636
533,660
535,541
535,545
535,555
536,539
536,542
537,543
537,559
538,540
538,544
538,546
539,549
540,551
542,547
542,552
543,649
544,548
545,550
545,611
546,551
547,553
547,554
548,564
548,595
548,598
549,556
549,557
549,558
550,553
550,559
551,553
551,554
552,553
552,554
552,555
553,579
554,560
555,561
555,564
556,562
558,571
559,563
559,565
560,566
560,567
560,568
560,570
561,571
561,632
561,664
562,566
562,568
562,572
563,733
564,567
564,613
565,569
565,612
565,613
566,573
566,574
566,575
566,576
566,577
567,575
567,578
567,581
567,582
568,588
568,618
568,657
569,576
569,622
569,624
570,580
571,577
571,579
571,604
571,666
572,573
572,574
572,575
572,576
573,609
573,714
574,622
574,724
574,746
575,633
575,676
576,587
577,606
577,636
577,665
578,585
578,679
579,583
579,639
579,673
580,586
580,616
582,584
582,644
583,588
583,653
584,589
585,588
586,592
587,590
587,591
587,593
588,596
588,597
589,594
589,634
590,594
591,653
591,746
592,598
593,595
594,599
594,600
594,601
594,604
595,601
596,603
598,602
599,605
600,610
600,626
601,606
601,607
601,609
602,608
602,611
602,612
603,640
604,608
605,720
606,645
606,700
607,614
607,615
607,617
609,616
609,621
609,708
610,628
610,641
610,659
611,613
612,626
612,642
613,622
613,624
614,620
614,675
614,695
615,619
615,625
615,675
616,618
616,704
617,621
617,623
617,677
617,714
618,626
620,647
620,693
620,696
621,703
621,711
622,654
622,717
623,626
623,628
624,627
624,629
624,631
625,630
625,735
626,688
626,750
627,633
627,635
627,737
628,709
628,725
629,632
629,634
630,691
630,719
631,636
631,671
632,641
634,637
634,639
635,648
635,660
636,638
636,640
637,642
637,643
637,645
637,646
638,647
639,726
640,642
640,644
642,650
643,649
643,651
643,653
643,687
646,652
647,648
648,720
649,655
650,655
650,656
650,658
651,657
651,659
652,723
653,654
654,720
655,661
656,663
657,729
657,745
658,662
659,660
659,664
660,693
660,730
660,745
661,669
661,689
661,727
662,668
662,741
662,747
663,667
663,668
664,665
664,666
665,669
665,671
667,670
669,674
669,676
670,672
670,675
670,677
671,672
671,673
673,679
673,700
674,680
674,681
674,683
674,685
674,731
675,682
675,684
676,732
676,738
677,678
678,686
678,689
678,716
679,686
679,712
682,687
682,688
682,690
683,691
683,748
684,748
685,701
685,703
685,723
686,695
686,724
687,696
688,691
688,736
689,691
690,692
690,693
690,694
692,738
693,710
694,697
694,698
694,700
694,701
695,738
696,699
696,702
696,703
698,710
698,711
698,724
700,705
700,707
701,709
702,708
702,718
703,704
703,706
704,713
704,730
705,710
705,714
708,712
709,711
710,746
711,717
712,716
713,715
713,718
714,716
715,722
716,720
716,723
716,724
716,725
718,719
718,721
719,729
720,727
724,728
724,735
725,726
725,729
726,730
726,731
727,733
728,739
729,732
730,734
731,737
732,736
732,737
733,735
734,738
734,742
735,739
735,740
735,743
737,740
737,741
738,746
740,744
740,747
740,750
742,749
743,745
743,748

<end>
