<number of tasks>
750

<cycle time>
1000

<order strength>
0.196


<task times>
1 100
2 180
3 95
4 422
5 286
6 114
7 217
8 68
9 86
10 97
11 276
12 142
13 77
14 37
15 125
16 165
17 166
18 498
19 200
20 39
21 233
22 537
23 119
24 154
25 266
26 441
27 269
28 122
29 215
30 129
31 264
32 64
33 211
34 51
35 143
36 148
37 103
38 57
39 98
40 145
41 112
42 480
43 186
44 550
45 29
46 197
47 81
48 58
49 491
50 231
51 482
52 21
53 229
54 207
55 55
56 103
57 501
58 453
59 571
60 263
61 44
62 86
63 62
64 254
65 96
66 89
67 223
68 61
69 32
70 224
71 171
72 588
73 181
74 317
75 22
76 261
77 123
78 291
79 329
80 445
81 530
82 146
83 87
84 163
85 40
86 137
87 187
88 52
89 137
90 53
91 156
92 568
93 426
94 183
95 470
96 183
97 114
98 159
99 64
100 41
101 88
102 462
103 59
104 250
105 131
106 150
107 176
108 134
109 137
110 559
111 442
112 504
113 41
114 239
115 138
116 349
117 51
118 289
119 494
120 287
121 154
122 579
123 199
124 481
125 52
126 503
127 95
128 267
129 288
130 40
131 247
132 192
133 190
134 29
135 111
136 46
137 73
138 95
139 516
140 61
141 137
142 134
143 36
144 250
145 103
146 521
147 524
148 27
149 508
150 578
151 292
152 82
153 179
154 183
155 60
156 503
157 380
158 192
159 498
160 265
161 434
162 445
163 154
164 452
165 545
166 98
167 139
168 251
169 434
170 131
171 306
172 214
173 132
174 148
175 167
176 166
177 71
178 182
179 72
180 475
181 315
182 120
183 170
184 113
185 333
186 89
187 27
188 132
189 206
190 321
191 535
192 379
193 158
194 415
195 125
196 175
197 56
198 98
199 221
200 291
201 129
202 102
203 163
204 130
205 96
206 236
207 165
208 348
209 113
210 278
211 94
212 223
213 582
214 430
215 92
216 252
217 181
218 378
219 189
220 61
221 257
222 200
223 565
224 55
225 123
226 201
227 197
228 205
229 118
230 58
231 265
232 154
233 60
234 179
235 402
236 416
237 118
238 107
239 65
240 90
241 486
242 358
243 526
244 121
245 224
246 220
247 126
248 425
249 370
250 503
251 106
252 40
253 98
254 278
255 147
256 234
257 32
258 351
259 35
260 71
261 106
262 512
263 267
264 87
265 183
266 282
267 256
268 144
269 122
270 217
271 466
272 528
273 245
274 251
275 527
276 189
277 58
278 84
279 206
280 103
281 128
282 370
283 286
284 38
285 32
286 447
287 177
288 414
289 124
290 186
291 43
292 317
293 49
294 50
295 129
296 70
297 173
298 69
299 129
300 141
301 543
302 64
303 176
304 553
305 275
306 92
307 258
308 149
309 136
310 189
311 157
312 466
313 130
314 276
315 80
316 136
317 456
318 103
319 25
320 180
321 62
322 109
323 112
324 115
325 30
326 186
327 93
328 391
329 231
330 23
331 267
332 37
333 22
334 495
335 61
336 432
337 469
338 37
339 102
340 277
341 50
342 153
343 445
344 472
345 59
346 205
347 438
348 324
349 435
350 24
351 169
352 79
353 146
354 125
355 125
356 175
357 237
358 470
359 52
360 162
361 204
362 259
363 152
364 475
365 431
366 343
367 438
368 83
369 127
370 164
371 501
372 374
373 113
374 500
375 115
376 258
377 120
378 532
379 179
380 118
381 143
382 64
383 132
384 47
385 84
386 331
387 124
388 490
389 278
390 519
391 70
392 281
393 201
394 34
395 521
396 62
397 64
398 154
399 461
400 273
401 33
402 471
403 347
404 37
405 515
406 275
407 204
408 89
409 27
410 109
411 114
412 76
413 501
414 37
415 117
416 21
417 308
418 232
419 354
420 162
421 166
422 497
423 109
424 532
425 313
426 537
427 239
428 125
429 245
430 210
431 50
432 236
433 300
434 157
435 38
436 136
437 166
438 199
439 242
440 319
441 49
442 102
443 143
444 171
445 225
446 221
447 411
448 235
449 276
450 63
451 23
452 513
453 388
454 170
455 147
456 312
457 143
458 178
459 206
460 66
461 129
462 57
463 146
464 74
465 164
466 99
467 125
468 279
469 53
470 204
471 511
472 169
473 39
474 314
475 139
476 529
477 154
478 77
479 94
480 365
481 431
482 168
483 203
484 161
485 533
486 237
487 222
488 226
489 196
490 256
491 493
492 271
493 69
494 176
495 37
496 266
497 158
498 298
499 47
500 606
501 248
502 210
503 125
504 220
505 174
506 167
507 539
508 119
509 90
510 83
511 226
512 557
513 449
514 333
515 50
516 201
517 522
518 39
519 130
520 226
521 86
522 221
523 216
524 112
525 130
526 176
527 61
528 22
529 358
530 204
531 241
532 170
533 169
534 385
535 154
536 165
537 122
538 31
539 355
540 284
541 286
542 552
543 86
544 311
545 306
546 49
547 27
548 184
549 189
550 175
551 439
552 325
553 329
554 519
555 92
556 94
557 276
558 65
559 87
560 193
561 218
562 490
563 116
564 183
565 167
566 129
567 182
568 145
569 160
570 41
571 537
572 194
573 409
574 540
575 84
576 244
577 562
578 124
579 198
580 119
581 52
582 148
583 569
584 85
585 114
586 554
587 153
588 74
589 308
590 357
591 220
592 496
593 25
594 132
595 430
596 98
597 123
598 210
599 168
600 65
601 493
602 229
603 228
604 224
605 182
606 120
607 209
608 43
609 164
610 257
611 124
612 30
613 296
614 503
615 400
616 31
617 285
618 103
619 102
620 216
621 72
622 121
623 53
624 59
625 382
626 182
627 171
628 244
629 194
630 118
631 68
632 112
633 84
634 257
635 234
636 200
637 57
638 482
639 599
640 106
641 89
642 249
643 153
644 577
645 137
646 475
647 103
648 295
649 78
650 210
651 65
652 168
653 146
654 183
655 482
656 394
657 106
658 531
659 212
660 182
661 434
662 524
663 82
664 133
665 68
666 191
667 429
668 567
669 236
670 187
671 143
672 162
673 402
674 373
675 476
676 418
677 83
678 130
679 91
680 84
681 548
682 192
683 486
684 228
685 59
686 118
687 324
688 129
689 422
690 44
691 227
692 97
693 518
694 453
695 122
696 132
697 503
698 20
699 23
700 126
701 487
702 118
703 37
704 89
705 483
706 153
707 92
708 257
709 453
710 93
711 50
712 49
713 208
714 553
715 520
716 118
717 89
718 216
719 107
720 335
721 44
722 260
723 228
724 316
725 303
726 46
727 171
728 39
729 505
730 37
731 41
732 489
733 454
734 236
735 55
736 156
737 218
738 122
739 167
740 57
741 292
742 104
743 80
744 251
745 188
746 104
747 394
748 75
749 451
750 233

<precedence relations>
1,14
2,15
3,13
3,20
3,348
4,16
5,19
5,23
5,24
5,373
6,26
7,18
7,22
8,21
9,17
10,25
10,490
11,125
12,49
13,27
14,31
15,29
16,30
17,28
17,33
17,389
18,39
19,127
20,35
20,38
20,90
22,421
23,152
25,34
25,37
26,32
26,36
27,40
28,42
29,48
30,43
31,41
31,43
31,46
31,54
33,240
33,513
34,56
34,58
34,120
36,49
36,53
36,55
36,57
37,45
37,47
38,44
38,51
38,52
38,366
39,50
40,59
41,60
42,62
43,61
43,74
43,75
43,127
44,63
44,513
44,689
45,64
45,143
46,65
46,68
46,69
47,66
48,575
49,67
49,459
50,534
50,619
51,173
51,569
51,707
52,421
52,685
53,202
54,70
54,298
55,192
56,118
56,260
57,71
57,72
57,390
58,73
59,76
60,78
61,79
62,82
63,84
64,85
65,86
66,87
67,88
68,77
68,489
69,80
70,81
71,83
71,90
71,387
72,89
72,91
72,375
73,90
74,93
75,92
75,273
76,94
77,95
78,96
79,99
80,97
81,98
82,101
83,100
84,103
85,105
86,102
87,105
88,106
89,104
90,730
91,107
91,108
92,188
94,111
95,114
96,109
97,116
98,116
99,110
100,112
101,113
102,117
103,115
104,120
105,118
105,121
105,172
106,123
106,125
106,391
107,119
107,122
107,127
107,128
107,249
108,124
108,126
109,129
110,136
111,130
112,137
113,138
114,131
115,133
116,145
118,132
119,134
119,139
119,152
120,275
121,144
122,142
124,135
124,143
125,268
126,140
126,352
127,632
128,141
128,253
129,153
130,149
131,151
132,147
133,148
134,150
135,146
135,158
136,156
136,405
137,227
137,666
139,269
140,194
140,367
140,591
141,740
142,497
143,159
144,154
144,155
145,152
145,157
145,580
146,161
147,164
148,171
149,167
150,168
151,169
152,160
152,165
152,166
152,170
153,174
154,162
154,175
155,163
155,448
156,176
156,340
159,172
159,173
159,177
159,258
160,178
161,186
162,179
163,181
164,182
165,183
166,184
167,185
168,186
169,187
170,180
170,605
171,189
172,188
172,605
173,191
173,344
173,739
175,192
176,190
176,193
176,194
178,198
179,196
180,195
181,201
182,197
183,197
184,202
185,197
186,462
187,203
187,285
188,204
188,409
189,207
189,210
189,490
189,744
190,200
190,205
190,208
192,199
193,201
193,209
194,206
194,254
195,211
196,217
197,212
197,213
197,216
197,218
197,226
197,491
198,225
198,227
198,346
198,513
199,214
199,228
199,286
200,215
200,220
201,419
201,476
203,224
206,221
207,423
208,223
208,653
209,219
209,222
211,229
212,230
213,231
214,232
215,233
216,236
217,234
218,238
219,235
219,237
219,240
219,244
219,245
220,406
222,242
222,243
222,246
223,341
224,241
224,247
224,579
227,239
227,497
228,248
228,249
228,488
228,531
229,253
230,254
231,255
232,256
233,253
234,250
235,251
236,253
237,252
238,253
239,260
239,262
240,747
242,259
242,447
243,261
243,401
244,257
244,258
245,465
246,712
249,256
250,263
251,265
252,267
253,277
253,421
253,511
254,271
254,389
254,497
255,272
256,275
256,372
256,586
257,264
257,276
258,266
258,268
260,273
261,374
261,668
262,269
262,270
262,274
263,279
264,280
265,281
266,283
267,284
268,278
268,282
268,289
272,288
274,285
274,287
275,535
276,286
276,345
276,475
278,291
279,292
280,294
281,297
282,293
283,295
284,298
285,290
285,296
286,299
287,300
287,301
287,302
287,303
287,371
288,304
288,305
289,712
290,306
291,313
292,307
293,308
294,310
295,311
296,312
297,309
299,320
300,319
300,321
302,315
302,316
304,314
304,317
304,318
306,322
307,323
308,330
309,325
310,326
311,331
312,328
314,324
314,743
315,327
316,329
317,332
317,333
320,508
321,671
322,340
323,343
324,335
325,336
326,337
327,338
328,334
329,339
330,349
330,354
330,492
331,341
331,342
331,348
331,350
331,353
331,355
331,708
332,345
332,346
332,356
333,344
333,347
333,351
333,352
334,361
335,362
336,365
337,363
338,364
339,364
341,357
341,374
342,358
343,375
344,359
345,360
345,366
345,406
346,493
347,372
349,367
349,368
349,373
352,372
354,369
355,371
356,370
356,443
357,377
358,378
359,379
360,380
361,382
362,381
363,384
364,376
364,383
364,389
364,423
364,609
365,390
366,385
368,713
369,392
370,391
370,448
370,711
371,388
371,579
371,689
374,387
375,386
376,393
377,394
378,399
379,395
380,401
381,400
382,396
383,397
384,400
385,398
386,402
387,403
388,477
389,408
390,406
390,409
391,404
391,405
392,407
392,408
393,411
394,418
395,419
396,412
397,414
398,416
399,417
400,410
400,424
402,413
402,420
402,427
403,415
403,488
403,509
406,421
406,425
407,422
408,706
409,423
409,426
410,428
411,429
412,433
413,435
414,437
415,438
416,441
417,432
418,439
418,440
418,445
418,460
419,446
420,430
421,431
421,443
422,434
422,444
422,447
422,488
422,494
422,652
423,436
424,442
424,483
426,448
427,605
428,451
429,459
430,449
431,450
432,453
433,452
434,454
435,459
436,455
437,460
438,459
439,456
440,457
441,459
442,458
443,463
443,464
443,652
444,463
444,576
445,461
446,462
446,465
446,466
446,467
446,468
446,691
446,742
448,686
449,473
450,474
451,469
452,470
453,475
454,471
455,472
456,473
457,473
458,476
460,554
462,481
463,478
463,482
463,636
463,715
464,479
464,484
465,477
465,483
465,666
467,480
467,579
467,651
468,688
469,489
470,490
471,486
472,487
473,485
473,491
473,493
473,494
473,498
474,497
475,499
477,496
478,489
479,488
479,492
480,495
480,715
482,596
484,570
485,502
486,501
487,505
488,500
488,513
488,555
488,556
489,621
490,604
491,503
492,504
492,514
493,506
493,511
493,516
494,572
495,508
495,515
496,510
496,729
497,509
498,507
499,512
499,517
500,518
501,519
502,522
503,524
504,525
505,520
506,527
507,521
507,526
507,528
508,523
508,589
509,529
509,533
509,538
509,715
510,532
512,536
512,537
514,531
515,530
515,534
517,535
518,539
519,543
520,542
521,544
522,553
523,548
524,545
525,549
526,550
527,546
528,551
529,552
530,540
530,547
531,541
533,555
533,622
534,556
537,554
537,557
537,558
539,559
540,560
541,561
542,562
543,563
544,569
545,564
546,565
547,566
548,567
549,568
550,569
551,569
552,570
553,577
553,578
555,573
555,574
556,572
556,576
557,571
557,575
557,579
557,580
559,581
560,585
561,586
562,587
563,588
564,589
565,583
566,584
567,591
568,582
570,714
570,750
573,592
573,705
574,593
574,595
575,596
579,594
580,590
581,597
582,599
583,600
584,601
585,605
586,603
586,607
586,609
587,620
588,602
588,610
590,598
591,604
591,608
593,712
595,606
597,611
598,613
599,614
600,617
601,612
602,615
602,707
602,727
603,616
604,622
607,620
607,621
608,618
610,619
611,625
612,623
613,624
614,626
615,627
616,628
617,629
618,632
618,633
618,637
619,631
619,636
619,639
620,630
620,638
621,635
622,634
623,641
624,643
625,645
626,647
627,646
628,648
629,649
630,640
630,653
631,642
632,644
633,650
635,651
637,652
638,704
640,654
641,655
642,657
643,666
644,658
645,667
646,659
647,660
648,668
649,669
650,661
651,656
651,663
651,664
651,672
652,662
652,671
653,665
653,670
653,704
654,684
655,673
656,674
657,677
658,685
659,680
660,682
661,678
662,679
663,681
664,675
664,683
665,676
665,688
665,690
669,687
670,686
670,691
672,689
673,692
674,704
675,693
676,694
677,698
678,695
679,699
680,700
681,696
682,702
683,703
684,697
684,705
684,715
685,706
686,701
686,709
686,710
687,707
687,714
688,713
689,716
691,708
691,711
691,712
692,726
693,727
694,717
695,718
696,722
697,723
698,724
699,721
700,726
701,725
702,726
703,728
704,734
705,719
706,720
713,733
714,730
715,729
716,731
716,732
717,739
718,735
719,736
720,737
721,738
722,740
723,739
724,739
725,739
726,750
727,744
727,746
728,741
728,749
729,743
730,742
730,745
732,747
733,748

<end>
