<number of tasks>
750

<cycle time>
1000

<order strength>
0.196


<task times>
1 84
2 255
3 249
4 57
5 89
6 209
7 184
8 440
9 38
10 180
11 170
12 162
13 234
14 78
15 91
16 138
17 149
18 31
19 176
20 162
21 47
22 131
23 252
24 65
25 127
26 155
27 120
28 151
29 274
30 90
31 67
32 121
33 170
34 154
35 48
36 155
37 45
38 214
39 112
40 77
41 160
42 149
43 250
44 32
45 190
46 89
47 149
48 112
49 105
50 51
51 69
52 265
53 144
54 71
55 55
56 270
57 72
58 135
59 212
60 87
61 56
62 131
63 86
64 128
65 129
66 156
67 73
68 148
69 73
70 307
71 49
72 54
73 47
74 119
75 68
76 96
77 63
78 282
79 157
80 213
81 189
82 42
83 79
84 265
85 102
86 277
87 136
88 119
89 83
90 104
91 81
92 156
93 38
94 77
95 144
96 227
97 159
98 290
99 140
100 172
101 43
102 223
103 83
104 65
105 156
106 60
107 78
108 129
109 138
110 197
111 195
112 263
113 154
114 219
115 225
116 229
117 236
118 74
119 228
120 121
121 200
122 60
123 110
124 59
125 304
126 169
127 32
128 232
129 64
130 26
131 94
132 189
133 181
134 190
135 92
136 138
137 121
138 203
139 193
140 46
141 360
142 96
143 107
144 106
145 69
146 57
147 184
148 253
149 145
150 146
151 81
152 177
153 276
154 118
155 214
156 38
157 32
158 166
159 222
160 131
161 39
162 51
163 153
164 62
165 97
166 68
167 129
168 185
169 128
170 113
171 243
172 61
173 120
174 63
175 25
176 77
177 90
178 41
179 50
180 29
181 187
182 35
183 194
184 63
185 230
186 117
187 56
188 132
189 163
190 46
191 133
192 98
193 61
194 183
195 138
196 136
197 98
198 32
199 122
200 251
201 28
202 45
203 199
204 222
205 159
206 259
207 198
208 97
209 168
210 171
211 207
212 80
213 271
214 55
215 65
216 289
217 115
218 206
219 201
220 72
221 211
222 297
223 77
224 182
225 38
226 173
227 213
228 248
229 201
230 128
231 234
232 295
233 194
234 205
235 154
236 158
237 230
238 69
239 146
240 82
241 90
242 46
243 208
244 30
245 185
246 160
247 102
248 167
249 85
250 152
251 48
252 60
253 172
254 43
255 54
256 195
257 317
258 114
259 212
260 46
261 189
262 240
263 302
264 95
265 233
266 59
267 76
268 65
269 215
270 94
271 212
272 278
273 121
274 50
275 171
276 44
277 228
278 167
279 178
280 139
281 182
282 176
283 53
284 238
285 149
286 175
287 165
288 190
289 62
290 143
291 206
292 183
293 37
294 161
295 210
296 92
297 189
298 87
299 78
300 204
301 69
302 274
303 104
304 191
305 143
306 91
307 208
308 133
309 93
310 237
311 99
312 100
313 234
314 298
315 80
316 184
317 81
318 117
319 270
320 215
321 113
322 203
323 172
324 315
325 114
326 154
327 72
328 278
329 101
330 30
331 129
332 143
333 246
334 120
335 127
336 52
337 106
338 313
339 28
340 120
341 122
342 78
343 60
344 123
345 33
346 234
347 123
348 226
349 198
350 134
351 167
352 77
353 117
354 79
355 31
356 123
357 20
358 285
359 65
360 162
361 165
362 34
363 244
364 66
365 148
366 221
367 114
368 107
369 178
370 218
371 53
372 144
373 114
374 95
375 97
376 132
377 33
378 113
379 84
380 90
381 451
382 205
383 72
384 46
385 23
386 101
387 265
388 286
389 163
390 151
391 215
392 146
393 67
394 188
395 307
396 135
397 162
398 48
399 87
400 147
401 37
402 305
403 277
404 136
405 173
406 267
407 28
408 39
409 23
410 201
411 126
412 237
413 53
414 107
415 161
416 130
417 226
418 142
419 136
420 164
421 242
422 20
423 204
424 47
425 95
426 72
427 115
428 242
429 166
430 92
431 176
432 106
433 62
434 39
435 46
436 120
437 82
438 144
439 119
440 110
441 46
442 164
443 82
444 55
445 145
446 140
447 116
448 150
449 141
450 106
451 44
452 32
453 78
454 47
455 87
456 113
457 114
458 93
459 168
460 289
461 210
462 95
463 27
464 94
465 39
466 39
467 165
468 120
469 56
470 69
471 71
472 35
473 307
474 108
475 254
476 126
477 82
478 138
479 202
480 128
481 67
482 252
483 30
484 113
485 236
486 39
487 172
488 147
489 131
490 101
491 229
492 63
493 268
494 157
495 40
496 85
497 44
498 88
499 35
500 146
501 298
502 209
503 140
504 100
505 240
506 227
507 81
508 164
509 277
510 68
511 30
512 68
513 87
514 177
515 120
516 59
517 69
518 313
519 52
520 116
521 82
522 156
523 155
524 142
525 197
526 63
527 228
528 129
529 149
530 355
531 73
532 48
533 203
534 199
535 42
536 255
537 200
538 134
539 129
540 255
541 162
542 146
543 22
544 161
545 235
546 35
547 25
548 51
549 54
550 90
551 71
552 56
553 101
554 226
555 63
556 158
557 350
558 24
559 68
560 106
561 251
562 138
563 72
564 96
565 74
566 129
567 305
568 211
569 151
570 197
571 153
572 202
573 59
574 281
575 44
576 71
577 123
578 83
579 202
580 193
581 141
582 172
583 284
584 161
585 226
586 273
587 190
588 69
589 110
590 136
591 114
592 133
593 213
594 84
595 263
596 98
597 85
598 174
599 253
600 288
601 23
602 206
603 104
604 205
605 184
606 170
607 210
608 22
609 31
610 173
611 132
612 126
613 211
614 41
615 248
616 162
617 47
618 61
619 248
620 275
621 125
622 131
623 45
624 105
625 244
626 218
627 142
628 64
629 165
630 53
631 144
632 108
633 62
634 38
635 213
636 116
637 145
638 125
639 345
640 118
641 233
642 189
643 134
644 120
645 241
646 200
647 152
648 126
649 209
650 113
651 180
652 73
653 151
654 267
655 267
656 185
657 108
658 206
659 89
660 130
661 96
662 115
663 229
664 178
665 142
666 198
667 99
668 61
669 98
670 154
671 143
672 104
673 338
674 93
675 31
676 73
677 50
678 114
679 161
680 28
681 35
682 228
683 89
684 208
685 119
686 122
687 355
688 54
689 75
690 24
691 31
692 24
693 77
694 178
695 216
696 318
697 73
698 45
699 36
700 214
701 171
702 191
703 226
704 157
705 132
706 281
707 229
708 102
709 151
710 252
711 180
712 84
713 290
714 285
715 288
716 52
717 136
718 200
719 84
720 204
721 91
722 49
723 22
724 80
725 160
726 154
727 274
728 268
729 55
730 34
731 288
732 207
733 209
734 154
735 92
736 30
737 36
738 192
739 95
740 180
741 420
742 218
743 56
744 141
745 127
746 179
747 87
748 37
749 195
750 37

<precedence relations>
1,17
2,18
3,21
4,22
5,23
6,25
7,19
7,24
7,28
8,20
8,30
9,26
10,27
10,32
11,31
12,29
13,33
13,34
14,527
16,600
17,38
18,44
19,35
20,36
21,37
22,44
23,45
24,39
25,40
26,41
27,42
28,43
29,46
29,48
29,49
29,106
30,520
32,47
32,51
32,339
34,50
34,462
35,62
36,52
37,53
38,55
39,57
40,65
41,66
42,56
43,61
44,58
44,59
44,60
45,215
46,54
47,68
47,109
47,704
48,64
48,292
49,69
49,70
49,125
50,63
50,67
51,453
52,71
53,84
54,72
55,73
56,77
57,78
58,79
59,80
60,81
61,83
62,630
63,74
63,589
63,671
64,75
65,85
65,88
66,90
66,91
67,76
68,82
68,86
68,87
69,89
70,726
71,93
72,92
73,103
74,95
75,96
76,97
77,98
78,99
79,104
80,102
81,100
82,101
83,94
84,107
84,110
87,108
88,105
88,621
89,634
90,106
90,109
91,581
92,112
93,117
94,113
95,114
96,115
97,122
98,118
99,116
100,119
101,120
102,111
102,130
102,307
103,131
103,295
104,121
104,125
104,129
105,381
105,546
106,127
106,128
107,123
107,126
108,124
110,132
111,133
112,135
113,134
114,137
115,136
116,141
117,142
118,143
119,144
120,138
121,139
121,533
122,444
123,140
124,277
126,249
126,589
127,146
127,508
128,452
128,669
129,145
130,147
130,388
132,148
133,150
134,149
135,157
136,159
137,151
138,152
139,153
140,154
141,155
142,160
143,157
144,156
145,164
145,165
145,197
146,158
147,161
147,163
148,157
148,158
148,162
149,166
150,167
151,169
152,170
153,171
154,172
155,174
156,173
157,307
158,168
158,175
159,178
159,543
159,565
160,177
161,181
161,338
162,590
163,179
164,176
164,232
164,486
165,180
165,307
166,182
167,183
168,184
169,186
170,185
171,187
172,189
173,188
173,190
173,191
173,203
174,196
175,194
175,197
175,397
175,466
176,192
176,200
177,201
177,202
177,369
178,193
178,195
178,199
178,296
178,748
179,198
181,735
181,746
182,213
183,204
184,215
185,208
186,206
187,209
188,210
189,211
190,205
190,218
190,363
191,207
192,212
193,388
195,468
195,512
196,216
197,214
200,217
200,219
201,216
202,450
204,220
205,222
206,224
207,226
208,223
209,225
210,228
211,227
212,230
213,231
213,236
213,498
214,221
214,231
214,232
214,235
214,252
215,231
215,238
216,229
216,233
216,234
218,237
219,633
220,239
221,240
222,243
223,241
224,248
225,242
226,249
227,245
228,244
229,246
230,247
231,255
231,256
232,369
233,254
234,251
235,250
235,259
236,656
238,252
238,253
238,257
238,258
239,260
240,268
241,262
242,263
243,266
244,261
245,267
246,265
247,270
248,729
249,269
250,264
252,277
253,580
254,271
254,296
255,275
255,468
256,276
257,274
257,278
257,447
258,273
259,272
259,279
259,377
260,281
261,282
262,283
263,280
264,285
265,286
266,287
267,290
269,284
269,291
270,293
270,296
270,413
271,295
271,417
271,657
272,288
272,734
273,289
273,292
273,294
276,637
280,298
281,302
282,303
283,301
284,300
285,302
286,304
287,302
288,297
288,309
289,299
289,310
291,308
292,305
293,311
293,418
294,601
295,307
295,414
296,306
297,312
298,313
299,314
300,315
301,318
302,316
302,317
303,323
304,321
304,324
305,319
305,322
305,742
306,320
307,325
307,429
308,413
308,508
310,326
311,723
312,336
313,327
314,328
315,329
316,330
317,333
318,331
319,334
320,335
321,332
321,339
321,341
321,342
322,343
322,468
323,340
323,344
323,548
325,673
326,337
326,338
327,349
328,350
329,345
330,346
331,347
332,348
333,352
334,350
335,353
336,500
337,355
337,356
338,354
341,351
341,528
343,619
345,361
346,359
347,358
348,363
349,360
351,357
351,367
352,368
352,703
353,366
354,362
354,364
354,365
354,369
355,370
356,371
357,372
358,373
359,374
360,375
361,377
361,384
361,387
362,376
362,382
363,378
363,622
363,708
364,379
364,380
364,381
366,382
366,722
367,383
368,385
369,386
371,388
371,453
372,397
373,390
374,391
375,392
376,393
377,389
377,398
377,413
378,395
379,403
379,501
381,402
382,401
383,399
385,619
386,394
386,396
386,400
388,412
389,405
390,408
391,409
392,411
393,410
394,404
395,406
395,415
395,416
395,419
395,740
396,407
397,414
399,418
400,412
403,413
403,417
403,602
404,420
405,422
406,421
407,423
408,424
409,425
410,426
411,427
412,428
413,431
414,430
414,451
415,436
416,432
416,434
416,435
417,433
417,435
418,429
419,437
420,443
421,445
422,438
423,446
424,439
425,448
426,440
427,449
428,442
429,441
429,444
429,447
430,621
431,453
431,484
434,452
434,732
435,451
436,450
436,577
438,455
439,457
440,458
441,459
442,461
443,731
444,454
444,463
444,464
444,728
445,466
445,467
446,690
447,456
448,462
449,460
449,468
449,470
449,690
450,512
451,507
451,630
453,465
453,469
453,600
454,475
455,477
456,478
457,479
458,480
459,481
460,471
460,472
460,473
460,474
460,476
460,486
460,487
461,484
462,647
464,564
468,561
469,483
470,482
470,485
471,488
472,490
473,491
474,492
475,489
476,493
477,494
478,496
479,497
480,498
481,495
482,547
483,500
484,502
485,499
485,501
485,503
487,507
488,505
489,504
490,507
491,508
492,507
493,509
494,510
495,511
496,506
498,512
498,513
500,519
501,516
501,744
502,514
502,518
503,515
503,517
503,520
504,522
505,523
506,524
507,521
509,530
511,533
512,531
513,526
514,529
514,603
515,528
517,534
518,527
519,525
519,532
521,536
522,537
523,538
524,539
525,535
525,541
525,542
525,545
526,540
527,656
528,546
528,547
528,563
529,548
531,549
532,543
533,544
535,550
536,553
537,551
538,552
539,554
540,557
541,558
542,560
543,555
543,556
544,559
544,561
544,565
546,564
547,605
548,562
548,563
550,576
551,571
552,572
553,567
554,568
555,569
556,570
557,573
558,574
559,575
560,576
561,566
562,577
562,580
563,581
563,635
565,578
565,579
566,582
567,583
568,584
569,588
570,588
571,585
572,586
573,590
574,587
575,588
577,713
578,589
580,591
580,636
582,600
583,594
584,595
585,596
586,597
587,598
588,592
588,599
588,603
588,605
588,607
588,608
588,667
589,593
589,602
589,609
590,601
590,606
590,617
591,604
592,610
593,611
594,614
595,615
596,617
597,612
598,613
599,616
600,618
602,621
602,714
604,620
604,622
607,623
608,619
610,625
611,626
612,624
613,629
614,627
615,628
616,629
618,637
618,638
619,631
619,632
619,633
619,634
619,636
620,630
620,635
624,639
625,640
626,641
627,646
628,642
629,644
630,643
631,645
632,651
632,656
633,653
634,650
634,654
635,657
635,686
636,649
637,648
637,655
638,647
638,652
639,667
640,658
641,662
642,663
643,664
644,665
645,666
646,659
647,660
647,661
649,714
650,668
651,674
655,669
655,670
655,672
656,671
657,673
657,675
658,676
659,678
660,679
661,680
662,677
663,686
664,684
665,683
666,685
667,689
667,692
668,681
668,746
669,682
670,688
670,724
672,691
673,693
674,690
675,687
676,694
677,696
678,697
679,704
680,698
681,700
682,701
683,699
684,702
685,695
685,711
685,714
686,712
687,705
687,707
687,713
690,708
690,709
690,710
691,703
691,706
691,725
694,715
695,716
696,717
697,722
698,721
699,719
700,722
701,720
702,723
703,718
704,726
704,732
704,734
705,725
705,733
706,728
707,724
708,729
708,736
710,731
711,727
711,730
714,735
715,740
716,741
717,737
718,738
719,742
720,740
721,739
725,750
727,746
729,743
730,747
730,748
732,749
733,745
734,744

<end>
