<number of tasks>
750

<cycle time>
1000

<order strength>
0.289


<task times>
1 134
2 50
3 199
4 102
5 107
6 88
7 74
8 245
9 27
10 70
11 44
12 76
13 89
14 160
15 191
16 182
17 165
18 120
19 100
20 71
21 74
22 85
23 116
24 34
25 64
26 91
27 164
28 372
29 76
30 160
31 129
32 74
33 68
34 159
35 45
36 103
37 179
38 195
39 96
40 48
41 229
42 133
43 190
44 159
45 52
46 130
47 169
48 232
49 243
50 95
51 314
52 183
53 181
54 174
55 309
56 263
57 216
58 146
59 104
60 89
61 189
62 75
63 248
64 80
65 160
66 160
67 162
68 171
69 296
70 52
71 60
72 87
73 149
74 159
75 275
76 223
77 107
78 207
79 35
80 230
81 183
82 101
83 189
84 181
85 175
86 45
87 76
88 153
89 78
90 199
91 59
92 87
93 60
94 231
95 72
96 226
97 95
98 245
99 108
100 132
101 116
102 169
103 195
104 111
105 48
106 44
107 32
108 154
109 76
110 37
111 30
112 185
113 347
114 123
115 58
116 65
117 137
118 82
119 174
120 78
121 190
122 59
123 177
124 90
125 112
126 194
127 239
128 273
129 131
130 36
131 225
132 143
133 130
134 177
135 199
136 179
137 183
138 208
139 91
140 127
141 58
142 219
143 233
144 169
145 294
146 57
147 145
148 346
149 233
150 146
151 87
152 33
153 38
154 112
155 161
156 308
157 250
158 123
159 161
160 108
161 196
162 43
163 39
164 243
165 133
166 256
167 127
168 99
169 263
170 54
171 97
172 212
173 89
174 156
175 144
176 29
177 74
178 100
179 81
180 140
181 103
182 93
183 109
184 187
185 188
186 189
187 68
188 129
189 54
190 159
191 158
192 343
193 159
194 254
195 65
196 203
197 239
198 42
199 83
200 217
201 243
202 107
203 140
204 123
205 61
206 297
207 72
208 213
209 115
210 304
211 163
212 190
213 22
214 249
215 178
216 294
217 58
218 69
219 153
220 72
221 112
222 192
223 95
224 37
225 266
226 118
227 32
228 112
229 118
230 165
231 93
232 149
233 93
234 129
235 279
236 135
237 206
238 165
239 180
240 44
241 318
242 203
243 44
244 150
245 175
246 102
247 89
248 66
249 29
250 207
251 89
252 214
253 70
254 263
255 300
256 73
257 174
258 206
259 337
260 169
261 141
262 205
263 159
264 158
265 143
266 212
267 381
268 77
269 91
270 377
271 101
272 135
273 88
274 146
275 55
276 127
277 63
278 93
279 60
280 171
281 113
282 136
283 201
284 327
285 55
286 79
287 181
288 88
289 73
290 244
291 89
292 110
293 83
294 149
295 21
296 71
297 79
298 33
299 96
300 163
301 66
302 196
303 210
304 236
305 218
306 97
307 266
308 275
309 55
310 38
311 126
312 275
313 162
314 208
315 24
316 41
317 80
318 162
319 45
320 138
321 108
322 201
323 145
324 58
325 350
326 146
327 75
328 138
329 130
330 127
331 82
332 71
333 127
334 65
335 33
336 178
337 78
338 69
339 224
340 190
341 101
342 130
343 115
344 109
345 89
346 153
347 194
348 123
349 95
350 203
351 361
352 184
353 90
354 104
355 42
356 78
357 240
358 22
359 94
360 460
361 104
362 73
363 144
364 189
365 249
366 126
367 224
368 66
369 124
370 103
371 136
372 49
373 86
374 29
375 101
376 24
377 212
378 372
379 28
380 67
381 80
382 40
383 60
384 93
385 33
386 182
387 143
388 269
389 107
390 174
391 272
392 28
393 97
394 21
395 132
396 238
397 242
398 122
399 33
400 55
401 52
402 20
403 247
404 51
405 299
406 143
407 26
408 55
409 295
410 193
411 111
412 221
413 211
414 182
415 39
416 211
417 108
418 325
419 259
420 79
421 79
422 35
423 95
424 83
425 215
426 22
427 215
428 40
429 332
430 146
431 69
432 180
433 60
434 140
435 165
436 95
437 100
438 83
439 218
440 124
441 160
442 60
443 43
444 162
445 91
446 107
447 61
448 133
449 214
450 84
451 131
452 49
453 170
454 182
455 182
456 22
457 190
458 149
459 43
460 136
461 251
462 142
463 138
464 206
465 94
466 173
467 104
468 96
469 80
470 247
471 137
472 62
473 38
474 57
475 313
476 140
477 132
478 211
479 152
480 368
481 118
482 122
483 295
484 37
485 64
486 119
487 83
488 63
489 307
490 131
491 160
492 86
493 117
494 183
495 43
496 226
497 282
498 32
499 193
500 108
501 104
502 62
503 169
504 31
505 100
506 124
507 146
508 78
509 54
510 151
511 25
512 64
513 49
514 195
515 142
516 97
517 82
518 210
519 41
520 123
521 114
522 186
523 182
524 155
525 105
526 90
527 117
528 180
529 20
530 144
531 239
532 131
533 198
534 53
535 239
536 88
537 173
538 27
539 103
540 208
541 163
542 96
543 111
544 92
545 199
546 117
547 235
548 142
549 53
550 96
551 108
552 27
553 178
554 106
555 215
556 116
557 67
558 130
559 172
560 115
561 57
562 145
563 129
564 177
565 349
566 254
567 157
568 226
569 148
570 20
571 34
572 336
573 44
574 161
575 271
576 71
577 121
578 52
579 128
580 252
581 101
582 199
583 76
584 30
585 223
586 197
587 46
588 299
589 119
590 291
591 98
592 180
593 123
594 180
595 266
596 70
597 88
598 64
599 132
600 27
601 110
602 219
603 232
604 139
605 124
606 199
607 137
608 217
609 119
610 105
611 177
612 229
613 146
614 195
615 280
616 142
617 141
618 88
619 22
620 117
621 135
622 310
623 226
624 130
625 247
626 33
627 214
628 250
629 173
630 119
631 40
632 104
633 113
634 129
635 58
636 133
637 237
638 154
639 171
640 43
641 147
642 150
643 73
644 128
645 46
646 20
647 129
648 56
649 86
650 130
651 93
652 137
653 119
654 83
655 65
656 170
657 96
658 51
659 65
660 77
661 132
662 147
663 153
664 238
665 51
666 155
667 105
668 55
669 128
670 296
671 281
672 120
673 214
674 123
675 74
676 182
677 134
678 154
679 58
680 79
681 37
682 46
683 90
684 190
685 62
686 259
687 39
688 90
689 305
690 131
691 61
692 39
693 186
694 107
695 235
696 63
697 83
698 243
699 90
700 88
701 216
702 164
703 160
704 211
705 72
706 20
707 185
708 158
709 160
710 145
711 72
712 250
713 237
714 155
715 204
716 157
717 180
718 159
719 228
720 157
721 36
722 105
723 53
724 81
725 87
726 42
727 134
728 27
729 82
730 157
731 50
732 135
733 135
734 275
735 253
736 75
737 242
738 21
739 128
740 210
741 146
742 218
743 115
744 148
745 203
746 109
747 31
748 116
749 100
750 171

<precedence relations>
1,241
2,33
3,33
4,33
5,33
6,33
7,33
8,33
9,33
10,113
11,217
12,217
13,145
14,145
15,145
16,120
17,327
18,327
19,347
20,347
21,347
22,52
23,55
24,56
25,42
25,53
25,57
26,40
26,46
26,54
27,34
27,39
27,41
27,45
27,49
27,59
27,60
28,37
28,38
29,43
29,50
29,51
30,36
30,44
31,32
31,35
31,47
31,48
31,58
32,241
33,64
33,65
33,66
33,67
33,70
33,73
34,113
35,113
36,113
37,114
38,114
39,145
40,145
41,145
42,145
43,145
44,145
45,145
46,120
47,120
48,120
49,120
50,327
51,327
52,76
53,77
54,79
55,78
56,80
57,68
57,71
57,75
57,85
58,62
58,69
58,82
59,61
59,63
59,72
59,74
60,81
60,83
60,84
61,466
62,466
63,241
64,113
65,113
66,120
67,120
68,113
69,114
70,145
71,120
72,120
73,204
74,204
75,347
76,109
77,110
78,107
79,86
80,90
80,99
80,105
80,111
81,89
81,91
81,94
81,108
82,87
82,88
82,92
82,96
82,100
82,103
82,112
83,98
84,97
84,101
84,104
84,106
85,93
85,95
85,102
86,466
87,241
88,241
89,541
90,541
91,113
92,114
93,114
94,114
95,114
96,114
97,217
98,145
99,145
100,707
101,120
102,120
103,120
104,120
105,455
106,205
107,115
108,123
109,116
109,122
109,124
110,127
111,118
111,119
111,125
111,126
112,117
112,121
113,129
113,130
113,131
113,132
113,133
113,134
113,159
114,135
114,136
114,137
114,138
114,139
114,140
114,141
114,142
114,143
114,144
115,145
116,145
117,145
118,145
119,145
120,128
120,146
120,147
120,148
120,149
120,150
120,151
120,152
120,153
120,154
120,155
121,204
122,205
123,156
125,157
126,158
128,241
129,347
130,170
130,171
130,175
133,160
134,172
135,173
136,174
142,167
142,168
144,176
144,177
145,162
145,163
145,164
145,165
145,166
148,169
159,161
160,241
161,623
162,453
163,205
164,186
164,188
164,192
164,195
165,179
166,184
167,587
168,204
169,347
170,189
171,191
172,185
172,190
173,178
173,181
173,198
174,182
175,183
175,194
175,196
175,199
176,197
177,180
177,187
177,193
178,466
179,466
180,241
181,217
182,204
183,204
184,204
185,205
186,205
187,347
188,208
189,210
190,211
191,209
192,213
193,212
195,200
196,215
198,202
198,203
198,206
198,214
199,201
199,207
200,241
201,623
202,217
203,475
204,218
204,219
204,220
204,221
204,222
204,223
204,224
204,225
204,226
204,237
204,238
204,240
205,227
205,228
205,229
205,230
205,231
205,239
206,347
207,347
208,235
209,232
210,216
211,236
212,233
213,234
216,241
217,242
217,243
217,244
217,245
217,246
217,247
217,248
217,249
217,250
217,251
217,252
217,253
217,254
217,255
218,455
219,257
219,259
223,262
225,263
232,260
233,256
234,261
237,258
240,264
241,265
241,266
241,267
241,268
241,269
241,270
241,271
241,272
241,273
241,274
242,347
243,277
244,283
244,287
245,280
246,288
246,290
247,279
252,285
252,291
253,282
253,286
256,347
257,275
258,276
259,278
262,281
262,292
264,284
264,289
265,455
266,302
266,306
268,305
271,296
271,297
273,304
275,303
276,293
277,301
278,293
279,298
280,299
281,300
283,295
290,294
293,623
294,623
295,347
296,347
297,347
298,309
299,310
300,312
301,311
302,313
303,315
303,318
303,320
303,321
305,308
305,314
305,316
305,319
306,307
306,317
306,322
306,323
307,327
308,347
309,324
310,324
311,331
312,330
313,335
314,328
314,332
314,336
315,333
316,329
317,337
319,334
321,325
321,326
321,338
324,466
325,623
326,587
327,341
327,342
327,343
327,344
327,345
327,346
328,347
329,347
330,348
331,349
332,351
333,352
334,350
336,339
336,353
338,340
338,354
339,623
340,453
341,356
342,378
342,380
342,381
346,455
347,357
347,358
347,359
347,360
347,361
347,362
347,363
347,364
347,365
347,366
347,367
347,368
347,369
347,370
347,371
347,372
347,373
347,379
348,355
349,374
350,375
351,376
352,377
355,466
356,623
357,382
357,390
357,391
366,386
367,387
367,394
373,393
374,384
375,385
376,389
378,383
379,392
381,388
382,397
383,398
384,395
385,406
387,407
388,402
388,408
389,399
389,400
389,405
390,403
392,396
392,401
394,404
395,466
396,541
397,412
398,411
399,409
399,417
400,410
400,414
400,415
400,416
407,413
409,422
410,424
411,426
412,425
412,430
413,423
413,432
414,418
414,420
416,419
416,428
416,433
417,421
417,427
417,429
417,431
418,541
419,587
420,587
421,455
422,441
423,442
424,446
425,443
426,445
427,440
428,434
428,444
429,436
429,447
431,439
431,449
432,437
433,435
433,438
433,448
434,623
435,453
436,453
437,475
438,475
439,455
440,456
441,459
442,460
443,450
444,457
445,458
446,452
447,463
447,464
448,454
448,461
449,451
449,462
449,465
450,466
451,587
452,707
453,467
453,468
453,469
453,470
453,471
453,472
453,473
453,474
454,475
455,476
455,477
455,478
455,479
455,480
456,486
457,483
458,481
459,488
461,482
462,484
463,487
464,485
466,489
466,490
466,491
466,492
466,493
466,494
466,495
466,496
473,508
475,497
475,498
475,499
475,500
475,501
476,509
477,511
480,510
481,503
482,504
483,507
484,505
485,502
487,506
502,512
503,515
504,516
505,513
506,514
510,517
511,518
512,521
513,522
514,523
515,525
515,527
515,530
516,529
517,520
517,524
517,528
518,519
518,526
519,623
520,541
521,531
521,532
523,537
525,538
526,539
527,533
528,535
528,536
529,534
531,541
532,545
533,540
533,542
533,543
533,544
535,548
536,546
536,549
537,547
540,623
541,550
541,551
541,552
541,553
542,707
543,555
544,556
545,554
546,557
546,558
547,561
548,562
549,559
549,560
550,566
550,567
551,570
554,563
555,569
556,568
557,564
557,573
558,565
558,571
559,572
563,574
564,576
565,577
566,578
567,579
568,575
570,580
570,582
570,584
571,581
571,585
571,586
572,583
574,587
575,590
576,589
577,592
578,593
579,594
580,588
581,591
581,601
582,596
582,597
582,599
584,595
584,600
584,602
585,598
587,604
587,605
587,606
587,607
587,608
587,609
588,610
589,612
590,617
591,613
592,603
593,611
593,614
595,615
596,616
600,620
601,619
601,621
602,618
602,622
603,623
604,632
610,624
611,625
612,630
613,624
614,627
615,628
616,629
618,626
620,631
623,633
623,634
623,635
623,636
623,641
624,707
625,638
626,637
627,638
628,638
629,639
631,642
632,640
632,643
633,644
633,651
635,649
636,650
636,652
637,645
639,648
640,647
642,646
644,653
646,654
646,655
646,659
647,661
647,662
648,660
648,665
649,656
649,663
651,657
651,658
652,664
653,667
654,670
655,666
655,671
655,677
656,668
656,673
656,675
657,669
657,674
657,676
661,672
666,679
667,680
668,681
669,682
670,685
671,684
672,683
672,687
673,690
673,692
675,688
675,689
675,691
677,678
677,686
678,707
679,694
680,695
681,693
682,699
683,697
684,700
686,696
686,698
686,704
688,703
688,706
691,701
691,705
692,702
693,707
694,712
695,708
696,710
697,711
698,709
698,713
698,717
701,714
706,715
706,716
707,718
707,719
707,720
707,721
707,722
707,723
707,724
707,725
707,726
707,727
707,728
708,734
709,731
710,730
711,732
712,733
712,736
713,729
714,735
715,737
718,743
718,748
718,750
724,745
725,746
725,747
725,749
726,744
729,738
730,739
731,742
732,740
733,741

<end>
