<number of tasks>
750

<cycle time>
1000

<order strength>
0.896


<task times>
1 471
2 292
3 498
4 396
5 136
6 508
7 181
8 88
9 252
10 254
11 148
12 23
13 286
14 163
15 60
16 51
17 239
18 489
19 286
20 307
21 205
22 495
23 556
24 351
25 35
26 446
27 228
28 485
29 213
30 151
31 140
32 252
33 440
34 34
35 189
36 226
37 91
38 540
39 235
40 159
41 430
42 283
43 130
44 217
45 181
46 21
47 524
48 147
49 148
50 544
51 373
52 202
53 47
54 138
55 541
56 283
57 78
58 253
59 125
60 156
61 140
62 60
63 458
64 82
65 283
66 98
67 165
68 418
69 251
70 52
71 82
72 542
73 341
74 257
75 381
76 262
77 137
78 126
79 193
80 125
81 70
82 409
83 44
84 238
85 212
86 33
87 254
88 32
89 155
90 609
91 406
92 145
93 102
94 49
95 482
96 56
97 278
98 118
99 449
100 166
101 122
102 176
103 520
104 313
105 80
106 488
107 136
108 288
109 278
110 25
111 421
112 20
113 76
114 34
115 158
116 83
117 30
118 62
119 511
120 356
121 548
122 516
123 252
124 34
125 116
126 74
127 106
128 206
129 89
130 531
131 126
132 271
133 131
134 461
135 516
136 427
137 188
138 45
139 130
140 337
141 209
142 151
143 143
144 29
145 90
146 221
147 518
148 465
149 187
150 114
151 500
152 222
153 140
154 44
155 221
156 129
157 149
158 21
159 175
160 317
161 111
162 149
163 233
164 54
165 454
166 259
167 313
168 115
169 173
170 289
171 192
172 71
173 151
174 222
175 221
176 85
177 459
178 23
179 114
180 263
181 73
182 81
183 249
184 312
185 58
186 61
187 437
188 222
189 93
190 220
191 33
192 91
193 275
194 128
195 100
196 267
197 531
198 369
199 226
200 222
201 52
202 365
203 51
204 163
205 181
206 133
207 489
208 195
209 116
210 202
211 262
212 519
213 243
214 54
215 59
216 362
217 100
218 486
219 494
220 168
221 57
222 413
223 21
224 34
225 208
226 367
227 92
228 282
229 325
230 241
231 591
232 114
233 27
234 178
235 233
236 487
237 176
238 132
239 462
240 187
241 350
242 202
243 153
244 269
245 52
246 264
247 282
248 564
249 143
250 274
251 480
252 440
253 61
254 416
255 420
256 167
257 180
258 147
259 206
260 87
261 452
262 403
263 200
264 62
265 458
266 193
267 126
268 285
269 124
270 93
271 124
272 46
273 97
274 171
275 138
276 171
277 94
278 331
279 122
280 453
281 375
282 351
283 106
284 21
285 168
286 100
287 192
288 362
289 568
290 403
291 118
292 230
293 79
294 239
295 76
296 484
297 65
298 150
299 81
300 273
301 177
302 88
303 174
304 475
305 131
306 420
307 347
308 285
309 525
310 44
311 158
312 191
313 48
314 60
315 224
316 160
317 142
318 88
319 124
320 87
321 220
322 145
323 47
324 502
325 251
326 166
327 68
328 135
329 236
330 190
331 294
332 264
333 69
334 471
335 223
336 243
337 262
338 188
339 206
340 319
341 582
342 367
343 540
344 135
345 145
346 98
347 202
348 67
349 168
350 240
351 192
352 482
353 546
354 504
355 511
356 543
357 137
358 83
359 60
360 72
361 283
362 341
363 488
364 71
365 240
366 146
367 45
368 143
369 473
370 52
371 36
372 247
373 275
374 97
375 342
376 177
377 98
378 238
379 100
380 182
381 330
382 177
383 49
384 560
385 281
386 554
387 153
388 120
389 275
390 74
391 53
392 67
393 237
394 192
395 167
396 294
397 269
398 253
399 497
400 460
401 606
402 35
403 157
404 53
405 490
406 110
407 195
408 110
409 362
410 71
411 477
412 318
413 31
414 21
415 204
416 31
417 548
418 155
419 212
420 93
421 51
422 258
423 159
424 488
425 145
426 110
427 23
428 139
429 301
430 162
431 573
432 95
433 27
434 486
435 518
436 209
437 43
438 346
439 323
440 120
441 476
442 532
443 195
444 314
445 240
446 367
447 233
448 65
449 235
450 189
451 71
452 117
453 481
454 181
455 62
456 104
457 31
458 34
459 174
460 162
461 487
462 136
463 315
464 514
465 218
466 278
467 262
468 46
469 560
470 370
471 210
472 494
473 81
474 30
475 324
476 272
477 64
478 195
479 80
480 95
481 179
482 540
483 264
484 160
485 150
486 43
487 488
488 444
489 52
490 36
491 39
492 170
493 243
494 70
495 71
496 201
497 98
498 501
499 475
500 25
501 99
502 132
503 152
504 104
505 160
506 60
507 119
508 514
509 108
510 310
511 45
512 488
513 87
514 613
515 36
516 140
517 192
518 93
519 516
520 441
521 183
522 346
523 52
524 65
525 355
526 39
527 182
528 84
529 540
530 94
531 383
532 472
533 150
534 76
535 125
536 155
537 208
538 549
539 494
540 567
541 51
542 521
543 289
544 158
545 152
546 555
547 226
548 36
549 130
550 211
551 88
552 65
553 89
554 170
555 208
556 23
557 295
558 34
559 217
560 355
561 228
562 444
563 41
564 513
565 465
566 256
567 204
568 214
569 112
570 124
571 178
572 182
573 281
574 151
575 484
576 239
577 319
578 144
579 343
580 111
581 322
582 23
583 116
584 237
585 136
586 319
587 546
588 89
589 249
590 90
591 378
592 112
593 160
594 234
595 73
596 573
597 191
598 214
599 264
600 270
601 92
602 418
603 106
604 418
605 159
606 38
607 149
608 412
609 395
610 150
611 533
612 160
613 47
614 112
615 506
616 155
617 473
618 183
619 204
620 121
621 167
622 140
623 74
624 152
625 151
626 48
627 185
628 530
629 190
630 289
631 109
632 205
633 32
634 30
635 342
636 290
637 402
638 245
639 75
640 148
641 39
642 547
643 448
644 520
645 227
646 177
647 508
648 251
649 477
650 170
651 218
652 139
653 117
654 85
655 598
656 47
657 186
658 162
659 300
660 104
661 254
662 279
663 53
664 115
665 342
666 349
667 85
668 317
669 414
670 312
671 225
672 28
673 515
674 512
675 297
676 143
677 471
678 287
679 505
680 125
681 227
682 122
683 156
684 53
685 91
686 338
687 117
688 74
689 139
690 87
691 497
692 51
693 105
694 568
695 23
696 588
697 231
698 300
699 215
700 74
701 78
702 126
703 481
704 319
705 43
706 124
707 173
708 144
709 520
710 50
711 53
712 352
713 203
714 91
715 138
716 489
717 339
718 28
719 287
720 71
721 61
722 43
723 141
724 37
725 289
726 214
727 118
728 39
729 289
730 102
731 110
732 520
733 286
734 183
735 222
736 77
737 221
738 131
739 136
740 268
741 467
742 430
743 135
744 238
745 171
746 133
747 189
748 382
749 123
750 416

<precedence relations>
1,11
2,4
2,5
2,6
2,8
2,16
3,4
3,5
3,6
3,7
3,8
3,9
3,10
3,11
4,31
5,12
6,17
7,12
7,13
7,16
8,12
8,13
8,14
8,15
9,12
9,13
9,14
9,15
10,130
11,12
11,13
11,14
11,16
12,17
12,18
12,19
12,20
13,17
13,19
13,20
14,17
14,19
14,20
14,21
14,22
14,23
15,17
15,18
15,19
15,20
16,18
16,22
17,25
18,24
18,25
18,27
19,24
19,25
19,26
20,27
21,24
21,26
22,24
22,26
22,27
23,24
23,25
23,26
23,27
24,28
24,29
24,30
24,31
24,32
24,33
24,34
24,35
24,36
25,28
25,29
25,30
25,31
25,42
26,28
26,29
26,30
26,32
26,33
27,28
27,29
27,30
27,31
27,32
27,33
28,37
28,38
28,41
29,37
29,38
29,43
30,40
30,50
31,37
31,38
31,39
31,40
31,41
31,43
32,37
32,42
32,43
33,37
33,50
34,37
34,38
34,39
34,40
34,41
34,42
34,43
35,37
35,38
35,39
35,40
36,92
36,100
37,44
37,45
37,46
37,47
38,44
38,45
38,46
38,47
38,48
39,48
39,49
39,50
40,44
40,45
40,46
41,44
41,45
41,46
41,47
41,48
41,49
41,50
42,44
42,45
42,50
43,44
43,45
43,46
43,47
43,48
43,49
43,50
44,51
44,52
44,53
44,54
44,55
44,56
44,57
45,51
45,52
45,53
45,54
45,55
45,56
45,57
46,51
46,52
46,53
46,54
46,55
46,56
46,57
47,51
47,52
47,53
47,54
47,55
47,56
47,57
48,52
48,55
48,56
48,57
49,51
49,52
49,53
49,54
49,55
49,56
49,57
50,51
50,52
50,53
50,54
50,55
50,56
50,57
51,58
51,59
51,60
51,61
51,62
52,58
52,59
52,60
52,61
52,62
53,58
53,59
53,60
53,61
53,62
54,58
54,59
54,60
54,62
55,59
56,453
57,58
57,62
58,63
58,64
58,65
58,66
58,67
58,68
58,69
58,70
59,63
59,64
59,65
59,66
59,67
59,68
59,69
59,70
60,64
61,63
61,64
62,63
62,64
62,65
62,67
62,68
62,69
62,70
63,71
63,72
63,73
63,74
64,71
64,73
64,74
64,75
64,76
65,71
65,72
65,73
65,74
65,75
65,76
66,71
66,72
66,73
66,74
66,75
66,76
67,71
67,72
67,73
67,74
67,75
67,76
68,71
68,72
68,73
68,74
68,75
69,91
70,71
70,72
70,76
71,77
71,78
71,79
71,80
72,78
73,77
73,78
73,79
73,80
74,77
74,78
74,79
74,80
75,77
75,78
75,79
75,80
76,77
76,78
76,80
77,81
77,82
77,83
77,84
78,81
78,82
78,83
78,84
79,81
79,84
80,81
80,82
80,83
81,85
81,86
81,87
81,88
81,89
81,90
81,91
81,92
82,85
82,86
82,87
82,88
82,89
82,90
82,91
82,92
83,85
83,86
83,87
83,88
83,89
83,90
83,91
83,92
84,85
84,86
84,87
84,90
84,91
84,92
85,93
85,100
85,101
86,93
86,94
86,95
86,96
87,93
87,94
87,95
88,93
88,94
88,95
88,96
89,93
89,94
89,95
89,96
90,93
90,94
90,95
90,96
91,93
91,94
91,95
91,96
92,93
92,94
93,97
93,98
94,101
95,97
95,100
95,101
96,97
96,98
96,99
96,100
96,101
97,102
97,103
97,104
97,105
97,106
98,435
98,439
98,495
98,496
99,105
99,110
99,113
99,123
100,102
100,103
100,104
100,106
101,102
101,106
101,112
102,107
102,108
102,109
102,110
102,111
102,113
103,107
103,108
103,109
103,110
104,107
104,108
104,111
104,112
105,107
105,108
106,107
106,109
107,114
107,117
108,114
109,114
109,115
109,116
109,118
110,114
110,115
111,353
112,114
112,115
112,116
112,117
112,118
113,114
113,115
114,119
114,120
114,124
115,119
115,120
115,121
115,122
115,124
116,119
116,120
116,121
116,122
116,124
117,119
117,132
118,119
118,121
118,122
118,123
119,126
119,127
119,128
120,125
120,126
120,127
120,128
120,129
121,125
121,126
121,129
121,130
121,131
121,132
122,215
123,125
123,126
123,127
124,125
124,126
124,127
124,139
125,133
125,134
125,135
126,133
126,136
126,137
126,147
127,133
127,134
127,135
127,136
127,137
127,138
128,133
128,134
128,135
128,139
129,133
129,134
129,135
129,136
129,137
129,138
129,139
130,133
130,139
130,147
131,133
131,134
131,135
131,136
131,139
132,135
132,138
133,140
133,141
133,145
133,148
134,140
134,141
134,142
134,143
134,146
134,154
135,140
135,141
135,147
136,149
137,140
137,141
137,142
137,143
137,144
138,140
138,141
138,154
139,140
139,141
139,142
139,144
140,149
140,150
140,151
140,152
140,153
140,155
141,149
141,150
141,151
141,152
141,153
141,155
142,149
143,155
144,149
144,150
144,151
144,152
144,153
144,154
144,155
145,149
145,150
145,151
146,149
146,150
146,151
146,152
147,149
147,151
147,154
148,149
149,156
149,157
149,158
149,159
149,160
149,161
150,156
150,157
150,160
151,156
151,157
151,158
151,159
151,160
151,161
152,159
153,156
153,157
153,158
153,159
154,156
154,157
154,158
154,159
155,156
155,157
156,162
156,163
156,168
156,173
157,162
157,164
157,167
158,166
159,162
159,163
159,165
159,168
160,168
160,177
161,162
161,163
161,164
162,169
162,170
162,171
162,172
162,175
162,176
163,169
163,170
163,171
163,174
163,175
163,176
164,169
164,170
164,173
164,176
165,169
165,170
165,171
165,172
165,173
165,176
166,169
166,170
166,171
166,174
166,175
166,176
167,169
167,170
167,171
167,172
167,173
167,174
167,175
168,255
169,177
169,178
169,179
170,177
170,178
170,179
171,177
171,178
171,179
172,177
172,178
172,179
173,177
173,178
173,179
174,177
174,178
174,179
175,177
175,178
175,179
176,177
176,178
176,179
177,180
177,181
177,182
177,183
177,184
177,185
177,186
177,187
177,188
177,189
177,190
178,180
178,181
178,182
178,183
178,187
179,183
179,185
179,186
180,191
180,192
181,191
181,193
182,201
183,191
184,191
185,191
185,192
185,193
185,194
186,191
186,192
186,193
187,191
187,192
187,193
187,194
188,191
188,192
188,193
188,194
189,191
190,507
191,251
192,195
192,204
193,195
193,197
193,198
193,199
194,196
194,201
195,200
195,201
195,202
195,203
196,202
196,204
197,200
198,200
198,201
199,200
199,203
199,212
200,205
200,206
200,207
200,208
200,209
200,210
200,211
201,205
201,207
201,215
201,216
201,217
202,205
202,206
202,212
203,205
204,205
204,206
204,207
205,218
206,213
207,213
207,214
208,213
208,214
208,215
208,216
208,217
209,213
210,213
210,214
210,218
211,213
211,216
212,213
212,215
212,217
212,247
213,219
213,220
213,222
213,248
214,219
214,221
214,223
215,315
216,219
216,220
217,278
218,254
218,268
219,224
219,252
220,275
221,224
222,428
223,225
223,226
223,227
224,231
224,232
224,233
224,234
225,228
225,235
225,236
226,416
226,442
227,228
227,229
227,230
227,232
228,237
228,240
228,241
228,242
228,243
228,246
229,237
229,238
229,239
229,240
229,243
230,237
230,238
230,372
231,242
231,257
232,340
232,381
233,329
234,241
234,257
235,239
235,252
236,337
237,573
237,629
237,652
238,425
238,452
239,244
239,246
240,245
240,247
240,248
241,244
241,245
242,244
243,244
243,248
243,257
244,249
244,250
244,251
245,250
245,344
245,354
246,249
246,250
246,257
246,262
247,249
247,250
247,251
247,252
248,249
249,254
249,255
249,256
250,377
251,253
251,254
251,255
252,253
252,257
253,258
253,259
253,260
253,262
254,258
254,259
254,260
255,258
255,264
255,268
255,269
256,258
256,259
256,260
256,261
256,263
257,260
257,326
258,265
258,266
258,267
258,274
259,265
259,269
260,454
261,267
262,333
263,266
263,268
263,269
264,274
265,270
265,271
265,272
265,273
265,275
266,270
266,271
266,272
267,270
267,271
267,272
267,273
267,280
268,270
268,271
268,272
268,273
268,274
268,275
269,272
270,276
270,277
270,278
271,276
271,277
271,278
271,279
271,281
271,288
272,276
272,277
272,282
272,283
273,276
273,277
273,278
273,288
274,276
274,277
274,278
275,276
275,277
275,278
275,279
275,280
276,284
276,289
276,296
276,308
277,284
277,285
277,286
277,290
277,302
278,318
279,284
279,285
279,286
279,307
280,284
280,285
280,288
281,287
282,284
283,317
283,324
284,297
285,291
285,292
285,295
285,296
286,298
286,339
287,293
288,394
288,402
289,291
290,291
290,294
291,371
292,299
292,300
293,301
293,302
293,308
294,299
294,300
294,301
294,305
294,307
295,299
296,299
297,299
298,409
299,303
300,303
300,304
300,306
300,308
301,310
301,337
302,303
302,304
302,305
302,306
302,307
303,309
303,310
303,311
304,309
304,310
304,311
305,309
306,309
307,450
308,310
309,312
309,313
309,314
309,315
309,316
310,325
310,331
310,338
311,312
311,314
311,321
312,317
312,318
312,322
312,323
312,324
313,317
313,320
313,321
314,317
314,324
315,317
315,323
316,319
316,324
316,325
316,327
317,325
317,326
317,327
318,325
318,326
319,326
320,325
320,342
321,325
321,326
322,440
322,491
322,494
323,325
323,327
324,347
325,328
326,328
326,329
326,330
326,331
326,332
327,328
327,329
327,332
328,336
329,333
329,334
329,337
330,333
330,334
330,335
330,336
330,338
331,333
331,335
332,333
332,334
332,338
333,339
333,341
333,342
334,339
334,340
334,341
335,339
335,340
335,341
335,343
336,339
336,340
336,341
336,343
337,343
338,339
338,340
339,346
340,363
341,344
341,345
341,346
342,344
342,345
342,346
343,344
343,345
343,346
344,347
344,350
344,355
344,356
345,347
345,348
345,349
345,352
345,353
345,354
345,361
346,347
346,348
346,349
346,350
346,351
346,352
347,362
348,357
348,358
349,359
349,375
350,357
350,358
350,361
350,373
350,374
351,387
351,400
352,432
352,449
353,357
353,376
354,360
355,427
356,361
357,367
358,363
358,364
358,365
358,367
359,385
359,450
360,382
361,368
362,363
362,364
362,365
362,366
362,369
363,370
363,376
364,370
365,370
366,373
366,493
367,371
367,372
367,375
368,370
368,381
369,370
369,371
369,372
369,373
369,374
370,377
371,377
371,378
371,379
372,377
373,524
374,462
375,378
375,380
375,381
376,377
376,378
377,382
377,383
377,384
377,385
378,382
378,383
379,382
379,383
379,384
380,382
380,393
381,382
381,383
381,385
382,386
382,389
382,396
383,386
383,388
384,386
384,387
385,438
385,457
386,390
386,392
387,390
387,391
387,392
387,393
387,396
388,390
388,391
388,392
388,393
389,394
389,395
390,397
391,583
392,398
392,399
393,397
393,402
394,397
395,397
395,398
395,400
395,402
396,397
396,401
397,403
397,404
397,405
398,404
399,405
400,643
401,410
402,443
402,494
403,406
404,407
404,408
405,406
405,407
405,409
405,410
406,411
406,413
407,414
408,415
408,422
408,425
409,411
409,416
410,411
410,412
410,413
410,417
410,418
410,423
411,420
412,579
412,652
413,419
413,421
413,422
414,423
414,449
415,419
416,419
416,449
417,419
418,424
418,425
418,440
419,426
420,426
420,428
421,427
421,430
421,431
422,426
423,426
424,429
425,495
426,432
427,442
427,482
428,432
429,455
430,432
430,433
430,434
430,436
431,435
431,437
432,438
432,450
433,438
433,439
433,440
434,438
434,439
434,440
434,442
434,443
434,444
435,441
435,517
435,553
436,532
436,553
437,439
438,445
438,446
438,447
438,448
439,450
439,454
440,445
440,458
440,501
441,736
442,501
442,540
442,545
443,445
443,469
443,501
444,449
445,452
445,456
445,486
446,451
446,453
446,454
446,456
447,455
447,481
448,458
449,451
449,452
450,457
450,514
451,459
452,465
452,507
453,461
453,463
453,475
454,459
454,464
454,466
454,499
455,459
455,460
455,461
455,462
455,472
455,490
456,459
456,460
457,459
458,459
459,467
459,468
459,473
460,735
461,471
461,474
462,534
463,467
463,468
463,469
463,481
463,499
464,467
464,616
465,475
466,467
466,468
466,470
466,472
466,507
467,476
467,477
467,479
467,483
468,527
469,478
469,507
470,480
470,481
471,642
472,560
472,568
473,476
473,477
473,493
474,476
474,482
475,478
476,636
476,670
477,557
477,620
478,489
479,484
479,487
479,629
480,624
480,688
480,718
481,484
481,485
481,488
481,490
482,484
482,485
482,486
482,487
482,488
482,489
483,601
484,652
484,671
484,691
484,725
485,662
486,496
487,590
487,673
487,681
488,491
488,540
489,492
489,495
490,491
490,492
490,493
490,494
491,501
491,542
491,545
492,497
492,500
492,502
493,497
493,498
494,555
495,497
496,497
496,498
496,499
497,506
498,504
499,507
500,508
500,671
501,503
501,547
501,550
502,503
502,505
503,513
503,515
504,509
504,510
504,511
504,516
505,511
505,514
506,509
506,510
506,511
506,515
506,516
506,521
507,509
507,510
507,556
508,512
508,585
509,523
509,592
510,593
510,622
510,684
511,525
512,521
512,640
513,701
513,717
514,583
514,588
515,517
515,518
515,522
515,553
516,518
516,519
516,520
517,687
517,704
518,523
518,524
518,554
519,523
519,526
520,525
520,527
520,533
520,547
521,612
522,607
524,529
524,533
524,561
525,528
525,531
525,573
526,528
526,529
526,530
527,532
528,537
528,538
529,534
529,535
530,536
530,538
531,572
532,534
533,534
533,535
533,562
534,539
534,541
534,543
534,544
534,563
535,546
535,551
536,539
536,547
537,540
537,542
537,575
537,620
538,545
538,564
539,551
540,590
540,700
540,710
541,558
542,550
542,597
543,549
543,587
544,548
544,612
545,555
545,601
545,607
546,611
547,551
548,557
548,695
549,564
550,552
550,553
550,554
550,555
551,552
551,555
551,556
552,732
553,572
553,629
554,558
554,561
555,558
556,559
556,560
557,686
557,723
558,568
558,652
559,566
559,567
559,578
560,564
560,565
561,562
561,563
561,709
564,570
564,575
565,569
566,572
566,604
567,569
567,573
567,614
568,569
568,571
568,574
569,576
569,577
569,579
570,578
570,580
570,582
571,585
571,593
571,608
572,605
573,577
574,681
575,581
575,584
575,647
576,584
577,583
577,608
578,585
578,629
579,583
579,587
579,618
579,627
580,583
580,588
581,583
581,586
582,703
583,643
584,589
584,693
584,714
585,590
585,591
585,659
586,632
587,606
588,592
589,630
589,700
590,735
591,595
592,593
592,594
592,596
592,597
594,599
594,600
595,740
596,598
596,625
597,601
597,602
597,618
598,605
598,607
599,603
600,606
600,610
601,608
601,609
602,604
603,670
604,615
604,625
605,616
605,624
606,611
606,617
606,628
607,611
607,618
608,611
608,613
609,611
609,612
610,614
610,638
611,619
611,621
612,623
613,622
613,639
614,620
615,720
616,631
616,656
617,720
618,693
619,624
619,631
619,648
620,628
620,629
622,626
622,630
623,625
623,627
625,634
625,639
627,636
628,633
630,637
630,638
630,704
631,632
631,635
633,640
633,641
633,645
633,701
634,646
635,642
636,641
636,677
636,724
638,644
638,698
638,726
639,643
640,744
640,745
641,647
641,648
641,736
642,651
642,653
643,649
643,659
646,650
646,652
647,660
647,705
648,656
648,709
649,739
650,678
651,654
651,655
651,657
651,659
652,664
653,658
654,671
654,699
654,742
655,661
656,730
657,660
658,677
659,662
661,663
661,664
661,668
662,665
662,666
662,667
663,673
664,701
665,670
665,672
665,674
666,670
667,669
667,673
668,671
669,678
670,680
671,674
672,679
673,675
673,676
673,677
674,682
674,712
675,683
675,685
677,684
677,686
677,700
677,709
677,710
678,684
678,711
678,740
680,681
681,689
681,690
682,693
683,689
685,688
685,691
685,694
686,687
686,692
689,695
689,697
689,698
690,699
690,743
693,696
694,700
695,701
695,708
696,704
696,747
698,703
699,705
700,702
701,709
701,710
702,708
702,712
702,726
703,711
704,706
704,707
707,716
708,713
708,717
708,719
709,714
709,715
709,720
711,718
714,728
715,727
716,722
716,724
717,723
718,725
719,725
720,721
720,726
720,729
721,735
722,744
723,730
723,736
723,748
724,734
724,736
726,732
726,733
727,733
728,737
729,731
732,742
733,740
735,741
736,739
737,738
737,739
739,745
740,743
740,746
740,748
740,750
741,744
742,747
742,749

<end>
