<number of tasks>
750

<cycle time>
1000

<order strength>
0.195


<task times>
1 48
2 110
3 143
4 281
5 194
6 124
7 202
8 40
9 37
10 56
11 216
12 147
13 29
14 291
15 169
16 287
17 83
18 82
19 41
20 92
21 188
22 162
23 247
24 184
25 225
26 67
27 51
28 107
29 120
30 54
31 169
32 263
33 35
34 217
35 98
36 207
37 95
38 62
39 170
40 184
41 155
42 121
43 48
44 177
45 68
46 188
47 84
48 318
49 115
50 32
51 304
52 62
53 88
54 34
55 77
56 155
57 136
58 283
59 216
60 150
61 258
62 150
63 83
64 208
65 106
66 215
67 155
68 197
69 32
70 371
71 28
72 265
73 122
74 196
75 166
76 147
77 125
78 192
79 105
80 133
81 188
82 171
83 182
84 24
85 119
86 149
87 121
88 178
89 255
90 224
91 147
92 215
93 76
94 39
95 73
96 92
97 231
98 191
99 92
100 110
101 261
102 372
103 90
104 45
105 260
106 123
107 184
108 208
109 90
110 75
111 98
112 49
113 206
114 75
115 189
116 39
117 195
118 289
119 150
120 193
121 159
122 213
123 152
124 64
125 310
126 221
127 78
128 55
129 160
130 147
131 123
132 339
133 83
134 33
135 155
136 58
137 51
138 308
139 293
140 133
141 110
142 30
143 135
144 129
145 120
146 34
147 148
148 131
149 92
150 183
151 244
152 76
153 353
154 64
155 200
156 72
157 132
158 369
159 90
160 58
161 197
162 69
163 64
164 95
165 55
166 34
167 164
168 126
169 97
170 202
171 61
172 196
173 124
174 116
175 215
176 111
177 174
178 149
179 70
180 162
181 119
182 120
183 123
184 153
185 133
186 58
187 60
188 124
189 112
190 28
191 108
192 165
193 140
194 73
195 286
196 109
197 120
198 165
199 68
200 56
201 78
202 113
203 178
204 73
205 25
206 135
207 98
208 111
209 144
210 189
211 21
212 213
213 160
214 134
215 99
216 123
217 155
218 82
219 278
220 264
221 103
222 136
223 141
224 127
225 33
226 201
227 128
228 249
229 45
230 275
231 100
232 192
233 125
234 90
235 198
236 61
237 181
238 111
239 32
240 167
241 142
242 105
243 169
244 264
245 67
246 115
247 144
248 92
249 133
250 215
251 200
252 32
253 140
254 71
255 86
256 132
257 131
258 215
259 58
260 265
261 48
262 69
263 23
264 188
265 136
266 142
267 142
268 23
269 145
270 162
271 226
272 284
273 193
274 31
275 46
276 134
277 413
278 259
279 278
280 58
281 59
282 53
283 89
284 120
285 160
286 330
287 77
288 29
289 93
290 27
291 110
292 94
293 167
294 215
295 50
296 176
297 85
298 46
299 144
300 111
301 177
302 228
303 59
304 57
305 179
306 49
307 64
308 144
309 215
310 106
311 129
312 143
313 159
314 154
315 181
316 95
317 237
318 117
319 144
320 31
321 42
322 197
323 136
324 197
325 230
326 123
327 221
328 136
329 92
330 136
331 153
332 166
333 88
334 71
335 65
336 27
337 156
338 197
339 156
340 159
341 21
342 192
343 208
344 241
345 307
346 134
347 42
348 214
349 117
350 46
351 117
352 24
353 97
354 153
355 119
356 102
357 284
358 67
359 62
360 147
361 190
362 109
363 34
364 233
365 238
366 79
367 99
368 75
369 101
370 89
371 78
372 56
373 80
374 27
375 215
376 169
377 182
378 107
379 97
380 154
381 150
382 157
383 138
384 38
385 243
386 84
387 171
388 105
389 210
390 185
391 335
392 119
393 264
394 231
395 181
396 179
397 194
398 164
399 83
400 149
401 99
402 226
403 107
404 174
405 79
406 129
407 165
408 168
409 48
410 74
411 60
412 202
413 136
414 59
415 153
416 375
417 172
418 100
419 143
420 82
421 77
422 140
423 120
424 40
425 194
426 205
427 171
428 208
429 185
430 48
431 49
432 53
433 24
434 155
435 152
436 251
437 109
438 39
439 130
440 63
441 85
442 91
443 88
444 185
445 105
446 121
447 250
448 183
449 144
450 140
451 240
452 240
453 127
454 129
455 130
456 56
457 104
458 76
459 87
460 135
461 25
462 63
463 113
464 77
465 80
466 250
467 58
468 311
469 106
470 132
471 251
472 33
473 65
474 94
475 39
476 68
477 137
478 168
479 63
480 214
481 44
482 44
483 195
484 191
485 134
486 177
487 105
488 182
489 50
490 73
491 189
492 253
493 146
494 46
495 206
496 150
497 89
498 82
499 89
500 101
501 79
502 45
503 205
504 164
505 97
506 214
507 124
508 37
509 142
510 217
511 98
512 62
513 118
514 202
515 105
516 107
517 68
518 22
519 84
520 212
521 165
522 95
523 66
524 322
525 31
526 186
527 186
528 321
529 113
530 157
531 181
532 46
533 147
534 231
535 37
536 114
537 124
538 39
539 120
540 193
541 166
542 190
543 123
544 44
545 156
546 144
547 35
548 116
549 197
550 27
551 120
552 140
553 186
554 218
555 120
556 117
557 160
558 175
559 99
560 124
561 27
562 76
563 53
564 25
565 33
566 199
567 87
568 80
569 78
570 36
571 141
572 74
573 40
574 197
575 87
576 235
577 255
578 197
579 219
580 121
581 60
582 31
583 210
584 67
585 83
586 67
587 153
588 176
589 100
590 169
591 219
592 97
593 72
594 101
595 81
596 222
597 107
598 61
599 119
600 167
601 123
602 274
603 210
604 209
605 85
606 98
607 265
608 25
609 191
610 173
611 184
612 167
613 26
614 161
615 259
616 125
617 22
618 313
619 300
620 172
621 82
622 74
623 156
624 107
625 47
626 109
627 117
628 200
629 124
630 219
631 311
632 142
633 60
634 53
635 60
636 174
637 167
638 287
639 167
640 33
641 279
642 28
643 167
644 132
645 302
646 205
647 35
648 260
649 27
650 218
651 122
652 140
653 206
654 203
655 195
656 142
657 131
658 41
659 42
660 191
661 103
662 30
663 105
664 45
665 30
666 200
667 39
668 111
669 98
670 153
671 138
672 43
673 203
674 219
675 157
676 180
677 227
678 141
679 122
680 200
681 116
682 53
683 38
684 124
685 77
686 59
687 114
688 24
689 24
690 87
691 258
692 127
693 32
694 130
695 232
696 57
697 150
698 234
699 254
700 160
701 52
702 155
703 157
704 178
705 108
706 158
707 257
708 151
709 73
710 21
711 144
712 40
713 293
714 232
715 184
716 64
717 47
718 183
719 303
720 97
721 95
722 92
723 85
724 234
725 141
726 218
727 100
728 170
729 192
730 89
731 92
732 139
733 127
734 90
735 185
736 182
737 69
738 121
739 48
740 169
741 118
742 336
743 54
744 159
745 198
746 26
747 132
748 166
749 61
750 112

<precedence relations>
1,15
2,16
3,17
4,18
5,19
6,13
6,14
6,20
6,21
6,23
6,24
6,26
6,30
7,594
8,29
8,686
9,25
9,266
10,27
10,77
11,22
11,527
12,28
13,31
14,32
15,33
16,34
17,36
18,35
19,37
20,38
22,41
22,152
22,276
22,522
22,609
23,43
26,39
26,40
26,117
27,42
28,44
28,435
29,272
29,276
31,45
32,46
33,47
34,48
35,50
36,49
37,51
38,55
39,56
39,221
39,246
40,53
41,57
41,58
41,683
42,54
42,60
42,61
43,52
43,59
44,52
44,62
45,70
46,71
47,63
48,66
49,74
50,67
51,68
52,64
52,76
52,612
52,709
53,65
53,75
54,69
54,73
54,79
55,78
56,135
56,630
57,593
58,239
59,77
59,390
59,469
60,70
60,72
63,81
64,83
65,84
66,87
67,88
68,80
69,91
70,85
70,96
70,97
70,98
71,237
71,547
72,82
73,86
73,400
73,456
74,92
74,101
75,89
76,90
76,93
76,343
77,94
77,100
78,92
78,95
78,99
78,247
78,375
79,491
80,102
81,104
82,103
83,116
84,107
85,108
86,110
87,109
88,117
89,114
90,115
91,116
92,105
92,183
93,106
93,120
94,111
94,118
95,112
95,412
96,113
96,437
97,690
98,625
98,633
99,356
100,439
100,646
101,119
102,121
103,130
104,122
105,123
106,124
107,125
108,130
109,126
110,131
111,127
112,128
113,129
114,130
115,132
116,689
117,138
117,140
117,235
117,262
118,134
118,136
118,137
118,139
118,187
119,135
120,133
120,326
121,141
122,142
123,147
124,148
125,143
126,144
127,145
128,146
129,146
130,150
131,149
131,435
131,691
132,220
133,152
133,526
134,152
134,438
136,154
136,496
136,590
137,151
138,153
139,155
139,156
139,543
140,149
140,611
141,158
142,159
143,161
144,160
145,162
146,157
147,167
147,262
148,498
149,169
149,172
150,166
150,170
151,165
151,614
151,626
151,652
152,708
153,163
153,588
154,164
155,168
155,171
156,575
157,173
158,176
159,183
160,177
161,178
162,179
163,174
163,207
164,175
164,180
164,242
165,389
165,530
165,594
166,185
166,400
167,184
167,187
167,298
168,359
169,750
170,182
170,188
171,181
171,186
171,550
173,189
174,192
175,193
176,203
177,201
178,196
179,202
180,190
180,198
180,199
180,207
181,191
181,204
181,670
182,194
182,206
183,308
183,476
184,195
184,510
185,197
185,433
186,200
186,205
186,208
187,209
188,649
189,220
190,210
191,211
192,221
193,222
194,212
195,214
196,215
197,216
198,217
199,218
200,219
201,213
202,223
203,224
203,278
204,226
205,545
206,227
206,229
207,297
207,522
207,688
208,225
208,228
209,273
209,459
210,230
211,235
212,231
213,233
214,232
215,236
216,237
217,239
218,240
219,234
220,389
222,247
222,249
223,242
224,248
225,634
226,241
226,243
226,664
227,244
227,246
228,238
228,245
229,356
229,469
229,495
230,250
231,251
232,252
233,253
234,256
235,257
235,261
237,266
237,590
237,594
238,254
238,259
238,273
238,362
239,260
239,262
241,255
241,258
242,330
243,422
244,260
246,263
246,265
246,479
246,595
247,264
247,575
249,587
249,612
250,269
251,271
252,271
253,267
254,268
255,270
256,273
257,278
257,280
258,282
258,545
258,692
260,277
260,281
260,385
260,610
261,279
261,458
262,275
263,276
263,580
264,280
265,272
265,615
266,274
267,283
268,284
269,287
270,285
271,286
271,289
271,291
271,293
272,288
273,292
274,295
274,543
275,294
275,297
275,687
277,605
278,296
278,493
279,290
279,499
280,298
280,634
280,707
282,548
282,665
283,300
284,302
285,303
286,304
287,299
288,305
289,306
290,301
290,311
292,310
292,314
292,563
293,308
293,443
294,309
294,324
295,313
295,653
296,307
297,440
297,597
298,312
298,413
299,317
300,318
301,321
302,319
303,322
304,320
305,323
306,324
307,315
308,316
308,327
309,326
309,329
309,332
309,525
309,673
310,325
310,347
310,369
311,399
312,330
313,328
314,331
314,397
314,513
314,683
315,333
316,334
317,344
318,338
319,336
320,337
321,339
322,340
323,341
324,335
324,343
324,349
324,635
325,348
325,377
325,440
326,356
326,565
327,342
328,693
329,345
329,392
330,346
330,472
332,347
333,357
334,353
335,352
336,356
337,354
338,355
339,356
340,356
341,358
342,350
342,378
342,379
342,581
343,351
344,363
344,551
345,360
345,458
346,361
346,683
348,359
349,362
349,383
350,364
351,366
352,369
353,367
354,368
355,370
356,365
356,372
357,377
357,378
358,371
358,376
358,379
359,373
360,649
362,374
363,375
364,380
365,381
366,382
367,383
368,384
369,392
369,479
370,385
371,386
373,388
374,391
376,390
377,387
377,653
379,389
379,683
380,393
381,394
382,395
382,396
383,437
384,402
384,665
384,670
384,715
385,605
385,607
388,400
388,403
388,453
389,398
390,399
391,397
392,401
392,717
393,405
394,404
395,406
396,409
397,407
397,408
397,411
398,454
399,414
403,410
403,412
403,413
403,415
403,527
403,735
404,417
405,416
406,424
407,419
408,420
409,421
410,418
411,425
411,647
412,426
413,422
413,423
416,427
417,430
418,431
419,432
420,433
421,434
422,428
422,435
422,441
423,429
423,443
423,444
423,475
424,436
425,437
425,438
425,439
425,440
425,646
426,442
426,646
427,445
428,446
429,448
430,447
431,449
432,450
433,455
433,628
434,459
435,452
436,451
436,453
436,454
436,475
438,453
438,458
439,457
440,734
442,456
444,460
444,531
444,612
444,733
445,469
446,470
447,463
448,462
449,465
450,467
451,461
451,466
451,474
452,464
452,475
452,476
452,745
453,468
453,472
454,473
455,597
456,477
456,478
456,490
457,479
458,491
460,471
460,665
461,481
462,482
463,480
464,483
465,485
466,487
467,484
468,488
469,489
469,490
469,496
469,497
469,499
471,486
471,491
474,493
474,498
476,546
477,494
477,495
479,492
480,500
481,501
482,505
483,502
484,503
485,504
486,507
487,506
488,508
489,509
492,645
493,686
494,513
494,548
494,736
495,510
495,545
496,511
496,551
497,627
498,512
498,530
500,514
501,521
502,517
503,519
504,521
505,518
506,520
507,524
508,515
508,530
508,531
509,516
509,526
509,527
509,711
510,522
510,523
510,525
510,605
510,689
511,528
511,529
512,577
513,528
514,541
515,532
516,533
517,536
518,537
519,538
520,539
521,540
521,546
521,549
521,589
522,534
522,548
523,535
523,542
523,547
526,550
527,691
528,579
529,543
529,548
530,544
530,545
530,551
531,552
532,561
533,554
534,555
535,558
536,557
537,559
538,562
539,561
540,560
542,553
543,556
543,563
544,564
544,565
544,566
550,606
550,635
553,568
554,569
555,567
556,570
557,571
558,572
559,573
560,574
562,576
563,577
563,578
563,579
564,580
565,575
566,581
567,582
568,583
569,584
570,589
571,585
572,590
573,586
575,591
576,593
576,594
577,596
577,597
579,587
579,588
579,592
579,595
580,732
580,750
581,628
582,604
583,599
584,602
585,601
586,603
587,598
588,600
588,607
588,609
588,614
588,649
591,611
591,613
592,606
592,615
592,668
593,630
594,616
595,605
595,612
597,608
597,610
598,617
599,618
600,620
601,623
602,622
603,626
604,624
604,633
605,619
605,635
606,621
607,715
608,634
610,627
610,632
613,625
613,631
614,629
615,630
616,628
617,636
618,638
619,637
620,645
621,640
622,646
623,641
624,643
625,639
627,642
628,644
628,650
628,689
629,653
630,648
630,649
632,651
632,652
634,686
635,647
636,656
637,665
638,654
639,655
640,666
641,657
642,658
643,659
644,663
645,661
645,662
645,667
645,670
646,671
647,660
648,669
648,672
648,673
648,681
649,682
650,664
650,668
654,675
655,681
656,676
657,683
658,684
659,677
660,678
661,679
662,680
663,681
664,674
664,690
664,692
664,694
665,687
666,689
667,696
668,695
669,691
669,693
671,686
671,688
672,682
672,685
674,698
675,701
676,697
677,699
678,700
679,706
680,702
681,704
681,712
681,713
682,703
682,714
683,716
685,705
686,715
687,734
688,717
690,707
690,711
692,710
693,709
694,708
694,718
697,719
698,731
699,720
700,722
701,721
702,724
703,725
704,726
705,728
706,729
707,723
707,730
707,735
708,727
711,734
713,732
714,733
716,736
719,745
720,737
721,738
722,746
723,739
724,740
725,745
726,741
727,742
728,745
729,743
730,744
731,749
732,748
733,747
736,750

<end>
