<number of tasks>
750

<cycle time>
1000

<order strength>
0.596


<task times>
1 551
2 108
3 293
4 131
5 120
6 51
7 96
8 418
9 138
10 426
11 288
12 87
13 342
14 142
15 516
16 129
17 99
18 252
19 112
20 80
21 116
22 33
23 240
24 415
25 505
26 109
27 287
28 162
29 472
30 234
31 242
32 177
33 505
34 70
35 96
36 82
37 143
38 189
39 483
40 124
41 83
42 267
43 380
44 87
45 25
46 304
47 345
48 46
49 244
50 23
51 347
52 43
53 125
54 232
55 38
56 544
57 223
58 85
59 138
60 562
61 96
62 224
63 144
64 132
65 492
66 473
67 26
68 133
69 208
70 467
71 80
72 302
73 229
74 140
75 176
76 112
77 516
78 76
79 144
80 291
81 146
82 305
83 542
84 229
85 133
86 142
87 390
88 143
89 421
90 138
91 293
92 399
93 121
94 129
95 333
96 232
97 307
98 209
99 22
100 34
101 472
102 148
103 114
104 399
105 54
106 88
107 21
108 84
109 115
110 181
111 163
112 255
113 200
114 157
115 302
116 207
117 200
118 145
119 321
120 511
121 190
122 189
123 155
124 183
125 387
126 545
127 168
128 25
129 61
130 492
131 23
132 451
133 304
134 299
135 214
136 359
137 57
138 493
139 155
140 220
141 29
142 357
143 492
144 267
145 66
146 84
147 61
148 33
149 173
150 465
151 227
152 117
153 48
154 321
155 39
156 113
157 156
158 111
159 277
160 326
161 75
162 119
163 25
164 358
165 517
166 200
167 518
168 134
169 166
170 160
171 570
172 123
173 99
174 146
175 49
176 429
177 62
178 360
179 524
180 538
181 168
182 212
183 81
184 121
185 508
186 208
187 102
188 230
189 193
190 77
191 167
192 239
193 176
194 110
195 533
196 112
197 93
198 211
199 426
200 584
201 185
202 97
203 580
204 94
205 111
206 255
207 168
208 460
209 104
210 146
211 574
212 274
213 139
214 363
215 239
216 126
217 64
218 392
219 295
220 560
221 101
222 67
223 77
224 237
225 36
226 107
227 212
228 152
229 480
230 211
231 275
232 233
233 120
234 125
235 38
236 448
237 240
238 252
239 167
240 67
241 252
242 318
243 89
244 73
245 87
246 129
247 208
248 477
249 330
250 144
251 268
252 577
253 476
254 358
255 264
256 131
257 227
258 456
259 391
260 109
261 228
262 91
263 125
264 42
265 62
266 100
267 534
268 43
269 266
270 168
271 224
272 489
273 253
274 475
275 129
276 104
277 221
278 83
279 208
280 115
281 584
282 123
283 76
284 42
285 524
286 600
287 26
288 455
289 167
290 190
291 297
292 140
293 554
294 246
295 241
296 147
297 43
298 138
299 187
300 490
301 226
302 161
303 182
304 106
305 207
306 343
307 220
308 47
309 42
310 231
311 55
312 264
313 512
314 209
315 550
316 90
317 488
318 39
319 82
320 469
321 59
322 344
323 129
324 489
325 285
326 129
327 260
328 102
329 27
330 312
331 447
332 135
333 121
334 101
335 247
336 433
337 250
338 81
339 38
340 153
341 465
342 516
343 48
344 213
345 33
346 216
347 122
348 419
349 202
350 287
351 222
352 369
353 33
354 372
355 143
356 127
357 256
358 140
359 158
360 350
361 328
362 196
363 282
364 290
365 34
366 102
367 168
368 111
369 319
370 257
371 87
372 110
373 65
374 115
375 22
376 67
377 84
378 421
379 56
380 147
381 22
382 66
383 138
384 211
385 116
386 238
387 279
388 170
389 362
390 521
391 615
392 555
393 48
394 588
395 511
396 300
397 107
398 277
399 151
400 202
401 367
402 158
403 484
404 113
405 161
406 189
407 120
408 192
409 76
410 180
411 40
412 84
413 501
414 104
415 105
416 188
417 38
418 159
419 107
420 34
421 506
422 177
423 57
424 33
425 241
426 277
427 33
428 262
429 255
430 504
431 154
432 125
433 99
434 186
435 490
436 534
437 146
438 241
439 297
440 170
441 386
442 191
443 385
444 130
445 145
446 65
447 35
448 69
449 254
450 53
451 313
452 58
453 38
454 142
455 212
456 29
457 38
458 183
459 73
460 222
461 316
462 579
463 97
464 207
465 95
466 62
467 182
468 273
469 65
470 97
471 484
472 238
473 64
474 43
475 96
476 180
477 493
478 496
479 140
480 507
481 239
482 301
483 369
484 29
485 107
486 118
487 44
488 417
489 153
490 303
491 181
492 140
493 103
494 341
495 239
496 516
497 525
498 156
499 127
500 178
501 63
502 25
503 266
504 482
505 104
506 136
507 118
508 515
509 500
510 183
511 240
512 136
513 264
514 244
515 252
516 62
517 194
518 51
519 250
520 316
521 338
522 33
523 201
524 74
525 202
526 474
527 285
528 55
529 502
530 392
531 27
532 265
533 469
534 214
535 471
536 143
537 99
538 107
539 101
540 125
541 291
542 127
543 34
544 202
545 238
546 56
547 157
548 96
549 418
550 349
551 535
552 591
553 74
554 157
555 150
556 215
557 275
558 460
559 145
560 275
561 251
562 50
563 183
564 222
565 190
566 160
567 295
568 137
569 28
570 440
571 479
572 119
573 122
574 147
575 179
576 179
577 245
578 306
579 141
580 468
581 229
582 151
583 25
584 62
585 39
586 184
587 151
588 162
589 381
590 251
591 173
592 272
593 153
594 314
595 452
596 198
597 78
598 266
599 475
600 187
601 83
602 544
603 148
604 170
605 55
606 149
607 32
608 237
609 527
610 308
611 70
612 153
613 138
614 231
615 116
616 72
617 294
618 53
619 124
620 281
621 361
622 34
623 502
624 68
625 180
626 47
627 122
628 81
629 23
630 146
631 215
632 455
633 210
634 594
635 278
636 386
637 36
638 416
639 234
640 518
641 84
642 163
643 463
644 513
645 338
646 508
647 465
648 106
649 262
650 236
651 159
652 74
653 666
654 320
655 214
656 224
657 151
658 87
659 348
660 261
661 307
662 564
663 434
664 210
665 102
666 30
667 378
668 218
669 593
670 513
671 452
672 251
673 54
674 269
675 81
676 172
677 183
678 142
679 315
680 495
681 453
682 491
683 513
684 27
685 239
686 313
687 24
688 541
689 90
690 38
691 95
692 179
693 132
694 265
695 98
696 163
697 541
698 471
699 519
700 219
701 54
702 239
703 77
704 186
705 378
706 151
707 134
708 28
709 304
710 107
711 155
712 138
713 314
714 448
715 120
716 283
717 467
718 23
719 160
720 361
721 61
722 269
723 221
724 201
725 454
726 203
727 182
728 186
729 93
730 23
731 220
732 519
733 152
734 634
735 225
736 42
737 130
738 418
739 33
740 155
741 90
742 223
743 58
744 440
745 180
746 101
747 313
748 35
749 229
750 459

<precedence relations>
1,14
2,16
3,17
4,18
5,13
5,15
5,23
5,90
6,19
6,20
6,21
6,22
6,23
7,20
7,21
8,20
8,107
9,21
9,24
10,20
11,126
12,48
12,334
13,26
14,27
15,28
16,25
17,33
18,30
19,31
20,29
20,37
21,32
21,35
21,36
21,38
22,562
24,34
24,48
24,127
25,39
26,41
27,42
28,44
29,40
30,44
31,46
32,43
33,44
33,45
33,46
34,44
34,115
35,50
35,52
36,44
36,45
36,47
36,48
36,51
37,49
38,44
39,53
40,59
41,55
42,57
43,58
44,54
45,56
45,60
46,219
47,76
48,274
48,424
49,59
50,61
51,70
52,59
52,61
52,62
53,66
54,63
55,67
56,64
57,65
58,68
59,67
59,68
59,69
59,70
60,72
60,85
61,71
62,67
62,69
63,75
64,73
65,75
66,74
67,76
68,77
68,78
68,83
69,80
69,85
69,128
70,75
70,82
70,197
71,79
71,84
72,75
72,76
72,81
72,135
73,89
74,86
75,91
76,87
77,88
77,92
78,90
79,94
79,126
80,413
81,90
82,194
82,202
83,90
84,93
85,90
85,91
86,96
87,98
88,99
89,95
90,97
90,100
90,101
90,102
90,103
90,104
90,105
90,197
91,101
91,102
91,104
92,101
92,113
93,101
94,106
94,107
94,476
95,109
96,108
97,110
98,113
99,114
100,112
101,111
102,116
102,587
103,115
103,272
104,113
105,560
106,277
106,522
107,585
108,117
109,118
110,120
111,119
112,121
113,123
113,125
113,154
114,122
114,126
114,127
115,124
115,154
116,559
116,699
117,128
118,128
119,129
120,207
120,220
120,323
121,139
121,182
122,128
122,131
123,131
124,315
125,132
125,218
126,131
127,130
128,135
128,370
129,133
130,133
130,134
130,135
131,133
132,666
133,136
133,137
133,140
133,141
133,142
133,143
133,144
134,138
135,139
135,285
136,145
137,146
138,147
138,148
138,149
138,154
139,375
140,150
140,151
141,153
141,518
141,574
142,306
143,150
144,152
145,155
146,157
147,156
148,158
149,160
150,159
150,161
150,162
150,182
151,161
152,161
152,162
152,163
152,172
154,273
155,164
156,172
157,166
158,167
159,168
160,169
161,165
161,170
161,171
162,171
162,174
163,173
164,179
165,177
166,178
167,180
168,181
169,182
170,175
170,265
171,176
172,184
173,179
174,179
174,183
174,215
175,185
176,186
177,187
178,188
179,189
179,191
179,194
179,195
179,318
180,197
180,309
180,351
181,196
181,324
182,232
182,285
183,190
184,190
184,192
184,193
184,198
185,199
186,201
187,202
188,203
189,200
190,247
191,274
192,206
193,235
193,316
193,400
194,204
194,205
194,207
196,209
197,389
198,202
198,204
198,205
198,208
198,248
199,214
200,211
201,213
202,210
202,212
202,214
202,218
202,297
203,214
204,214
204,362
204,400
204,402
205,749
206,215
206,221
206,222
206,223
206,322
207,222
207,224
208,217
208,311
209,216
209,219
209,220
210,227
211,229
212,228
213,232
214,231
214,234
215,225
215,295
216,226
216,234
216,325
217,230
217,235
218,233
219,617
220,283
220,651
221,563
221,573
221,698
222,459
222,529
223,311
223,388
224,232
225,236
226,237
227,238
228,239
229,241
230,242
231,245
232,243
232,244
232,246
232,248
232,250
232,326
233,240
234,247
235,246
235,249
235,374
235,415
236,261
237,262
238,252
239,254
240,255
241,256
242,251
243,257
244,258
245,259
246,253
246,260
247,339
247,424
248,263
249,323
249,472
250,264
250,265
250,296
250,321
251,267
252,266
253,268
254,271
255,272
256,273
257,269
258,271
259,271
260,270
261,585
261,595
262,273
263,274
264,275
264,276
264,277
266,278
267,281
268,279
269,280
270,284
272,285
273,286
274,282
274,283
275,283
275,391
275,491
277,513
278,287
279,288
280,289
281,290
282,292
283,291
283,426
284,296
285,294
285,295
285,301
286,293
286,297
286,298
286,299
286,300
287,306
288,302
289,307
290,303
291,304
292,305
293,309
293,311
293,342
294,306
294,441
295,334
296,576
297,401
297,520
298,561
299,312
299,372
300,511
300,637
300,665
301,308
301,310
301,331
302,313
303,315
304,314
305,316
306,414
307,746
308,318
308,371
309,315
310,315
311,339
311,411
312,315
312,317
313,319
314,320
315,321
315,323
316,322
316,324
316,325
317,326
317,456
318,689
319,327
320,328
321,329
321,333
321,334
322,330
322,332
323,442
324,444
325,331
325,423
325,503
325,518
326,652
327,335
328,336
329,337
330,338
331,615
331,725
332,342
332,343
333,339
333,340
334,339
334,341
335,344
336,345
337,347
338,348
339,346
339,350
339,475
340,348
340,352
340,371
341,615
342,349
343,351
344,353
345,355
346,356
347,359
348,354
348,357
348,358
349,362
349,391
350,360
351,360
352,361
353,371
354,363
355,372
356,364
357,368
358,369
359,366
360,365
360,367
360,374
360,375
361,373
361,391
362,370
362,558
363,377
364,378
365,379
366,380
367,381
368,383
369,384
370,376
370,382
370,501
371,391
372,387
373,385
373,386
373,387
373,388
373,404
374,413
374,429
374,522
374,536
375,386
375,389
375,390
375,420
375,561
376,392
377,395
378,396
379,397
380,400
381,401
382,398
383,402
384,403
385,399
386,393
386,403
386,593
387,394
387,549
388,613
389,404
389,405
389,517
391,413
392,410
393,406
394,407
395,409
396,410
397,408
398,410
399,410
400,411
400,588
400,666
401,416
401,462
402,413
403,577
404,414
405,412
405,415
406,418
407,420
408,419
409,417
410,420
410,429
410,537
411,424
411,651
412,425
412,604
413,422
413,427
413,651
414,423
414,428
415,426
415,527
416,421
416,501
417,435
418,437
419,439
420,430
420,431
420,436
420,438
421,432
421,440
421,444
421,519
422,433
422,442
422,443
423,434
424,650
425,441
426,641
426,696
427,588
427,664
427,701
428,721
429,618
430,446
431,447
432,448
433,449
434,450
435,452
436,453
437,457
438,455
439,456
440,445
440,460
441,451
441,458
441,462
442,454
442,458
443,459
444,461
444,504
444,568
445,463
446,467
447,465
448,473
449,468
450,474
451,466
452,475
453,476
454,469
455,471
456,464
456,479
456,492
456,614
457,563
457,568
457,576
458,470
458,527
459,480
459,481
459,571
460,527
461,478
462,472
462,477
462,527
462,578
463,486
464,483
465,488
466,489
467,484
468,485
469,488
470,487
471,488
472,482
472,624
473,587
473,588
474,491
474,492
475,529
475,624
476,602
476,664
476,701
478,538
479,490
479,501
480,548
480,578
481,539
481,725
482,494
483,496
484,495
485,497
486,498
487,500
488,493
488,503
488,504
490,499
490,706
491,501
491,502
491,727
493,505
494,510
495,506
496,510
497,507
498,508
499,509
501,511
502,512
503,650
504,513
504,514
504,563
505,517
506,516
507,515
508,518
509,517
510,519
510,522
512,519
512,520
512,538
514,521
515,523
516,524
517,526
517,527
518,527
518,528
519,525
519,696
520,574
520,606
520,669
521,604
521,656
522,529
523,530
524,532
525,534
526,535
527,531
527,539
528,533
528,536
529,537
529,538
530,540
531,542
532,544
533,545
534,546
535,547
536,541
536,548
537,543
537,550
538,549
538,570
538,651
539,665
539,678
539,707
540,551
541,552
542,553
543,554
544,555
545,558
546,556
547,557
548,561
548,679
549,559
549,563
549,596
549,665
550,560
550,562
550,583
550,690
551,565
552,566
553,570
554,564
555,568
556,571
557,567
558,578
558,602
558,616
558,618
559,572
560,575
560,708
561,576
561,577
561,595
561,604
562,573
562,637
563,569
563,574
564,583
565,581
566,582
567,583
568,579
568,626
568,681
568,682
569,580
569,587
570,584
570,587
570,588
571,626
571,666
571,709
572,654
574,585
574,697
574,750
576,583
576,624
577,586
578,665
579,589
580,590
581,592
582,593
583,594
583,596
583,656
583,696
584,591
584,596
584,680
585,666
586,666
587,595
589,597
590,603
591,600
592,601
593,598
593,599
593,604
593,615
593,654
594,606
594,607
595,605
596,602
596,608
597,612
598,610
599,611
600,612
601,612
602,609
602,615
603,613
603,617
603,618
603,619
603,696
604,614
605,616
605,666
609,620
610,622
611,623
612,625
612,667
613,621
613,626
613,664
614,624
614,625
616,627
616,628
617,721
617,748
618,638
619,628
619,629
619,639
620,630
621,631
622,633
623,634
624,632
624,639
624,738
625,635
625,641
625,644
627,636
627,639
627,640
627,643
628,637
628,642
629,638
630,647
631,645
632,646
633,651
634,648
635,649
636,654
637,653
638,652
638,656
640,655
642,652
642,725
643,650
644,653
645,657
646,659
647,660
648,665
649,661
650,658
650,662
651,667
652,663
652,664
652,668
652,678
654,669
656,666
656,687
657,671
658,672
659,674
660,675
661,676
662,677
663,670
664,673
665,679
665,682
666,678
667,699
668,695
669,680
669,681
670,684
671,687
672,688
673,685
674,686
675,687
676,689
677,687
678,683
679,697
681,690
681,724
683,691
684,694
685,692
686,693
687,699
688,695
688,696
688,697
688,701
689,698
689,700
690,702
690,726
691,703
692,704
693,706
694,705
695,709
695,712
697,711
698,714
699,707
699,709
699,715
700,708
700,710
701,713
702,738
703,719
704,720
705,717
706,716
706,727
707,718
707,721
709,745
709,746
710,723
710,725
712,724
714,722
715,726
716,728
717,730
718,731
719,733
720,729
721,732
721,735
721,738
722,734
722,746
723,750
724,747
726,736
726,737
728,745
729,739
730,740
731,741
732,742
733,745
734,743
735,744
736,747
737,746
737,748
737,749
737,750
738,750

<end>
