<number of tasks>
750

<cycle time>
1000

<order strength>
0.195


<task times>
1 463
2 565
3 617
4 761
5 578
6 587
7 527
8 407
9 635
10 510
11 375
12 607
13 479
14 412
15 527
16 685
17 545
18 439
19 383
20 588
21 479
22 471
23 685
24 577
25 610
26 448
27 354
28 501
29 442
30 525
31 421
32 340
33 488
34 428
35 832
36 530
37 351
38 498
39 420
40 647
41 632
42 514
43 510
44 307
45 680
46 388
47 357
48 642
49 540
50 255
51 381
52 460
53 456
54 510
55 372
56 510
57 437
58 485
59 626
60 504
61 461
62 649
63 557
64 631
65 606
66 558
67 600
68 723
69 685
70 461
71 513
72 531
73 265
74 387
75 461
76 511
77 333
78 539
79 490
80 600
81 400
82 510
83 574
84 367
85 603
86 503
87 345
88 529
89 699
90 324
91 631
92 428
93 368
94 520
95 558
96 424
97 385
98 320
99 449
100 445
101 416
102 502
103 495
104 283
105 544
106 384
107 442
108 431
109 337
110 314
111 681
112 619
113 451
114 403
115 559
116 476
117 629
118 267
119 729
120 483
121 322
122 200
123 604
124 581
125 370
126 549
127 520
128 474
129 564
130 655
131 545
132 519
133 544
134 640
135 478
136 566
137 438
138 451
139 406
140 593
141 573
142 380
143 516
144 703
145 399
146 600
147 434
148 432
149 626
150 409
151 595
152 502
153 404
154 542
155 422
156 538
157 613
158 519
159 498
160 607
161 720
162 514
163 434
164 657
165 437
166 416
167 606
168 427
169 480
170 474
171 567
172 491
173 360
174 576
175 589
176 522
177 346
178 493
179 382
180 541
181 478
182 249
183 436
184 475
185 346
186 450
187 531
188 419
189 241
190 589
191 740
192 596
193 622
194 336
195 434
196 422
197 558
198 511
199 672
200 587
201 679
202 443
203 437
204 532
205 544
206 333
207 699
208 454
209 516
210 484
211 504
212 617
213 554
214 394
215 453
216 498
217 381
218 382
219 425
220 455
221 479
222 579
223 738
224 301
225 338
226 399
227 638
228 516
229 626
230 445
231 299
232 738
233 374
234 316
235 464
236 377
237 476
238 473
239 631
240 631
241 585
242 299
243 405
244 388
245 387
246 576
247 448
248 424
249 436
250 566
251 509
252 325
253 665
254 396
255 644
256 569
257 459
258 658
259 662
260 477
261 285
262 608
263 484
264 593
265 118
266 558
267 626
268 659
269 617
270 371
271 369
272 599
273 764
274 585
275 528
276 744
277 345
278 419
279 288
280 401
281 546
282 505
283 607
284 383
285 398
286 499
287 482
288 497
289 576
290 811
291 311
292 580
293 404
294 440
295 593
296 464
297 701
298 400
299 596
300 526
301 676
302 497
303 589
304 475
305 447
306 763
307 616
308 530
309 486
310 591
311 543
312 424
313 707
314 659
315 587
316 617
317 466
318 435
319 306
320 539
321 406
322 378
323 475
324 422
325 349
326 430
327 552
328 326
329 528
330 412
331 512
332 263
333 556
334 289
335 581
336 517
337 472
338 730
339 620
340 407
341 465
342 673
343 429
344 325
345 368
346 567
347 568
348 370
349 381
350 349
351 368
352 462
353 567
354 504
355 752
356 369
357 456
358 703
359 403
360 534
361 321
362 325
363 560
364 536
365 811
366 726
367 327
368 528
369 615
370 364
371 469
372 400
373 635
374 448
375 380
376 363
377 474
378 643
379 480
380 225
381 555
382 466
383 428
384 472
385 748
386 457
387 689
388 395
389 397
390 535
391 442
392 419
393 657
394 398
395 567
396 637
397 829
398 267
399 322
400 509
401 363
402 353
403 440
404 500
405 497
406 362
407 631
408 432
409 380
410 492
411 246
412 420
413 504
414 344
415 642
416 422
417 444
418 315
419 348
420 358
421 301
422 551
423 503
424 387
425 581
426 426
427 258
428 702
429 384
430 389
431 648
432 277
433 565
434 590
435 487
436 582
437 483
438 545
439 567
440 568
441 669
442 598
443 581
444 480
445 616
446 444
447 414
448 561
449 494
450 341
451 580
452 323
453 431
454 453
455 360
456 563
457 590
458 594
459 504
460 575
461 477
462 462
463 454
464 702
465 398
466 421
467 388
468 407
469 338
470 593
471 567
472 341
473 519
474 613
475 492
476 542
477 463
478 449
479 588
480 448
481 310
482 499
483 320
484 512
485 462
486 275
487 590
488 529
489 522
490 546
491 473
492 398
493 636
494 612
495 595
496 777
497 465
498 739
499 473
500 426
501 564
502 517
503 547
504 684
505 512
506 507
507 537
508 602
509 420
510 424
511 475
512 521
513 613
514 333
515 416
516 714
517 541
518 484
519 427
520 652
521 321
522 475
523 630
524 485
525 419
526 488
527 404
528 628
529 497
530 423
531 307
532 397
533 614
534 496
535 467
536 527
537 347
538 472
539 396
540 445
541 424
542 634
543 620
544 457
545 602
546 513
547 579
548 373
549 686
550 495
551 377
552 513
553 659
554 496
555 487
556 364
557 587
558 282
559 399
560 576
561 619
562 612
563 389
564 380
565 679
566 423
567 435
568 440
569 491
570 550
571 497
572 480
573 434
574 583
575 231
576 483
577 320
578 508
579 639
580 700
581 632
582 675
583 559
584 633
585 634
586 437
587 308
588 484
589 595
590 779
591 504
592 530
593 608
594 686
595 607
596 347
597 359
598 312
599 496
600 372
601 626
602 572
603 486
604 669
605 433
606 363
607 610
608 611
609 473
610 453
611 434
612 484
613 734
614 532
615 355
616 459
617 383
618 656
619 479
620 593
621 608
622 571
623 511
624 393
625 631
626 549
627 612
628 216
629 413
630 344
631 441
632 637
633 468
634 488
635 552
636 500
637 536
638 603
639 482
640 613
641 561
642 503
643 321
644 599
645 269
646 471
647 549
648 536
649 551
650 419
651 470
652 478
653 512
654 526
655 449
656 615
657 520
658 538
659 154
660 539
661 674
662 585
663 470
664 452
665 478
666 501
667 447
668 428
669 466
670 467
671 622
672 310
673 300
674 445
675 545
676 655
677 603
678 516
679 476
680 423
681 556
682 519
683 681
684 386
685 519
686 319
687 569
688 592
689 437
690 489
691 548
692 550
693 641
694 445
695 638
696 563
697 374
698 458
699 539
700 699
701 275
702 460
703 337
704 676
705 421
706 331
707 631
708 541
709 253
710 310
711 678
712 377
713 627
714 543
715 407
716 511
717 523
718 383
719 675
720 442
721 567
722 490
723 605
724 500
725 390
726 752
727 453
728 555
729 429
730 369
731 422
732 428
733 261
734 512
735 618
736 454
737 581
738 495
739 508
740 416
741 509
742 286
743 842
744 504
745 505
746 437
747 250
748 637
749 460
750 647

<precedence relations>
1,29
1,190
2,646
3,463
4,25
4,27
4,28
7,227
7,280
8,32
8,39
9,34
10,25
10,417
10,474
11,41
11,216
12,700
13,371
13,631
14,31
14,33
15,296
16,42
16,43
16,338
17,26
17,36
17,450
18,450
19,333
19,627
21,30
21,35
23,37
23,38
24,25
24,40
25,54
25,376
26,53
26,253
28,58
28,130
30,51
30,523
31,45
31,57
32,46
33,52
34,50
34,52
37,48
38,49
40,56
41,47
41,59
42,44
42,317
43,55
45,67
46,70
47,174
47,512
48,60
49,69
50,287
52,61
52,66
53,64
53,71
53,72
54,62
54,65
54,73
55,75
56,60
56,63
57,68
57,74
59,384
60,86
62,79
62,85
62,398
63,84
63,87
63,169
64,82
64,83
64,215
64,562
65,76
66,77
66,80
66,88
67,76
67,77
68,76
68,78
68,198
69,264
71,743
73,89
73,224
73,441
73,711
74,81
74,90
74,248
76,108
76,110
77,100
77,104
78,94
78,98
78,673
79,354
80,95
80,107
80,246
81,91
81,92
82,96
82,210
83,101
83,284
85,237
86,99
86,102
86,106
87,93
88,97
88,105
88,126
89,103
89,531
89,597
90,109
90,156
91,112
91,120
92,523
92,616
93,111
94,410
95,182
96,119
98,645
99,121
99,123
99,268
100,629
101,115
104,117
104,118
105,113
105,114
105,116
107,395
108,122
109,596
110,111
110,698
111,134
111,641
112,125
112,126
112,482
113,141
115,135
115,136
115,138
115,142
116,128
116,130
116,528
117,127
117,129
117,131
118,483
118,646
119,133
120,137
120,140
120,342
121,132
122,124
122,125
123,139
123,272
123,412
124,144
126,685
127,156
127,441
127,442
128,146
128,150
131,223
132,147
132,148
133,143
135,149
136,152
136,155
137,145
138,143
139,198
139,382
140,153
140,154
140,431
142,151
143,166
143,174
145,159
145,162
145,170
145,178
146,167
146,173
147,160
148,161
148,165
148,177
149,536
151,164
151,169
152,158
152,179
153,168
153,172
154,157
155,171
155,176
155,180
156,163
156,175
158,186
159,683
160,327
161,182
165,189
167,635
169,566
170,187
173,183
173,193
173,274
174,190
175,194
176,192
177,243
177,358
179,181
179,184
179,185
179,188
179,191
180,195
180,212
180,507
182,204
182,207
183,196
183,199
183,205
184,351
184,368
185,198
185,201
185,254
186,202
187,200
187,206
188,404
190,208
190,582
192,508
193,209
193,533
194,197
194,210
195,203
196,214
196,221
197,212
197,220
197,230
199,217
199,225
200,215
200,218
200,224
202,216
202,231
202,435
202,553
202,629
203,226
203,233
203,729
206,223
206,374
207,211
207,222
208,227
208,232
209,213
209,304
209,434
210,219
210,228
210,229
210,267
210,427
211,251
212,244
213,237
213,572
214,234
214,631
215,247
215,651
215,655
216,239
216,556
217,246
217,255
218,249
219,246
219,387
219,481
220,327
220,583
221,248
221,446
222,235
222,243
222,253
222,558
223,254
224,245
225,247
225,580
227,236
227,252
227,501
229,238
230,234
230,250
230,380
230,440
231,240
231,241
231,250
233,242
234,275
234,616
234,735
236,339
236,550
236,564
238,265
239,262
239,272
241,268
242,571
243,263
244,266
244,271
244,291
246,256
247,267
248,259
248,261
248,273
248,294
249,257
249,270
251,274
251,633
253,260
253,269
253,458
254,360
254,690
255,258
255,264
256,282
256,728
257,276
257,279
257,322
258,278
258,456
259,483
260,277
262,286
262,437
263,280
263,281
263,560
264,284
265,276
267,277
267,609
267,632
268,287
268,299
268,360
269,708
269,734
270,353
271,283
271,285
273,651
274,381
274,460
276,298
276,299
277,290
277,297
277,302
277,304
278,291
278,295
279,296
280,289
280,292
281,288
281,291
281,294
281,300
282,572
282,744
283,303
283,742
284,301
284,687
285,293
285,305
289,308
289,312
290,665
291,316
292,309
292,310
293,578
295,306
298,315
300,307
300,311
300,313
301,314
303,498
303,659
304,317
304,716
306,354
306,733
307,319
307,322
307,325
307,329
307,331
309,323
309,328
310,725
311,320
311,332
311,334
311,335
311,625
312,318
312,324
313,321
313,330
313,409
314,326
314,471
314,542
314,561
315,327
315,333
315,336
316,530
318,367
318,453
319,337
319,348
321,342
321,482
321,489
322,341
322,346
323,350
327,343
328,458
329,340
329,345
329,349
330,441
331,344
331,347
332,479
335,338
335,351
336,339
337,354
337,357
337,361
338,411
339,366
340,352
340,402
341,359
343,353
343,358
344,355
344,360
344,363
344,613
344,703
346,356
346,364
347,468
347,616
348,362
348,394
349,509
350,722
351,365
352,429
353,384
354,380
355,386
356,367
356,385
356,386
356,581
357,373
358,368
358,374
358,569
359,369
359,544
360,372
360,376
361,371
362,381
362,382
362,387
363,377
363,379
364,378
364,509
364,525
365,383
365,553
365,680
366,370
366,375
366,378
368,422
369,391
370,438
373,390
373,396
374,524
375,572
376,389
376,395
378,392
378,547
379,388
379,397
381,687
382,398
384,393
386,394
386,399
387,528
388,402
388,406
391,408
391,410
392,409
392,412
392,422
393,407
393,414
394,401
394,404
394,406
395,405
395,415
396,403
396,413
396,635
397,400
399,411
401,748
403,430
403,711
404,426
404,588
405,431
406,422
406,479
407,417
407,421
407,425
408,428
408,439
409,419
411,427
412,416
412,423
412,424
414,418
415,420
415,429
415,432
415,661
416,435
418,436
419,438
419,444
419,690
420,640
421,501
422,434
423,439
423,445
424,446
425,443
426,441
428,433
428,603
429,442
430,437
430,440
430,534
434,671
435,449
436,457
436,459
436,461
436,462
438,456
439,447
440,450
440,452
440,454
440,455
440,458
440,460
440,739
441,453
441,534
441,565
443,676
444,451
445,448
447,465
447,466
447,473
447,478
448,622
448,710
449,470
450,677
452,468
452,476
453,505
454,467
457,474
457,475
458,472
458,569
459,471
459,477
459,520
460,469
461,463
462,464
463,479
463,489
463,500
465,484
467,480
467,481
467,483
467,485
468,487
469,688
471,506
472,486
473,543
473,554
475,656
477,491
478,482
478,488
478,490
480,503
480,698
482,671
483,493
483,539
484,506
484,686
485,612
487,497
487,505
488,496
488,500
488,502
490,494
490,499
491,492
491,495
491,498
491,501
491,504
493,508
493,509
494,520
494,523
494,688
495,507
496,510
496,516
496,521
496,524
497,513
498,525
500,517
502,518
502,519
504,511
504,515
505,512
506,514
506,522
508,536
509,542
510,530
510,536
512,544
512,546
512,547
513,539
513,664
513,674
514,533
514,631
515,526
516,534
516,535
517,532
517,537
519,528
519,545
519,743
520,531
521,527
522,742
524,529
524,540
524,543
525,538
525,541
526,558
526,559
526,560
527,549
530,556
530,557
530,561
533,553
533,555
534,548
536,565
537,563
538,584
539,551
539,562
540,552
541,550
542,554
542,564
543,566
548,568
548,584
548,606
549,584
550,568
550,573
553,669
554,576
554,577
556,567
556,569
557,570
557,574
557,579
557,581
557,689
558,582
558,627
560,591
561,571
562,722
563,572
563,575
563,734
564,583
564,708
565,585
566,578
566,580
567,591
567,592
567,595
569,705
571,738
572,590
573,726
577,587
577,594
578,589
578,596
579,588
580,586
584,597
584,598
585,593
585,625
586,600
587,604
589,603
590,612
590,613
591,606
591,611
592,605
593,608
593,609
593,614
594,607
594,610
594,737
597,601
597,602
597,618
597,739
598,599
600,616
600,623
601,621
603,615
603,620
603,658
604,624
605,617
606,625
607,626
608,622
609,618
613,627
614,619
616,640
617,628
617,638
617,642
617,647
620,635
620,636
620,643
620,649
621,646
622,630
622,633
622,636
622,637
622,639
623,644
623,645
624,641
625,648
626,632
627,629
627,631
627,634
628,650
629,661
630,660
636,653
636,656
636,657
637,662
640,651
640,664
641,745
642,658
643,654
643,678
644,652
644,663
645,655
646,660
647,695
648,659
649,678
651,673
652,665
652,667
652,678
653,679
654,672
654,675
655,668
658,666
658,670
658,671
658,674
658,683
659,665
659,676
659,681
660,677
661,669
664,680
665,688
666,686
666,697
668,692
668,695
669,683
670,682
672,685
673,689
674,684
675,690
676,687
676,693
679,696
681,691
681,694
681,698
682,708
683,700
683,707
684,718
685,711
686,705
687,701
687,709
688,702
689,706
689,717
691,715
692,713
692,714
693,699
693,712
695,704
695,716
697,703
697,710
700,723
700,724
700,729
700,733
701,730
701,734
703,721
704,727
705,725
705,735
708,732
711,726
712,720
714,728
715,719
715,722
716,736
717,725
718,731
720,737
720,738
721,744
721,748
724,743
724,746
724,750
728,739
728,749
729,742
729,747
731,741
732,740
735,745

<end>
