<number of tasks>
750

<cycle time>
1000

<order strength>
0.595


<task times>
1 144
2 72
3 245
4 322
5 242
6 343
7 90
8 64
9 102
10 50
11 314
12 91
13 173
14 76
15 26
16 184
17 37
18 153
19 93
20 89
21 77
22 186
23 132
24 32
25 197
26 168
27 201
28 91
29 114
30 175
31 150
32 129
33 242
34 46
35 331
36 184
37 96
38 32
39 134
40 188
41 88
42 134
43 60
44 210
45 28
46 143
47 158
48 188
49 124
50 196
51 82
52 72
53 143
54 84
55 297
56 81
57 79
58 91
59 225
60 146
61 253
62 121
63 45
64 94
65 46
66 150
67 197
68 58
69 116
70 120
71 74
72 72
73 106
74 93
75 82
76 131
77 83
78 226
79 54
80 77
81 197
82 325
83 173
84 171
85 202
86 210
87 58
88 53
89 127
90 279
91 59
92 324
93 68
94 216
95 95
96 41
97 70
98 132
99 92
100 218
101 141
102 161
103 351
104 53
105 149
106 28
107 35
108 291
109 97
110 100
111 253
112 250
113 73
114 181
115 237
116 234
117 62
118 139
119 165
120 67
121 139
122 153
123 114
124 137
125 25
126 83
127 202
128 95
129 125
130 100
131 184
132 104
133 54
134 101
135 143
136 147
137 202
138 141
139 101
140 247
141 200
142 95
143 38
144 402
145 97
146 145
147 67
148 80
149 244
150 169
151 67
152 81
153 322
154 347
155 94
156 252
157 157
158 108
159 121
160 91
161 125
162 95
163 145
164 116
165 225
166 136
167 300
168 208
169 113
170 76
171 134
172 115
173 181
174 103
175 62
176 80
177 60
178 214
179 25
180 113
181 172
182 203
183 119
184 226
185 102
186 140
187 60
188 214
189 51
190 49
191 115
192 85
193 330
194 74
195 150
196 66
197 78
198 81
199 95
200 101
201 114
202 261
203 43
204 108
205 193
206 83
207 228
208 96
209 109
210 200
211 150
212 58
213 92
214 57
215 53
216 135
217 93
218 187
219 38
220 187
221 177
222 196
223 91
224 199
225 263
226 114
227 36
228 49
229 57
230 301
231 378
232 122
233 111
234 69
235 156
236 293
237 138
238 141
239 180
240 76
241 88
242 126
243 98
244 226
245 176
246 73
247 69
248 149
249 259
250 154
251 47
252 134
253 125
254 130
255 141
256 114
257 105
258 45
259 41
260 20
261 168
262 80
263 98
264 112
265 190
266 35
267 186
268 312
269 135
270 170
271 93
272 127
273 79
274 51
275 169
276 162
277 42
278 59
279 24
280 32
281 284
282 63
283 123
284 167
285 81
286 83
287 137
288 191
289 103
290 148
291 190
292 126
293 62
294 224
295 65
296 94
297 119
298 264
299 91
300 292
301 125
302 271
303 54
304 164
305 158
306 175
307 171
308 152
309 152
310 238
311 108
312 151
313 47
314 241
315 218
316 167
317 188
318 85
319 87
320 132
321 78
322 206
323 195
324 61
325 115
326 83
327 140
328 120
329 28
330 96
331 217
332 233
333 222
334 77
335 147
336 64
337 134
338 265
339 28
340 91
341 70
342 114
343 55
344 208
345 134
346 144
347 99
348 100
349 196
350 190
351 51
352 332
353 83
354 61
355 116
356 53
357 48
358 130
359 182
360 192
361 66
362 55
363 163
364 185
365 94
366 146
367 76
368 26
369 94
370 197
371 196
372 33
373 175
374 125
375 24
376 57
377 142
378 185
379 204
380 138
381 69
382 79
383 129
384 155
385 130
386 290
387 54
388 67
389 45
390 195
391 219
392 211
393 73
394 73
395 66
396 48
397 210
398 96
399 158
400 108
401 157
402 94
403 194
404 30
405 55
406 197
407 55
408 20
409 58
410 26
411 277
412 106
413 98
414 92
415 130
416 121
417 330
418 201
419 164
420 31
421 148
422 60
423 45
424 117
425 176
426 109
427 307
428 71
429 163
430 104
431 41
432 195
433 70
434 89
435 100
436 102
437 269
438 131
439 169
440 171
441 161
442 77
443 70
444 198
445 114
446 107
447 73
448 22
449 22
450 197
451 153
452 58
453 163
454 76
455 253
456 109
457 182
458 64
459 54
460 140
461 121
462 134
463 99
464 243
465 165
466 182
467 152
468 274
469 133
470 204
471 73
472 161
473 72
474 116
475 49
476 204
477 116
478 198
479 183
480 79
481 119
482 64
483 38
484 26
485 44
486 21
487 222
488 53
489 201
490 260
491 343
492 43
493 202
494 122
495 68
496 353
497 83
498 125
499 137
500 80
501 28
502 140
503 82
504 329
505 184
506 141
507 111
508 229
509 73
510 44
511 40
512 76
513 79
514 128
515 130
516 84
517 97
518 49
519 278
520 171
521 66
522 128
523 130
524 129
525 84
526 236
527 28
528 126
529 129
530 111
531 55
532 64
533 40
534 70
535 205
536 133
537 88
538 82
539 65
540 61
541 99
542 146
543 30
544 90
545 272
546 251
547 79
548 243
549 132
550 241
551 104
552 95
553 324
554 46
555 94
556 40
557 240
558 75
559 200
560 119
561 279
562 100
563 171
564 220
565 43
566 99
567 71
568 128
569 83
570 216
571 142
572 216
573 272
574 108
575 71
576 201
577 58
578 197
579 211
580 215
581 43
582 122
583 49
584 32
585 90
586 135
587 84
588 41
589 63
590 128
591 163
592 212
593 125
594 105
595 134
596 115
597 181
598 170
599 77
600 90
601 251
602 164
603 179
604 29
605 50
606 137
607 235
608 206
609 30
610 83
611 69
612 160
613 90
614 191
615 155
616 80
617 167
618 61
619 191
620 123
621 88
622 58
623 98
624 202
625 226
626 302
627 27
628 209
629 35
630 103
631 150
632 179
633 50
634 48
635 142
636 170
637 108
638 171
639 296
640 99
641 99
642 69
643 113
644 138
645 178
646 247
647 159
648 358
649 127
650 22
651 170
652 99
653 165
654 52
655 113
656 123
657 307
658 104
659 184
660 106
661 160
662 135
663 114
664 130
665 134
666 262
667 46
668 46
669 106
670 196
671 98
672 275
673 163
674 151
675 106
676 34
677 97
678 149
679 167
680 263
681 37
682 106
683 88
684 145
685 230
686 251
687 251
688 168
689 48
690 162
691 144
692 105
693 52
694 58
695 134
696 281
697 92
698 336
699 31
700 164
701 124
702 88
703 56
704 58
705 49
706 42
707 82
708 25
709 180
710 323
711 184
712 249
713 41
714 152
715 21
716 166
717 158
718 121
719 163
720 206
721 35
722 175
723 74
724 109
725 71
726 125
727 26
728 144
729 79
730 113
731 173
732 96
733 181
734 166
735 27
736 127
737 158
738 76
739 76
740 101
741 70
742 76
743 176
744 155
745 109
746 41
747 205
748 218
749 91
750 99

<precedence relations>
1,8
2,9
2,10
2,11
2,12
2,55
2,90
3,13
3,14
3,15
3,16
3,17
4,14
5,14
5,15
5,16
6,15
6,16
6,56
7,14
7,17
8,27
9,19
10,20
11,21
12,22
13,24
14,18
14,25
14,26
14,27
14,29
14,44
15,23
15,27
15,28
15,30
15,31
16,27
16,28
17,27
18,32
19,40
20,34
21,33
22,41
23,36
24,35
25,38
26,39
27,37
27,43
28,45
28,46
28,72
29,40
29,60
30,42
30,44
31,40
31,41
31,47
31,90
32,53
33,54
34,48
35,49
36,52
37,51
38,55
39,56
40,53
40,54
41,53
41,58
42,50
42,59
43,53
43,54
43,57
44,53
44,54
44,60
45,59
45,90
46,53
46,54
47,55
47,338
48,63
49,61
50,64
51,62
52,65
53,69
54,67
54,163
55,244
56,68
56,124
57,66
57,67
57,68
57,70
58,67
58,68
58,110
59,67
59,68
59,73
59,74
59,110
60,71
60,72
60,124
60,144
61,75
62,77
63,83
64,79
65,84
66,80
67,76
67,82
67,101
68,78
68,83
68,88
69,81
69,83
69,86
69,87
70,83
70,84
70,85
70,114
71,83
71,84
71,90
72,83
72,114
72,136
73,83
73,84
73,85
73,89
74,85
75,92
76,91
77,93
78,94
79,95
80,98
81,96
82,97
83,98
84,175
84,420
84,484
84,587
85,101
86,98
87,99
88,98
88,99
88,100
88,102
89,218
89,258
89,308
89,402
90,98
90,291
91,108
92,103
93,104
94,105
95,110
96,106
97,107
98,112
98,143
98,182
99,291
99,320
100,107
100,111
100,114
101,109
101,113
102,107
102,163
103,116
104,117
105,118
106,120
107,115
107,121
107,122
107,123
108,123
109,119
109,122
109,124
110,599
111,121
111,307
111,365
112,279
113,121
113,122
114,125
114,145
115,128
116,129
117,126
118,127
119,130
120,131
121,378
121,421
122,133
123,131
123,132
124,131
124,136
125,132
125,134
125,135
126,137
127,138
128,140
129,139
130,141
131,140
131,141
132,140
132,143
133,140
133,141
133,144
133,145
134,140
134,164
135,142
136,191
136,354
137,147
138,146
139,148
140,147
140,148
140,150
140,152
141,147
141,148
142,147
142,148
142,149
142,175
143,151
144,147
145,252
145,354
146,155
147,154
147,157
147,160
148,158
148,161
149,153
149,158
149,159
149,160
149,163
150,156
150,158
150,162
151,158
151,159
151,160
151,164
152,158
152,159
152,160
152,175
152,182
152,277
153,167
154,169
155,166
156,170
157,172
158,165
158,168
159,171
159,340
159,354
160,173
160,299
161,173
161,174
161,208
162,174
162,175
162,742
163,623
164,435
165,176
166,177
167,179
168,178
169,180
170,182
171,181
172,182
173,493
173,506
174,601
174,681
175,320
176,188
177,185
178,186
179,183
180,184
181,187
182,189
182,190
182,191
182,192
182,308
183,194
184,197
185,195
186,196
187,193
187,197
188,632
188,667
189,299
189,321
189,337
190,197
190,198
190,199
190,354
191,197
191,201
191,319
192,197
192,200
192,211
192,340
193,203
194,204
195,202
196,205
197,206
197,207
197,290
198,458
199,210
200,208
201,209
201,210
201,211
202,212
203,218
204,215
205,214
206,216
207,213
207,218
207,220
207,223
208,217
208,222
209,221
210,219
210,290
211,218
211,219
211,322
212,224
213,225
214,231
215,228
216,226
217,229
218,372
218,385
219,227
219,232
220,245
221,686
222,230
222,233
223,282
224,234
225,236
226,238
227,239
228,237
229,241
230,235
230,243
230,457
231,240
231,241
231,246
232,242
232,246
232,247
232,415
233,244
233,245
233,324
233,436
234,251
235,248
236,251
237,250
238,252
239,251
240,249
241,251
241,254
241,257
241,279
241,354
242,562
243,562
243,692
244,253
244,256
245,258
245,269
246,251
246,255
246,259
247,280
247,399
248,260
249,261
250,262
251,263
251,264
252,267
252,268
253,265
253,269
253,389
254,266
254,360
254,436
255,370
255,483
255,497
255,590
256,420
256,585
257,320
258,266
259,266
260,270
261,271
262,277
263,272
264,273
265,275
266,274
266,281
266,318
266,454
267,278
268,276
268,279
268,280
268,282
269,276
270,287
271,288
272,286
273,289
274,284
275,285
276,283
276,457
277,290
277,291
278,287
278,293
279,288
280,458
280,541
281,292
281,337
281,376
282,364
282,411
283,294
284,295
285,297
286,296
287,300
288,299
288,311
290,298
291,297
291,300
291,302
292,387
292,442
293,301
294,304
295,303
296,306
297,305
297,319
297,502
297,550
298,310
298,413
299,307
299,309
299,444
300,307
300,451
301,307
301,311
302,308
303,314
304,312
305,313
306,315
307,317
307,322
307,323
307,324
308,319
308,321
308,338
309,316
309,317
310,316
310,318
310,320
310,363
310,423
311,316
311,325
311,326
312,327
313,328
314,330
315,332
316,329
316,331
316,333
316,338
317,334
317,341
317,397
318,335
318,336
319,503
319,517
319,586
320,422
320,677
321,339
321,340
322,362
322,600
323,397
323,577
324,336
324,515
324,552
325,337
325,401
326,387
327,350
328,342
329,343
330,344
331,346
332,350
333,347
334,348
335,349
336,345
336,562
336,662
337,351
338,352
338,353
338,355
338,400
339,350
339,354
340,351
340,384
342,358
343,359
344,359
345,357
346,360
347,361
348,359
349,359
350,359
350,451
351,356
351,363
351,364
351,367
352,362
352,365
352,522
352,662
354,403
354,425
354,491
354,564
355,366
356,368
357,370
358,369
359,378
360,372
361,373
361,521
362,376
362,379
363,374
363,667
364,375
365,376
365,577
366,371
366,395
367,377
367,538
368,382
369,381
370,380
370,386
370,519
371,412
371,459
372,577
372,734
373,388
373,389
374,666
374,700
374,743
375,383
375,471
376,384
376,505
376,581
377,587
378,385
378,387
379,397
380,394
381,390
382,392
382,393
383,391
383,397
383,398
384,399
384,561
385,453
385,491
386,403
386,431
386,548
387,395
387,396
387,419
387,484
387,539
388,400
388,402
388,435
389,395
389,401
389,457
390,404
391,406
392,407
393,408
394,410
395,405
395,459
395,692
396,409
397,414
397,516
397,561
398,410
398,412
398,413
400,411
400,415
400,566
400,587
401,410
401,411
402,580
402,747
403,522
403,693
403,734
404,418
405,416
406,419
407,419
408,422
409,417
410,458
410,459
411,420
411,424
411,662
412,425
413,423
413,635
414,446
414,529
414,559
415,421
415,424
415,484
416,428
417,431
418,430
419,426
419,433
419,435
419,505
420,427
420,431
420,443
421,429
421,431
421,436
422,434
423,501
424,442
424,460
424,615
425,432
426,437
427,438
428,439
429,440
430,442
431,441
431,446
431,455
431,597
431,632
431,635
432,445
434,444
435,441
435,443
435,589
435,742
436,686
436,746
437,448
438,447
439,449
440,454
441,450
441,458
441,667
442,453
442,643
443,455
443,456
443,460
443,548
443,692
444,716
444,727
445,451
445,457
446,452
446,459
446,601
446,651
447,461
448,464
449,466
450,470
451,462
451,467
451,468
451,469
451,473
452,463
452,703
453,465
453,471
455,472
455,522
455,577
456,729
457,503
457,541
457,662
458,509
458,700
459,518
460,547
460,614
461,482
462,474
463,476
464,483
465,477
466,478
467,479
468,480
469,481
470,482
471,475
471,563
473,484
473,489
473,587
474,490
475,485
476,491
477,487
478,486
479,488
480,492
481,489
483,493
483,496
483,645
484,494
484,495
484,497
484,547
485,501
486,501
487,499
488,500
489,498
489,662
490,533
490,573
491,510
491,588
492,516
492,517
492,530
492,573
493,507
494,504
495,505
495,509
496,502
496,506
497,501
497,503
497,508
497,679
498,511
499,514
500,513
501,681
501,700
502,512
502,518
502,522
503,516
504,515
504,520
505,643
506,581
506,601
506,706
507,521
507,727
507,735
508,519
508,534
508,541
508,735
509,517
511,523
512,524
513,525
514,526
515,527
515,529
515,530
515,532
516,686
517,534
517,622
517,626
518,531
518,633
518,742
519,588
520,533
521,738
522,528
523,538
524,535
525,539
526,536
527,537
528,541
528,611
528,675
529,689
530,750
531,542
531,743
533,540
534,643
535,543
536,544
537,545
538,553
539,548
539,550
539,552
539,601
540,546
540,551
542,547
542,549
543,554
544,556
545,557
546,558
547,555
547,563
548,565
549,564
550,561
550,598
552,559
552,560
552,562
552,566
552,597
553,591
554,570
555,567
556,568
557,569
558,571
559,615
562,598
563,573
563,613
565,572
565,677
566,572
566,612
566,673
567,574
568,577
569,578
570,576
571,575
571,579
573,580
573,581
573,652
574,583
575,582
576,587
577,706
577,741
578,589
578,590
579,584
579,585
579,586
579,641
580,741
581,588
581,591
581,663
582,592
583,594
584,596
585,593
585,598
585,599
585,601
586,595
587,597
588,641
588,723
590,600
590,653
592,602
593,603
594,609
595,604
596,606
597,605
597,608
597,610
597,615
597,643
598,607
599,611
599,613
600,612
600,614
600,677
602,622
603,616
604,623
605,617
606,619
607,620
608,621
609,618
610,689
613,625
614,624
614,626
614,734
616,628
617,627
618,629
619,630
620,632
621,631
622,634
622,666
623,633
623,744
623,749
624,635
626,702
626,715
627,636
628,637
629,638
630,640
631,641
632,639
632,643
633,642
634,644
635,645
635,681
636,651
637,646
638,647
639,649
640,650
641,648
641,693
642,654
642,656
643,652
643,655
643,688
644,653
644,657
644,691
646,658
647,660
648,659
649,661
650,662
651,666
651,667
652,664
652,665
652,744
653,747
654,663
655,686
656,727
658,668
659,671
660,670
661,669
661,672
661,679
663,674
663,681
664,677
665,676
665,678
666,673
667,675
667,680
668,686
669,682
670,688
671,684
672,685
673,683
673,692
673,693
674,689
675,690
680,687
681,691
682,694
683,696
684,697
685,698
686,699
687,695
688,705
689,700
690,703
690,706
692,702
692,729
693,701
693,704
694,707
695,711
696,708
697,710
698,712
699,714
700,709
700,713
701,716
701,737
704,715
707,723
708,717
709,718
710,719
711,724
712,720
713,722
714,721
715,727
715,728
715,729
715,749
716,725
716,726
717,730
718,731
719,734
720,732
721,733
722,735
724,739
725,738
726,739
727,736
727,745
728,737
730,741
731,740
732,742
733,743
736,747
736,748
738,746
738,749
738,750
739,744
739,745

<end>
