<number of tasks>
750

<cycle time>
1000

<order strength>
0.895


<task times>
1 21
2 55
3 130
4 37
5 91
6 239
7 193
8 136
9 24
10 91
11 279
12 126
13 192
14 242
15 48
16 224
17 24
18 137
19 276
20 103
21 70
22 277
23 121
24 197
25 191
26 72
27 25
28 21
29 274
30 170
31 51
32 126
33 128
34 152
35 242
36 53
37 118
38 121
39 149
40 62
41 64
42 20
43 391
44 28
45 66
46 74
47 242
48 193
49 194
50 32
51 188
52 61
53 161
54 66
55 329
56 103
57 106
58 38
59 78
60 26
61 197
62 198
63 62
64 93
65 118
66 79
67 231
68 68
69 120
70 143
71 115
72 113
73 82
74 67
75 119
76 163
77 76
78 186
79 157
80 69
81 142
82 22
83 181
84 41
85 112
86 183
87 64
88 86
89 71
90 202
91 109
92 196
93 114
94 57
95 157
96 37
97 318
98 203
99 225
100 127
101 126
102 158
103 140
104 76
105 242
106 160
107 138
108 74
109 31
110 185
111 70
112 74
113 204
114 68
115 160
116 148
117 38
118 220
119 94
120 170
121 166
122 147
123 110
124 33
125 34
126 184
127 45
128 187
129 57
130 172
131 55
132 140
133 93
134 271
135 41
136 128
137 37
138 156
139 192
140 113
141 137
142 136
143 138
144 290
145 97
146 59
147 127
148 48
149 294
150 220
151 106
152 197
153 88
154 100
155 151
156 65
157 147
158 181
159 173
160 23
161 271
162 125
163 231
164 159
165 110
166 45
167 209
168 303
169 179
170 211
171 32
172 139
173 120
174 89
175 162
176 188
177 333
178 141
179 247
180 138
181 102
182 211
183 117
184 248
185 277
186 177
187 331
188 181
189 132
190 162
191 253
192 221
193 229
194 116
195 191
196 175
197 211
198 111
199 95
200 171
201 234
202 138
203 112
204 83
205 113
206 84
207 129
208 68
209 181
210 156
211 92
212 139
213 131
214 252
215 137
216 41
217 42
218 69
219 199
220 60
221 91
222 188
223 91
224 70
225 94
226 116
227 255
228 179
229 75
230 219
231 162
232 148
233 57
234 90
235 27
236 188
237 72
238 144
239 207
240 28
241 199
242 59
243 104
244 249
245 122
246 69
247 190
248 59
249 165
250 211
251 195
252 95
253 98
254 59
255 227
256 171
257 128
258 235
259 95
260 226
261 164
262 41
263 63
264 269
265 204
266 142
267 188
268 90
269 42
270 164
271 24
272 164
273 154
274 97
275 51
276 44
277 124
278 154
279 38
280 55
281 99
282 150
283 134
284 221
285 105
286 52
287 277
288 111
289 202
290 40
291 79
292 229
293 66
294 262
295 332
296 63
297 102
298 139
299 169
300 170
301 262
302 51
303 75
304 239
305 84
306 139
307 112
308 27
309 100
310 154
311 98
312 42
313 182
314 102
315 308
316 86
317 135
318 283
319 103
320 325
321 175
322 158
323 269
324 196
325 152
326 122
327 180
328 103
329 47
330 87
331 197
332 151
333 91
334 142
335 306
336 222
337 265
338 45
339 78
340 90
341 290
342 250
343 197
344 153
345 128
346 48
347 150
348 25
349 95
350 67
351 135
352 198
353 57
354 133
355 259
356 217
357 115
358 90
359 106
360 215
361 173
362 202
363 186
364 179
365 78
366 183
367 67
368 72
369 131
370 129
371 63
372 108
373 197
374 128
375 254
376 59
377 243
378 137
379 94
380 116
381 101
382 170
383 245
384 100
385 165
386 178
387 276
388 176
389 218
390 52
391 61
392 130
393 120
394 148
395 158
396 42
397 130
398 266
399 147
400 264
401 67
402 30
403 280
404 251
405 22
406 146
407 48
408 71
409 113
410 245
411 244
412 273
413 96
414 115
415 126
416 293
417 38
418 124
419 117
420 130
421 106
422 67
423 295
424 188
425 28
426 81
427 42
428 156
429 122
430 182
431 144
432 60
433 110
434 129
435 69
436 220
437 117
438 83
439 143
440 197
441 334
442 230
443 190
444 114
445 201
446 147
447 175
448 122
449 101
450 23
451 83
452 166
453 337
454 47
455 25
456 32
457 284
458 208
459 123
460 304
461 117
462 175
463 202
464 77
465 74
466 102
467 151
468 72
469 237
470 170
471 163
472 26
473 138
474 197
475 108
476 282
477 190
478 146
479 229
480 99
481 60
482 197
483 51
484 141
485 69
486 47
487 109
488 70
489 223
490 62
491 106
492 46
493 133
494 125
495 36
496 227
497 268
498 151
499 98
500 239
501 58
502 180
503 68
504 87
505 177
506 70
507 176
508 87
509 43
510 65
511 90
512 165
513 107
514 224
515 216
516 80
517 220
518 166
519 173
520 115
521 157
522 109
523 196
524 124
525 104
526 44
527 82
528 206
529 51
530 153
531 23
532 175
533 189
534 134
535 53
536 261
537 53
538 194
539 72
540 157
541 103
542 33
543 188
544 125
545 258
546 53
547 31
548 67
549 66
550 196
551 55
552 61
553 173
554 238
555 189
556 47
557 59
558 133
559 106
560 167
561 59
562 52
563 236
564 53
565 80
566 158
567 101
568 396
569 190
570 53
571 108
572 75
573 80
574 278
575 170
576 155
577 150
578 137
579 182
580 213
581 203
582 135
583 182
584 186
585 21
586 95
587 240
588 79
589 108
590 209
591 137
592 24
593 236
594 67
595 107
596 136
597 181
598 95
599 28
600 24
601 70
602 177
603 237
604 123
605 23
606 107
607 35
608 237
609 260
610 116
611 152
612 147
613 46
614 153
615 238
616 204
617 100
618 99
619 128
620 79
621 83
622 27
623 174
624 142
625 107
626 57
627 133
628 64
629 206
630 79
631 104
632 151
633 239
634 68
635 246
636 136
637 89
638 166
639 107
640 83
641 207
642 185
643 156
644 118
645 55
646 45
647 128
648 263
649 229
650 132
651 115
652 160
653 108
654 283
655 47
656 83
657 24
658 135
659 307
660 100
661 285
662 136
663 194
664 174
665 177
666 140
667 181
668 44
669 173
670 205
671 124
672 45
673 171
674 203
675 48
676 215
677 163
678 63
679 188
680 25
681 93
682 178
683 147
684 24
685 206
686 201
687 216
688 307
689 239
690 104
691 52
692 76
693 241
694 72
695 149
696 85
697 166
698 37
699 127
700 81
701 94
702 185
703 265
704 173
705 456
706 130
707 53
708 191
709 158
710 132
711 124
712 116
713 207
714 200
715 225
716 96
717 205
718 46
719 47
720 100
721 115
722 117
723 120
724 86
725 29
726 328
727 147
728 207
729 92
730 97
731 191
732 38
733 30
734 139
735 249
736 157
737 114
738 229
739 129
740 137
741 217
742 101
743 192
744 117
745 68
746 171
747 187
748 185
749 57
750 311

<precedence relations>
1,8
1,13
2,6
2,7
2,8
2,9
2,10
2,11
2,12
2,13
3,6
3,7
3,8
3,9
3,12
4,7
4,10
4,11
5,6
5,7
5,8
5,9
5,10
5,11
6,14
6,34
7,14
7,15
7,16
7,18
8,14
8,15
8,16
8,17
8,18
9,14
9,15
9,19
10,20
10,35
11,14
11,15
11,16
11,17
11,18
12,14
12,15
12,16
12,17
12,29
13,14
13,17
13,21
14,22
14,23
14,24
14,35
15,22
15,23
15,24
15,25
15,26
15,34
15,35
16,22
16,26
16,28
17,22
17,23
17,24
17,25
18,22
18,23
18,24
18,35
19,22
19,23
19,24
19,29
20,23
21,22
21,23
21,24
21,25
21,26
21,27
21,28
21,34
21,35
22,30
22,31
23,30
23,31
23,32
23,33
23,36
24,30
24,31
24,32
24,33
24,36
25,30
25,31
25,32
25,33
26,30
26,31
27,30
27,32
27,49
28,30
28,33
28,47
29,30
29,31
29,32
29,33
29,34
29,35
29,36
30,37
30,42
30,43
31,37
31,38
31,39
31,41
32,38
32,40
33,37
33,38
33,39
33,48
34,37
34,38
34,39
34,40
34,41
34,42
34,43
35,37
35,38
35,39
35,40
35,41
35,42
36,37
36,38
36,54
37,44
37,45
38,44
38,45
39,44
39,49
40,44
40,45
40,46
40,47
40,48
41,44
41,45
41,46
42,92
42,105
42,118
43,44
43,45
43,46
43,52
44,50
44,53
45,50
46,50
46,51
46,54
47,65
47,66
48,50
48,51
48,52
48,53
48,54
49,50
49,51
49,52
49,53
49,54
50,55
50,56
50,57
50,58
50,59
50,60
50,61
51,55
51,56
51,57
51,58
51,59
51,60
51,61
52,55
52,56
52,57
52,58
52,60
53,55
53,56
53,57
53,58
54,55
54,56
54,57
54,58
54,61
55,65
56,62
56,63
56,64
56,65
56,66
57,62
57,63
57,64
57,65
57,66
58,62
58,63
58,64
58,65
59,62
59,63
59,64
59,65
60,62
60,63
60,64
60,65
61,62
61,63
61,66
62,117
62,126
62,127
62,128
63,67
64,67
64,68
64,69
64,70
65,67
65,68
65,69
66,67
66,68
66,69
66,70
67,71
68,71
68,72
68,73
69,71
69,72
69,73
70,71
70,72
70,73
71,74
71,78
72,74
72,75
72,76
72,77
72,78
73,74
73,75
73,76
73,77
73,78
74,79
74,80
75,79
75,80
75,82
76,79
76,80
76,81
76,82
77,79
77,80
77,82
78,215
79,83
79,84
79,85
79,97
80,83
80,84
80,85
80,86
80,87
80,88
80,89
80,90
81,83
81,84
81,85
81,86
82,83
82,84
82,87
82,88
83,91
83,92
83,98
84,91
85,91
85,92
85,93
86,91
86,92
87,91
87,100
88,91
88,92
88,93
88,95
88,97
88,98
89,91
89,92
89,93
89,94
89,95
90,91
90,92
90,93
90,94
91,96
91,99
91,101
92,100
93,349
94,96
94,97
94,98
94,99
94,101
95,96
96,102
96,117
96,118
97,102
97,103
97,104
97,105
98,102
98,103
98,105
99,102
99,103
99,104
100,102
101,102
101,103
101,104
101,105
102,107
102,110
102,119
103,106
103,108
103,109
103,110
103,111
103,112
104,106
104,107
104,108
104,109
104,110
104,111
104,112
105,106
105,107
105,111
106,113
106,114
106,119
107,116
108,113
108,114
108,115
108,118
108,119
109,113
109,114
109,115
109,116
109,117
109,118
110,113
110,114
111,185
112,113
112,114
112,115
112,116
112,117
113,120
113,121
113,126
113,127
113,128
114,120
114,121
114,122
114,127
114,128
115,120
115,121
116,120
116,121
116,122
116,124
116,125
116,127
116,128
117,120
117,121
117,122
117,123
118,120
118,121
118,122
118,123
118,124
118,125
118,126
118,127
118,128
119,120
119,121
119,122
119,123
119,124
120,129
121,129
121,130
121,131
122,135
123,129
123,130
123,131
124,129
125,129
125,131
126,129
126,130
126,131
127,129
127,130
127,131
128,129
129,132
129,133
129,134
129,135
130,132
130,133
130,135
131,133
132,136
133,136
133,138
133,139
133,142
134,136
134,138
134,142
135,136
135,137
135,138
136,141
136,143
136,144
136,145
137,140
137,141
137,142
137,144
138,243
138,253
139,140
139,141
140,146
140,147
141,146
141,147
141,148
141,149
141,150
141,152
141,159
142,146
142,150
143,148
143,151
144,146
144,147
144,148
144,149
145,146
145,153
146,154
146,155
146,156
146,167
146,168
147,154
147,155
148,154
148,173
149,175
149,176
149,187
149,188
150,154
150,155
150,156
150,157
151,154
151,173
152,154
152,155
152,173
153,154
153,155
153,156
153,157
153,158
153,159
154,160
154,161
154,162
154,163
154,166
155,160
155,161
155,185
156,164
156,173
157,160
157,161
157,162
157,163
157,164
157,165
157,167
157,168
158,171
158,187
159,160
159,165
159,185
160,169
160,170
161,169
161,170
161,174
162,169
163,169
163,170
163,171
164,169
164,170
164,171
164,172
164,174
165,169
166,169
166,170
167,173
168,169
168,172
168,185
169,175
169,178
169,180
169,181
170,179
170,196
170,197
171,175
171,176
171,177
171,178
171,179
171,188
172,175
172,177
172,188
173,175
173,176
173,177
173,178
173,179
173,187
173,188
174,175
175,182
175,183
175,184
175,194
175,195
176,182
176,183
176,185
177,182
177,183
178,182
179,182
179,183
179,186
179,199
180,182
180,183
180,187
180,197
181,182
181,183
181,188
182,193
183,189
183,190
183,200
184,189
184,190
184,191
184,192
184,196
184,197
184,200
185,189
185,191
185,192
185,194
185,195
185,196
185,197
185,203
186,189
186,190
187,189
187,190
187,191
187,192
188,189
188,190
188,191
188,196
189,202
190,198
190,201
190,203
191,199
192,198
193,198
193,200
194,327
195,198
195,199
195,200
195,201
195,202
196,198
196,252
196,276
197,198
197,199
197,202
198,418
198,423
199,204
199,223
200,204
200,205
200,206
200,208
201,204
201,205
201,206
201,207
201,208
201,209
202,204
203,294
204,216
204,228
205,210
205,211
205,212
205,213
205,214
206,210
206,215
206,229
207,210
207,211
207,212
207,213
207,214
207,215
207,216
208,210
208,211
209,210
209,211
209,213
210,217
210,218
210,219
211,217
211,218
211,219
211,220
211,221
211,222
212,222
212,223
213,232
213,249
213,250
213,251
214,217
214,218
214,220
215,217
215,218
215,221
216,217
216,218
216,229
217,224
217,225
217,226
217,227
217,230
218,224
218,247
219,226
219,227
219,230
220,224
220,229
221,228
221,246
222,224
222,225
222,226
223,224
223,225
223,247
224,231
224,233
225,232
225,250
225,251
226,231
226,232
226,233
226,234
227,231
227,232
227,233
227,234
228,231
228,234
229,231
229,232
229,233
230,231
230,232
231,238
231,250
232,237
232,242
232,253
233,235
233,236
233,237
233,238
233,239
233,240
234,241
235,243
235,244
235,245
236,246
236,290
236,305
237,243
237,244
238,243
238,244
238,251
238,253
239,243
239,244
240,243
240,244
240,249
240,250
240,251
240,253
241,247
241,261
241,268
242,299
242,317
243,248
243,254
243,255
244,248
244,252
245,250
245,251
246,249
246,253
246,306
247,248
247,249
248,258
248,269
248,270
249,256
249,282
249,316
250,256
250,257
250,258
250,259
251,256
251,257
252,256
252,260
253,282
253,316
254,256
254,257
254,258
255,256
255,257
255,258
255,259
255,260
255,261
255,262
256,267
257,263
257,264
257,266
257,268
258,263
258,264
258,265
258,276
259,263
259,264
259,265
260,263
260,264
260,265
260,266
260,267
260,270
261,264
262,263
262,269
263,271
263,389
264,271
264,273
264,275
265,271
265,272
265,274
266,273
266,292
267,271
267,272
268,271
268,272
268,273
268,274
268,275
268,276
269,271
269,272
270,271
270,323
271,384
272,279
273,277
273,280
274,278
274,282
275,281
276,323
276,332
277,285
277,295
277,301
278,283
278,284
278,290
279,283
279,284
279,287
280,283
280,285
280,301
281,283
281,284
281,285
281,286
281,288
282,283
282,284
282,286
282,289
283,366
284,291
284,292
284,313
285,291
285,293
285,294
285,300
286,291
286,292
286,293
287,418
287,463
288,570
289,292
289,295
290,374
291,296
291,297
291,298
292,301
293,296
293,297
293,298
294,296
294,299
295,298
295,300
296,307
297,309
298,302
298,303
298,308
299,305
299,306
300,302
300,303
300,304
300,321
301,304
301,322
302,310
302,311
302,314
303,310
304,310
304,311
304,312
304,317
305,310
305,311
305,313
305,323
306,310
306,316
307,310
308,311
308,315
309,310
310,318
311,341
312,344
312,360
312,366
312,367
313,480
313,481
314,320
315,318
315,319
315,320
315,321
316,318
316,319
316,320
317,493
318,324
318,325
318,326
318,330
319,322
319,323
319,324
319,325
320,322
320,323
320,324
321,322
321,323
321,324
322,329
322,341
323,327
323,328
323,330
323,331
324,328
324,332
325,329
326,327
326,328
326,331
326,332
327,333
327,334
327,335
327,336
328,333
328,349
329,333
329,334
329,335
330,349
330,434
331,333
331,334
331,335
332,629
333,337
333,340
334,338
334,339
334,348
335,337
335,338
335,339
335,340
336,337
336,338
336,339
336,341
337,342
337,343
337,344
337,345
338,342
338,343
338,349
338,354
339,342
339,343
339,344
340,342
340,343
340,344
340,346
340,348
341,344
341,345
341,347
342,350
342,351
342,352
342,353
343,350
343,351
344,350
344,351
344,369
345,350
346,352
347,350
347,351
347,367
347,369
348,350
348,351
348,352
348,353
348,354
349,451
350,355
350,361
351,355
351,362
352,355
353,355
353,356
353,357
353,358
353,359
353,360
354,355
354,356
354,357
354,358
354,362
355,365
355,370
356,363
356,364
356,365
357,363
357,364
357,365
357,366
358,363
358,364
358,365
358,366
358,367
358,368
358,369
358,370
358,371
359,364
359,400
360,363
360,364
361,363
361,364
361,368
361,371
362,363
362,371
363,372
363,374
364,486
365,372
366,372
367,490
367,518
367,532
368,423
369,504
369,539
370,372
370,373
371,372
371,373
372,382
372,383
372,407
372,412
373,376
373,378
373,379
374,375
374,376
374,377
374,380
374,381
375,385
375,390
376,384
376,385
376,389
377,387
377,456
377,551
378,384
378,385
379,386
379,395
380,384
380,385
380,391
381,400
382,384
382,385
383,384
383,388
384,394
384,396
384,406
385,392
385,398
386,392
386,453
386,502
387,462
387,645
388,397
389,392
389,393
390,392
390,393
390,395
391,392
391,393
391,394
392,400
392,529
393,402
393,406
393,408
394,401
394,451
395,404
395,407
395,428
395,443
396,399
396,400
396,401
396,402
397,399
397,400
397,401
397,403
397,405
397,418
398,455
399,408
399,409
399,410
399,411
400,509
400,517
401,408
401,498
402,409
402,410
402,411
403,586
404,412
405,408
405,409
406,429
407,408
407,426
408,460
408,596
408,622
409,413
409,414
409,416
409,417
410,413
410,415
410,439
411,413
411,414
412,413
412,418
412,444
412,445
412,446
413,419
413,420
413,421
413,422
414,424
415,423
415,469
416,448
416,487
417,419
418,420
418,421
418,422
418,464
418,465
419,425
420,425
420,430
420,469
421,486
422,425
422,426
422,431
423,425
423,427
423,428
423,432
424,425
424,426
424,429
424,433
425,434
425,462
426,434
426,435
427,434
427,435
427,437
428,434
428,435
428,436
428,454
429,439
429,508
430,440
431,554
431,559
432,434
433,434
433,436
433,438
434,442
435,441
435,442
436,441
436,442
436,445
437,441
437,528
438,441
438,442
438,446
439,443
439,444
439,445
440,441
440,447
440,496
441,449
441,497
442,448
442,450
442,452
442,470
442,472
442,473
443,448
443,566
443,573
444,448
444,475
444,502
445,687
446,451
447,448
447,589
448,456
449,453
450,453
450,485
451,454
451,455
451,457
451,458
452,453
452,459
452,478
453,466
453,492
453,520
454,460
454,461
454,462
454,463
454,464
455,460
455,461
455,462
455,465
456,523
457,460
457,463
458,520
459,460
459,461
459,483
460,551
461,468
461,488
462,683
462,740
463,467
463,473
464,467
464,472
465,467
465,468
465,469
465,470
465,483
466,471
467,474
467,475
467,476
468,474
468,475
468,476
469,476
470,611
471,477
471,500
472,475
472,478
472,488
472,492
473,474
474,479
474,482
474,484
475,479
475,480
475,486
476,479
476,481
477,483
478,479
478,480
478,481
479,485
479,487
479,507
480,504
480,513
481,485
481,489
481,490
481,491
482,485
482,492
482,529
483,488
484,486
484,490
485,493
485,542
485,559
485,585
486,497
486,523
486,528
487,493
487,500
487,506
488,501
488,532
489,500
489,502
490,494
490,496
490,498
491,493
491,495
491,501
492,493
492,499
493,629
493,638
493,679
494,507
494,528
495,741
495,742
496,508
496,511
496,562
497,506
497,507
498,523
498,544
499,503
499,508
500,505
501,503
502,503
502,504
503,509
503,510
503,511
504,515
504,517
505,513
505,570
506,512
507,509
507,510
508,514
509,521
509,527
510,517
510,579
511,590
511,615
512,516
512,520
512,526
513,516
513,518
513,534
514,516
514,590
515,519
516,522
516,596
517,525
518,527
518,635
519,523
519,528
520,529
521,522
521,524
521,526
522,531
522,545
523,605
523,614
524,621
525,623
526,530
527,590
527,631
528,530
529,530
529,532
530,534
530,535
531,533
531,536
532,533
534,538
535,540
536,537
536,539
537,569
537,598
538,541
538,542
538,543
538,545
538,546
538,591
539,541
539,604
540,543
540,544
541,547
541,548
542,547
542,572
542,660
543,549
544,553
544,554
545,550
545,551
545,552
545,588
546,590
546,630
548,580
549,555
549,557
550,713
550,718
551,574
551,586
551,651
552,558
552,631
553,559
554,556
554,558
555,560
555,561
555,607
556,560
556,561
556,562
557,581
559,562
560,565
560,679
561,635
561,648
561,709
562,563
562,564
562,566
563,567
563,606
563,646
564,568
564,573
565,569
565,635
565,658
566,567
566,570
566,571
566,572
566,574
567,575
567,724
568,579
569,578
569,695
570,750
571,577
572,576
572,704
574,620
574,699
576,733
576,749
576,750
577,582
577,583
577,584
578,585
579,580
579,581
579,591
579,595
580,586
580,587
580,592
581,589
581,590
581,643
582,619
582,627
583,588
583,591
584,620
584,631
584,693
585,586
585,696
585,700
585,716
587,598
588,595
589,593
589,594
589,642
590,596
590,637
592,612
592,675
593,597
593,599
593,641
594,600
594,601
594,730
595,598
596,601
596,602
596,708
597,622
598,605
598,606
598,607
599,604
599,687
600,603
600,650
600,659
600,703
601,673
602,621
605,613
606,608
606,611
606,612
606,614
607,609
607,610
607,665
608,620
609,653
609,662
610,615
611,619
612,652
612,681
613,615
613,616
613,617
613,618
613,643
614,689
615,705
615,717
615,740
616,622
617,728
618,621
618,685
619,623
620,624
620,625
620,634
621,626
622,629
622,630
622,631
623,626
623,629
623,632
624,627
624,638
624,710
625,627
625,628
625,683
626,633
626,640
626,703
627,635
627,640
629,637
630,634
630,636
630,687
631,638
631,639
633,657
634,648
634,655
635,643
635,717
636,646
637,644
637,645
638,687
640,641
640,642
640,647
640,723
641,652
641,672
642,650
642,750
644,649
644,651
646,660
646,685
647,648
648,656
648,660
648,713
649,657
651,653
651,655
652,654
653,658
654,660
654,661
654,688
655,659
655,662
655,703
655,734
655,738
656,716
656,738
658,663
658,666
658,667
660,665
661,664
662,698
663,673
664,676
664,700
665,670
665,671
665,677
665,726
666,672
666,675
667,668
667,669
667,674
667,678
668,681
668,697
669,698
669,736
670,686
671,679
673,678
675,680
678,749
680,684
680,685
681,682
681,683
682,692
682,732
683,687
684,686
684,688
684,691
684,723
685,689
685,690
687,694
687,698
689,693
689,697
689,699
690,696
691,695
692,694
693,702
694,713
695,700
696,701
696,707
697,703
697,704
697,730
698,706
699,705
701,709
702,709
702,711
702,713
705,708
705,725
706,712
707,708
707,710
708,718
708,719
709,717
711,715
713,714
713,716
714,722
715,721
715,723
716,725
716,742
716,743
717,724
717,728
717,730
718,720
718,726
719,727
721,729
721,733
722,730
724,734
726,732
728,731
728,749
729,746
730,735
731,737
733,736
735,741
735,742
736,739
736,740
737,738
737,743
738,745
742,744
742,746
744,749
744,750
745,748
746,747

<end>
