<number of tasks>
750

<cycle time>
1000

<order strength>
0.292


<task times>
1 155
2 81
3 105
4 127
5 186
6 94
7 50
8 152
9 201
10 69
11 148
12 223
13 324
14 169
15 20
16 183
17 159
18 113
19 130
20 68
21 38
22 187
23 54
24 35
25 281
26 174
27 91
28 178
29 144
30 173
31 183
32 26
33 158
34 164
35 188
36 255
37 149
38 140
39 100
40 155
41 65
42 205
43 85
44 140
45 42
46 123
47 287
48 95
49 80
50 106
51 227
52 158
53 133
54 145
55 22
56 177
57 125
58 124
59 130
60 260
61 145
62 156
63 33
64 91
65 133
66 195
67 288
68 24
69 42
70 82
71 60
72 28
73 76
74 71
75 225
76 105
77 246
78 185
79 171
80 137
81 298
82 219
83 40
84 109
85 335
86 192
87 151
88 184
89 72
90 204
91 139
92 72
93 22
94 138
95 307
96 140
97 76
98 108
99 283
100 68
101 26
102 105
103 193
104 136
105 144
106 196
107 113
108 141
109 234
110 50
111 143
112 153
113 132
114 48
115 138
116 201
117 28
118 42
119 228
120 225
121 249
122 38
123 92
124 28
125 170
126 241
127 176
128 157
129 52
130 386
131 70
132 178
133 153
134 50
135 188
136 305
137 70
138 107
139 190
140 185
141 173
142 144
143 176
144 211
145 128
146 142
147 133
148 47
149 53
150 55
151 223
152 134
153 115
154 80
155 61
156 152
157 64
158 86
159 262
160 79
161 85
162 262
163 145
164 86
165 134
166 51
167 116
168 104
169 162
170 185
171 171
172 101
173 151
174 74
175 182
176 62
177 234
178 256
179 73
180 43
181 187
182 319
183 193
184 123
185 149
186 93
187 143
188 195
189 29
190 32
191 53
192 114
193 24
194 197
195 137
196 94
197 82
198 98
199 170
200 35
201 182
202 249
203 169
204 134
205 79
206 87
207 86
208 145
209 79
210 263
211 228
212 34
213 68
214 139
215 99
216 165
217 44
218 38
219 158
220 22
221 204
222 150
223 191
224 213
225 129
226 215
227 246
228 115
229 66
230 63
231 163
232 144
233 214
234 98
235 24
236 71
237 215
238 231
239 117
240 57
241 99
242 89
243 143
244 143
245 205
246 228
247 85
248 140
249 98
250 36
251 118
252 165
253 82
254 101
255 186
256 249
257 93
258 113
259 83
260 65
261 171
262 109
263 67
264 306
265 122
266 28
267 165
268 26
269 90
270 93
271 213
272 209
273 101
274 212
275 290
276 96
277 182
278 78
279 92
280 215
281 94
282 29
283 46
284 99
285 230
286 177
287 234
288 25
289 192
290 246
291 294
292 216
293 66
294 21
295 53
296 350
297 77
298 76
299 222
300 230
301 96
302 55
303 226
304 169
305 264
306 139
307 79
308 117
309 50
310 31
311 27
312 132
313 208
314 198
315 228
316 101
317 155
318 301
319 132
320 79
321 65
322 81
323 258
324 225
325 162
326 126
327 103
328 41
329 234
330 59
331 26
332 53
333 49
334 92
335 129
336 98
337 140
338 136
339 22
340 291
341 122
342 22
343 275
344 27
345 60
346 175
347 186
348 154
349 50
350 265
351 153
352 121
353 151
354 56
355 224
356 153
357 30
358 236
359 82
360 194
361 129
362 222
363 183
364 353
365 42
366 103
367 57
368 75
369 48
370 202
371 167
372 37
373 279
374 154
375 225
376 145
377 122
378 127
379 103
380 129
381 79
382 161
383 53
384 120
385 186
386 152
387 238
388 342
389 36
390 157
391 41
392 37
393 143
394 92
395 132
396 204
397 116
398 109
399 193
400 115
401 31
402 187
403 82
404 132
405 196
406 209
407 212
408 251
409 105
410 235
411 204
412 57
413 159
414 207
415 231
416 121
417 66
418 69
419 85
420 88
421 45
422 28
423 130
424 185
425 197
426 116
427 172
428 157
429 178
430 103
431 305
432 54
433 141
434 116
435 32
436 79
437 225
438 106
439 108
440 139
441 142
442 150
443 79
444 243
445 57
446 54
447 21
448 134
449 184
450 139
451 149
452 52
453 303
454 212
455 172
456 181
457 227
458 204
459 179
460 164
461 161
462 250
463 115
464 135
465 209
466 196
467 38
468 197
469 100
470 235
471 261
472 165
473 120
474 44
475 71
476 148
477 87
478 30
479 139
480 159
481 91
482 218
483 70
484 195
485 196
486 256
487 115
488 37
489 23
490 245
491 208
492 98
493 132
494 77
495 317
496 89
497 92
498 125
499 25
500 183
501 79
502 126
503 183
504 93
505 121
506 152
507 168
508 302
509 34
510 210
511 132
512 96
513 193
514 71
515 224
516 202
517 149
518 155
519 117
520 243
521 121
522 38
523 93
524 114
525 266
526 121
527 197
528 193
529 330
530 175
531 210
532 25
533 103
534 111
535 93
536 133
537 102
538 60
539 278
540 79
541 264
542 40
543 219
544 51
545 157
546 109
547 126
548 62
549 91
550 163
551 145
552 203
553 203
554 91
555 244
556 422
557 77
558 209
559 125
560 60
561 81
562 30
563 94
564 111
565 69
566 153
567 54
568 162
569 130
570 222
571 221
572 56
573 233
574 41
575 106
576 90
577 220
578 172
579 36
580 48
581 276
582 282
583 53
584 151
585 73
586 166
587 62
588 112
589 28
590 70
591 95
592 200
593 183
594 36
595 131
596 32
597 137
598 100
599 98
600 131
601 204
602 96
603 93
604 255
605 37
606 23
607 111
608 74
609 214
610 61
611 93
612 219
613 192
614 122
615 132
616 59
617 74
618 74
619 98
620 178
621 30
622 146
623 153
624 60
625 67
626 172
627 73
628 194
629 123
630 85
631 208
632 278
633 135
634 109
635 136
636 51
637 105
638 23
639 113
640 164
641 86
642 70
643 62
644 208
645 143
646 31
647 223
648 158
649 193
650 164
651 91
652 369
653 161
654 162
655 48
656 101
657 130
658 103
659 184
660 109
661 167
662 43
663 219
664 247
665 76
666 162
667 154
668 61
669 80
670 283
671 156
672 151
673 240
674 261
675 192
676 153
677 87
678 96
679 116
680 130
681 209
682 151
683 118
684 29
685 143
686 211
687 281
688 212
689 244
690 60
691 56
692 77
693 336
694 28
695 47
696 111
697 160
698 29
699 48
700 248
701 170
702 48
703 304
704 128
705 259
706 37
707 115
708 154
709 88
710 43
711 186
712 99
713 194
714 187
715 260
716 54
717 230
718 87
719 222
720 127
721 73
722 213
723 266
724 131
725 109
726 190
727 102
728 42
729 265
730 191
731 156
732 100
733 229
734 70
735 191
736 201
737 23
738 112
739 202
740 104
741 29
742 152
743 114
744 237
745 125
746 105
747 129
748 102
749 282
750 122

<precedence relations>
1,148
2,472
3,303
4,17
5,18
5,23
6,15
6,19
6,25
7,20
7,21
7,22
8,26
8,28
9,27
9,29
10,24
11,14
12,16
14,486
15,539
16,666
17,30
18,38
19,40
20,42
21,34
21,39
21,41
22,43
23,33
23,36
23,44
24,31
24,47
24,48
25,37
25,46
26,35
26,45
26,49
27,32
30,383
31,148
32,148
33,486
34,95
35,95
36,172
37,456
38,50
39,58
40,50
41,59
42,64
43,60
44,61
45,56
45,62
45,63
45,67
46,55
46,69
47,51
47,53
48,54
48,57
48,65
48,66
48,68
49,52
50,383
51,486
52,95
53,539
54,417
55,417
56,365
57,349
58,70
59,82
60,70
61,79
62,80
63,78
63,83
64,74
65,72
65,75
65,88
66,73
67,76
67,84
67,85
67,86
68,81
68,87
69,71
69,77
70,383
71,148
72,486
73,575
74,575
75,95
76,95
77,349
78,99
79,101
80,102
81,98
81,100
81,106
81,107
82,97
82,108
83,89
83,94
83,103
84,92
84,96
86,93
86,104
86,105
87,90
88,91
89,383
90,383
91,148
92,148
93,485
94,183
95,112
95,115
95,116
95,117
95,118
95,119
96,539
97,172
98,269
99,122
100,123
101,124
102,125
103,126
104,110
104,113
104,120
105,109
105,128
106,114
107,127
108,111
108,121
108,129
109,485
110,486
111,486
112,575
113,183
114,183
115,349
116,138
117,141
118,131
118,139
118,143
118,145
119,133
120,365
121,303
122,130
123,135
124,136
125,134
126,137
127,132
128,142
129,140
129,144
130,148
131,731
132,183
133,539
134,157
135,158
135,159
135,163
136,165
137,160
138,161
140,151
141,154
141,162
142,153
142,164
143,146
143,149
143,150
143,152
144,155
144,166
145,147
145,156
146,383
147,678
148,167
148,168
148,169
148,170
148,174
149,731
150,539
151,172
152,172
153,417
154,269
155,269
156,303
157,175
158,176
159,178
160,177
161,179
163,171
163,180
163,181
163,182
164,173
167,183
168,183
169,472
170,666
171,183
172,184
172,185
172,186
172,187
172,188
172,189
172,190
172,204
172,206
173,269
174,269
175,191
176,192
177,193
178,194
179,195
180,200
180,205
181,196
181,198
181,199
181,201
181,202
181,208
182,197
182,203
182,207
183,212
183,213
183,214
183,215
183,216
183,217
183,223
184,472
185,472
186,472
187,365
188,224
188,225
191,220
192,222
193,209
194,209
195,209
196,219
196,226
197,218
197,221
198,210
201,228
203,211
206,227
209,383
210,485
211,485
212,365
213,237
213,239
213,244
213,245
213,248
214,236
215,232
217,233
218,303
219,238
220,229
221,241
222,242
223,240
224,235
224,243
225,246
225,247
226,230
227,231
228,234
229,731
230,486
231,486
232,486
233,417
234,417
235,472
236,269
237,303
238,249
239,250
240,251
241,254
242,249
243,252
244,253
245,255
245,257
245,261
246,258
247,256
247,260
248,259
249,269
250,273
251,274
252,271
253,262
254,277
255,263
255,264
255,270
255,276
256,272
259,265
259,275
260,266
260,267
260,268
262,383
263,486
264,575
265,575
266,417
267,472
268,349
269,278
269,280
269,281
269,282
269,283
269,284
269,285
269,286
269,287
270,289
271,290
272,291
273,294
276,288
276,292
276,293
276,295
276,296
276,297
276,298
277,279
278,678
279,486
280,304
280,314
281,311
282,313
283,299
283,300
283,309
283,315
284,302
288,303
289,307
290,305
291,308
292,306
292,310
294,312
295,301
299,383
300,678
301,731
302,417
303,320
303,321
303,322
303,323
303,324
304,325
305,316
306,326
307,327
309,318
309,328
310,319
310,329
310,332
311,330
311,331
314,317
316,731
317,486
318,486
319,486
320,335
320,339
320,340
321,341
321,343
322,336
323,342
323,344
325,333
326,333
327,337
328,334
329,338
333,575
334,472
335,349
336,456
337,351
338,346
338,352
338,355
338,359
338,361
340,345
340,360
341,347
341,350
341,358
342,353
342,354
343,356
343,362
344,348
344,357
345,383
346,485
347,417
348,365
349,366
349,367
349,368
349,369
349,370
349,371
350,666
351,377
352,376
353,374
353,380
354,375
354,378
355,372
355,373
358,381
359,379
360,363
360,364
361,382
363,383
364,417
365,387
365,388
365,389
365,390
365,391
365,392
365,393
365,394
365,395
365,396
365,397
366,385
366,400
367,406
368,386
368,404
372,456
373,456
374,398
375,399
376,402
377,384
378,401
381,403
382,405
383,407
383,408
383,409
383,410
383,411
383,412
383,413
383,414
383,415
383,416
384,486
385,486
386,417
387,420
390,428
394,424
398,418
399,422
400,419
400,426
401,421
403,423
403,425
404,427
407,486
408,440
408,443
409,447
410,429
410,448
412,450
413,446
417,431
417,432
417,433
417,434
417,435
417,436
417,437
417,438
418,666
419,439
420,442
421,444
423,441
424,445
424,449
425,430
429,731
430,731
431,472
432,666
433,456
434,452
434,453
434,457
436,465
437,455
438,464
439,451
440,458
441,459
442,462
443,460
444,451
445,461
446,466
447,454
449,463
451,731
452,731
453,486
454,472
455,472
456,473
456,474
456,475
456,476
456,477
456,483
457,478
458,479
459,467
460,467
461,467
462,468
462,481
463,469
463,470
463,480
463,482
464,471
464,484
467,485
468,485
469,486
470,486
471,539
472,487
472,488
472,489
472,490
472,491
472,492
473,496
474,497
478,494
479,493
480,495
481,498
485,499
485,500
485,501
485,502
485,503
485,504
485,505
485,506
485,507
485,508
485,509
485,510
485,511
485,512
486,513
486,514
486,515
486,516
486,517
487,521
491,523
493,522
494,519
495,518
496,520
499,526
499,527
501,537
504,524
506,533
513,532
513,535
514,530
514,534
514,536
518,575
519,531
520,528
521,529
522,525
522,538
524,678
525,539
526,540
527,542
528,543
529,548
530,541
530,547
532,544
533,553
533,554
535,550
535,552
536,549
537,545
537,546
538,551
539,556
539,557
539,558
539,559
539,560
540,569
541,562
542,565
543,566
544,567
545,563
545,570
546,564
546,571
547,555
547,568
551,561
553,572
555,575
556,578
559,581
559,585
559,587
561,666
562,573
563,576
564,577
565,582
566,579
567,583
568,580
570,584
570,586
572,574
573,731
574,731
575,588
575,589
575,590
575,591
575,592
575,593
575,594
575,595
575,596
575,597
575,598
575,599
576,602
577,601
578,604
579,607
580,605
581,603
581,613
584,600
584,610
584,612
585,608
586,611
587,606
587,609
597,624
599,620
600,666
601,616
602,614
603,617
604,619
605,618
606,615
608,622
610,625
612,621
613,623
614,678
615,626
616,628
617,627
618,629
619,634
619,635
619,636
620,630
620,632
623,631
623,633
626,638
627,637
628,642
629,639
629,646
630,640
630,648
631,649
632,641
632,651
633,644
633,645
635,647
636,643
636,650
637,659
638,655
639,657
640,658
641,653
642,661
643,652
643,654
643,663
644,656
649,660
649,662
652,666
653,667
654,669
655,668
656,670
657,672
658,671
659,665
659,675
659,676
660,677
661,664
662,673
663,674
664,678
665,731
666,679
666,680
666,681
666,682
666,692
667,686
668,683
669,687
670,684
671,685
672,689
672,690
673,688
673,691
678,693
678,694
678,695
678,696
678,697
678,698
678,699
678,700
678,701
678,702
678,703
678,704
678,705
678,706
678,707
678,708
678,709
678,710
678,711
680,716
683,712
684,713
685,713
686,715
688,714
694,720
698,718
702,721
710,719
712,717
717,724
718,723
718,728
718,729
718,730
719,725
719,726
719,727
720,722
722,731
723,733
724,735
725,732
725,737
726,734
727,738
727,739
729,740
730,736
731,741
731,742
731,743
731,744
731,745
732,746
733,748
734,747
735,750
737,749

<end>
