<number of tasks>
750

<cycle time>
1000

<order strength>
0.595


<task times>
1 639
2 601
3 571
4 435
5 562
6 563
7 424
8 488
9 513
10 649
11 594
12 546
13 488
14 524
15 459
16 445
17 427
18 382
19 477
20 521
21 508
22 398
23 449
24 409
25 585
26 578
27 571
28 626
29 461
30 610
31 509
32 182
33 495
34 610
35 512
36 233
37 619
38 474
39 419
40 523
41 376
42 508
43 687
44 281
45 577
46 516
47 423
48 714
49 482
50 439
51 394
52 402
53 331
54 362
55 479
56 387
57 546
58 472
59 482
60 387
61 481
62 719
63 424
64 277
65 424
66 417
67 562
68 559
69 732
70 509
71 529
72 513
73 540
74 462
75 494
76 299
77 558
78 556
79 519
80 416
81 496
82 497
83 495
84 401
85 517
86 533
87 550
88 354
89 513
90 576
91 586
92 218
93 220
94 534
95 522
96 536
97 607
98 516
99 434
100 566
101 361
102 491
103 686
104 703
105 399
106 376
107 440
108 503
109 423
110 458
111 536
112 546
113 613
114 575
115 490
116 528
117 585
118 471
119 695
120 525
121 481
122 767
123 534
124 366
125 616
126 339
127 454
128 382
129 396
130 555
131 461
132 464
133 481
134 354
135 429
136 750
137 695
138 699
139 264
140 273
141 551
142 553
143 490
144 275
145 606
146 445
147 442
148 572
149 458
150 604
151 460
152 443
153 583
154 479
155 452
156 412
157 582
158 476
159 600
160 531
161 442
162 413
163 271
164 665
165 641
166 423
167 480
168 422
169 367
170 596
171 435
172 546
173 662
174 448
175 486
176 179
177 441
178 566
179 611
180 579
181 342
182 309
183 502
184 553
185 565
186 534
187 796
188 494
189 530
190 552
191 642
192 478
193 372
194 180
195 491
196 548
197 766
198 468
199 344
200 469
201 494
202 434
203 456
204 507
205 431
206 580
207 368
208 474
209 501
210 559
211 455
212 477
213 565
214 582
215 411
216 496
217 533
218 337
219 397
220 385
221 295
222 613
223 636
224 554
225 441
226 575
227 611
228 521
229 649
230 384
231 501
232 606
233 541
234 403
235 505
236 481
237 528
238 322
239 491
240 447
241 529
242 513
243 398
244 582
245 452
246 585
247 533
248 461
249 530
250 533
251 582
252 600
253 490
254 569
255 351
256 622
257 540
258 491
259 280
260 509
261 534
262 447
263 339
264 663
265 480
266 481
267 447
268 598
269 718
270 556
271 607
272 353
273 633
274 441
275 717
276 364
277 573
278 459
279 577
280 442
281 611
282 465
283 363
284 383
285 276
286 701
287 321
288 644
289 664
290 619
291 390
292 352
293 330
294 399
295 447
296 348
297 650
298 599
299 788
300 392
301 438
302 480
303 488
304 525
305 469
306 473
307 484
308 534
309 612
310 402
311 484
312 328
313 378
314 773
315 687
316 483
317 448
318 527
319 433
320 467
321 479
322 381
323 521
324 541
325 487
326 343
327 465
328 370
329 470
330 383
331 426
332 376
333 469
334 636
335 654
336 602
337 136
338 533
339 727
340 527
341 453
342 516
343 721
344 532
345 344
346 650
347 295
348 569
349 453
350 543
351 438
352 462
353 382
354 419
355 626
356 351
357 629
358 490
359 442
360 430
361 581
362 574
363 555
364 615
365 507
366 456
367 658
368 306
369 728
370 311
371 508
372 460
373 421
374 176
375 456
376 641
377 397
378 542
379 386
380 416
381 490
382 628
383 545
384 476
385 433
386 675
387 450
388 472
389 616
390 542
391 528
392 314
393 434
394 282
395 543
396 484
397 391
398 442
399 592
400 349
401 364
402 574
403 565
404 300
405 502
406 524
407 562
408 450
409 520
410 743
411 432
412 425
413 488
414 522
415 419
416 573
417 524
418 456
419 526
420 410
421 482
422 396
423 331
424 384
425 376
426 461
427 501
428 527
429 355
430 208
431 398
432 507
433 698
434 469
435 369
436 454
437 407
438 439
439 449
440 574
441 588
442 588
443 461
444 383
445 475
446 548
447 395
448 358
449 661
450 422
451 395
452 380
453 590
454 495
455 550
456 511
457 795
458 351
459 531
460 603
461 206
462 464
463 519
464 462
465 339
466 429
467 492
468 603
469 609
470 542
471 483
472 511
473 196
474 628
475 482
476 379
477 473
478 443
479 532
480 460
481 674
482 562
483 496
484 405
485 454
486 503
487 397
488 365
489 309
490 445
491 460
492 392
493 593
494 446
495 533
496 472
497 492
498 593
499 775
500 392
501 634
502 568
503 583
504 689
505 415
506 558
507 442
508 695
509 506
510 222
511 472
512 522
513 310
514 335
515 520
516 434
517 594
518 440
519 512
520 472
521 378
522 655
523 756
524 410
525 459
526 407
527 406
528 449
529 700
530 547
531 427
532 621
533 334
534 450
535 428
536 535
537 556
538 387
539 557
540 472
541 572
542 719
543 444
544 387
545 266
546 528
547 532
548 563
549 542
550 508
551 440
552 261
553 397
554 554
555 526
556 294
557 454
558 310
559 410
560 703
561 325
562 547
563 642
564 418
565 571
566 364
567 542
568 414
569 717
570 374
571 544
572 547
573 600
574 484
575 357
576 387
577 614
578 504
579 424
580 524
581 520
582 331
583 434
584 461
585 417
586 694
587 327
588 782
589 433
590 449
591 464
592 540
593 685
594 388
595 528
596 517
597 412
598 543
599 478
600 509
601 488
602 422
603 588
604 524
605 683
606 341
607 670
608 559
609 574
610 505
611 725
612 444
613 385
614 396
615 657
616 469
617 345
618 700
619 642
620 381
621 503
622 692
623 286
624 520
625 499
626 317
627 509
628 410
629 370
630 417
631 352
632 603
633 259
634 479
635 485
636 376
637 397
638 398
639 114
640 399
641 603
642 505
643 384
644 431
645 632
646 457
647 644
648 466
649 655
650 561
651 350
652 576
653 587
654 454
655 352
656 410
657 433
658 529
659 343
660 556
661 323
662 485
663 537
664 551
665 532
666 651
667 560
668 421
669 806
670 404
671 261
672 598
673 315
674 763
675 324
676 407
677 239
678 527
679 547
680 543
681 607
682 502
683 674
684 541
685 498
686 535
687 629
688 487
689 265
690 442
691 632
692 341
693 400
694 303
695 570
696 512
697 466
698 662
699 282
700 507
701 509
702 621
703 496
704 502
705 431
706 514
707 523
708 612
709 428
710 502
711 473
712 783
713 418
714 506
715 401
716 543
717 561
718 657
719 328
720 676
721 383
722 374
723 365
724 522
725 439
726 611
727 522
728 467
729 559
730 598
731 626
732 653
733 668
734 588
735 286
736 552
737 717
738 576
739 230
740 309
741 444
742 474
743 483
744 591
745 380
746 554
747 454
748 288
749 549
750 559

<precedence relations>
1,10
2,12
3,11
3,18
3,63
4,13
4,15
5,182
5,247
6,14
7,16
8,13
8,14
8,15
8,17
9,73
10,19
11,20
12,26
13,21
13,22
13,25
13,26
13,28
13,29
14,23
14,31
15,24
15,25
15,26
15,30
16,25
16,26
17,25
18,27
19,33
20,34
21,35
22,37
23,39
24,40
25,32
25,43
25,44
26,41
27,36
27,41
27,44
28,38
29,44
30,109
31,42
32,45
33,51
34,46
35,52
36,47
37,49
38,50
39,48
40,53
41,51
41,52
41,53
41,102
41,117
42,51
42,54
42,55
42,56
42,57
43,51
43,52
43,53
44,51
44,58
45,59
46,60
47,62
48,61
49,63
50,62
51,127
52,160
53,510
54,193
55,62
56,62
57,62
57,63
57,64
58,62
58,103
59,65
60,66
61,67
62,68
62,69
62,72
62,75
63,70
63,71
63,73
63,84
63,85
64,68
64,69
64,74
65,76
66,78
67,77
68,82
68,84
69,81
69,85
69,169
70,80
71,78
71,79
71,80
71,83
72,78
72,80
73,78
73,79
73,80
73,81
73,82
74,78
75,78
76,86
77,88
78,89
78,90
78,94
79,87
79,93
80,91
80,92
80,113
81,287
81,421
82,91
82,92
83,422
84,92
85,575
86,95
87,96
88,98
89,99
90,100
91,97
92,102
92,104
92,114
93,101
93,103
93,105
94,101
95,109
96,111
97,108
98,112
99,113
100,109
101,106
101,109
102,107
102,109
102,112
103,110
103,204
104,115
104,116
104,117
104,161
105,109
105,114
106,118
107,120
108,119
109,122
109,124
109,125
110,121
111,137
111,194
112,124
113,127
114,123
114,125
115,124
115,125
115,127
116,124
116,126
117,124
117,125
118,128
119,129
120,130
121,131
122,132
123,134
124,133
124,136
125,493
125,595
126,135
126,138
126,139
126,203
127,135
127,136
127,137
127,138
127,140
127,173
128,141
129,142
130,147
131,148
132,144
133,146
134,145
135,143
135,147
135,148
135,149
135,150
135,151
136,149
136,152
137,185
138,151
139,150
140,147
140,148
141,159
142,153
143,154
144,161
145,156
146,158
147,155
147,157
147,194
148,159
149,159
150,162
150,204
150,208
151,159
151,160
151,170
151,208
152,159
152,160
152,163
152,164
153,165
154,169
155,167
156,169
157,168
158,169
159,175
159,176
159,177
159,249
160,166
160,174
160,305
161,169
161,170
161,173
161,247
162,172
163,434
163,533
164,170
164,171
165,181
166,178
167,180
168,179
169,181
169,182
169,188
170,587
170,611
171,184
171,186
172,181
172,182
172,183
173,248
173,434
175,187
175,551
175,621
175,711
176,202
177,181
177,183
177,185
177,186
177,216
178,190
179,191
180,189
181,190
181,195
181,218
181,219
182,193
183,190
183,191
183,192
184,194
184,196
185,192
186,190
186,357
188,389
189,197
190,198
190,206
190,323
191,200
191,246
191,331
192,199
192,200
193,201
193,202
193,205
194,200
194,201
194,202
194,204
194,208
195,207
195,209
196,203
196,692
197,210
198,212
199,215
200,211
200,218
201,213
201,219
201,357
202,214
202,216
202,217
202,220
203,521
203,679
203,699
203,729
204,452
205,237
205,252
206,469
207,483
208,605
209,217
210,221
211,223
212,222
213,224
214,226
215,225
216,229
216,230
216,235
216,236
216,416
217,227
217,237
217,238
218,228
218,234
219,233
219,416
220,231
220,232
221,244
222,239
223,247
224,249
225,241
226,250
227,240
227,242
227,243
228,245
228,252
228,254
228,269
230,390
231,248
231,250
232,251
233,269
233,364
234,244
234,378
234,381
234,416
235,244
236,335
236,482
236,584
236,620
237,320
237,376
237,377
238,246
238,253
238,255
238,256
239,257
240,261
241,262
242,264
243,265
244,269
245,258
245,266
245,332
245,369
245,509
246,259
246,266
246,336
247,320
247,415
247,495
248,260
248,539
249,376
250,378
251,263
251,268
251,364
252,266
252,267
253,266
254,523
254,720
255,267
255,278
256,268
256,321
256,467
256,552
256,610
257,270
258,271
259,272
260,275
261,273
262,274
263,277
264,276
265,278
266,434
267,280
267,295
267,308
269,279
269,415
270,284
271,281
272,287
273,282
274,283
275,285
276,286
277,287
278,290
279,363
280,288
280,289
280,357
281,296
282,295
283,291
284,292
285,293
286,294
287,404
288,297
288,298
288,378
288,509
289,299
289,307
290,296
290,299
291,301
292,306
293,302
294,303
295,300
295,307
296,305
296,308
297,304
297,310
298,305
299,305
299,306
299,309
300,311
301,313
302,318
303,315
304,317
305,312
305,314
305,321
305,329
305,364
306,318
307,316
307,319
307,365
307,400
308,586
308,709
309,322
309,323
310,320
310,471
310,611
311,327
312,324
313,328
314,325
315,331
316,326
317,328
318,332
318,421
318,520
319,604
319,618
321,333
321,484
321,622
322,329
322,334
322,335
322,336
322,524
323,328
323,330
324,343
325,337
326,340
327,342
328,347
329,338
329,348
329,349
329,482
330,339
330,346
331,344
331,381
331,423
332,341
332,343
333,367
333,379
334,485
334,498
334,614
335,470
336,345
336,434
337,350
338,352
339,353
340,351
341,354
342,355
343,665
344,357
344,392
346,356
347,598
348,640
349,622
350,359
351,360
352,358
353,361
354,362
355,364
355,367
355,369
355,509
356,363
356,365
356,366
356,368
357,605
357,748
358,371
359,376
360,374
361,373
362,375
363,370
363,380
364,372
364,377
365,376
365,378
366,608
366,617
366,711
368,379
368,381
370,382
371,384
372,385
373,383
374,387
375,386
376,390
377,388
377,389
377,390
377,415
378,389
378,392
378,402
379,538
379,626
379,654
379,749
380,391
381,606
381,718
382,393
383,395
384,400
385,398
386,396
387,402
388,397
389,394
389,405
389,452
390,399
390,523
391,700
392,401
392,403
392,404
393,406
394,407
395,408
396,409
397,413
398,411
399,412
400,416
400,433
400,552
401,410
401,572
402,499
404,415
404,480
405,413
405,414
406,417
407,421
408,418
409,419
410,420
411,421
412,421
413,422
414,667
414,692
415,424
415,587
416,423
416,425
417,426
418,427
419,429
420,428
421,430
421,433
421,587
421,624
422,431
422,432
422,532
423,432
423,434
423,435
424,468
425,435
426,436
427,437
428,439
429,438
430,441
431,442
432,440
432,445
433,443
433,444
434,446
434,540
435,444
435,652
436,450
437,452
438,447
439,452
440,448
441,449
442,455
443,451
444,457
444,458
444,494
445,453
445,454
445,467
446,452
446,456
447,465
448,461
449,466
450,462
451,463
452,464
452,465
453,459
453,472
454,460
454,470
454,620
455,467
455,468
455,471
456,737
457,469
457,486
457,604
458,728
459,473
460,474
461,480
462,477
463,478
464,479
465,475
466,634
467,476
468,481
468,484
469,480
469,511
469,748
470,483
470,587
471,480
471,482
471,486
472,485
472,523
472,604
473,487
474,492
475,488
476,489
477,493
478,490
479,491
480,495
481,496
482,492
482,616
483,540
483,553
484,492
484,494
484,634
485,497
485,499
485,620
486,498
486,606
486,640
487,500
488,501
489,502
490,503
491,504
492,505
492,654
493,509
493,614
494,510
494,511
496,506
496,507
496,512
497,506
498,704
499,508
499,525
500,513
501,516
502,514
503,515
504,517
505,518
506,525
506,564
507,520
507,524
508,681
508,713
508,727
509,523
509,624
510,519
511,522
511,623
512,521
513,528
514,530
515,532
516,529
517,535
518,531
519,526
519,534
519,537
520,527
520,536
520,540
522,625
523,538
523,625
524,533
524,539
524,624
525,535
526,542
527,543
528,544
529,541
530,547
531,549
532,545
532,550
532,652
532,743
533,546
534,548
535,553
536,636
537,621
537,720
538,551
539,552
539,693
541,554
542,564
543,555
544,556
545,557
546,558
547,559
548,560
549,561
550,563
551,562
552,566
553,565
554,573
555,569
556,574
557,567
558,568
559,572
560,572
561,570
562,571
563,572
565,575
565,576
566,609
567,578
568,582
569,579
570,580
571,584
572,577
572,594
572,727
573,634
573,743
574,583
574,587
574,640
575,581
575,586
576,585
577,588
578,589
579,592
580,590
581,591
583,593
585,595
585,596
585,598
585,609
586,594
586,599
587,594
587,597
588,603
589,604
590,605
591,600
592,601
593,602
595,608
595,693
596,607
596,611
596,635
597,622
598,708
598,739
599,606
599,609
599,610
600,613
601,612
602,613
603,614
604,693
605,679
606,615
607,655
607,681
608,616
609,617
610,616
610,618
612,620
613,619
613,623
613,705
614,666
616,624
616,625
617,621
617,627
618,621
618,622
618,626
618,635
618,744
619,629
620,628
620,630
620,631
621,632
622,634
622,664
623,637
623,638
623,681
624,633
624,635
624,639
624,640
626,748
627,636
627,718
628,643
629,646
630,645
631,647
632,648
633,641
633,652
633,702
634,642
634,651
634,653
634,654
635,644
635,654
635,655
636,649
636,653
638,662
638,740
640,650
640,713
641,658
642,659
643,656
644,660
645,657
646,661
647,662
648,662
649,663
649,665
650,748
651,666
651,667
652,664
652,668
656,670
657,672
658,671
659,673
660,676
661,677
662,669
663,674
664,675
665,708
666,678
666,680
667,679
668,681
669,682
670,683
671,684
672,685
673,690
674,686
675,687
676,688
677,689
678,692
679,702
680,691
680,693
681,712
682,696
683,694
684,699
685,699
686,699
687,695
688,697
689,698
690,701
690,702
690,705
691,703
691,704
692,705
693,700
694,708
695,708
696,707
697,708
698,709
699,710
699,714
700,706
701,711
701,713
705,712
706,715
707,716
709,718
710,717
712,718
713,719
714,720
715,724
716,721
717,722
717,723
717,725
717,727
718,728
718,729
718,730
718,731
719,726
719,732
721,734
722,735
723,733
725,736
726,737
727,740
727,749
728,738
731,739
733,741
734,743
735,743
736,742
737,749
738,745
739,746
740,744
741,748
742,747
743,750
744,750
745,749

<end>
