<number of tasks>
750

<cycle time>
1000

<order strength>
0.196


<task times>
1 144
2 144
3 97
4 203
5 92
6 203
7 54
8 172
9 30
10 289
11 79
12 208
13 236
14 177
15 243
16 156
17 44
18 224
19 66
20 134
21 146
22 322
23 144
24 91
25 115
26 341
27 45
28 125
29 141
30 390
31 134
32 152
33 82
34 177
35 110
36 373
37 157
38 176
39 109
40 190
41 128
42 100
43 147
44 171
45 100
46 208
47 176
48 29
49 146
50 97
51 164
52 94
53 277
54 116
55 65
56 83
57 73
58 107
59 123
60 100
61 184
62 60
63 25
64 30
65 225
66 123
67 105
68 20
69 184
70 127
71 94
72 54
73 128
74 110
75 165
76 131
77 119
78 134
79 213
80 98
81 293
82 153
83 26
84 206
85 133
86 134
87 259
88 122
89 188
90 206
91 127
92 71
93 219
94 142
95 138
96 65
97 148
98 146
99 121
100 103
101 148
102 210
103 214
104 71
105 126
106 190
107 46
108 139
109 134
110 27
111 117
112 215
113 234
114 116
115 124
116 78
117 34
118 268
119 134
120 61
121 53
122 199
123 156
124 134
125 149
126 134
127 123
128 30
129 97
130 181
131 171
132 244
133 62
134 169
135 157
136 215
137 60
138 296
139 20
140 94
141 47
142 28
143 108
144 22
145 258
146 165
147 120
148 231
149 161
150 178
151 186
152 129
153 132
154 204
155 143
156 62
157 288
158 188
159 127
160 136
161 82
162 122
163 37
164 160
165 197
166 143
167 161
168 58
169 145
170 125
171 122
172 70
173 109
174 231
175 25
176 143
177 112
178 115
179 106
180 273
181 289
182 149
183 224
184 107
185 100
186 52
187 143
188 222
189 313
190 132
191 86
192 62
193 117
194 39
195 111
196 211
197 34
198 161
199 64
200 57
201 170
202 178
203 27
204 178
205 160
206 200
207 113
208 139
209 86
210 165
211 42
212 93
213 236
214 142
215 112
216 88
217 42
218 150
219 356
220 30
221 179
222 92
223 138
224 169
225 96
226 45
227 149
228 133
229 93
230 198
231 91
232 122
233 75
234 123
235 236
236 270
237 169
238 299
239 165
240 114
241 41
242 119
243 74
244 142
245 53
246 215
247 287
248 280
249 60
250 69
251 160
252 149
253 270
254 134
255 157
256 203
257 162
258 106
259 104
260 116
261 183
262 92
263 77
264 129
265 69
266 116
267 44
268 234
269 119
270 185
271 130
272 117
273 107
274 287
275 97
276 263
277 192
278 60
279 319
280 133
281 260
282 302
283 26
284 150
285 165
286 30
287 173
288 204
289 62
290 108
291 129
292 193
293 77
294 116
295 64
296 48
297 100
298 145
299 197
300 244
301 147
302 197
303 168
304 165
305 191
306 59
307 347
308 185
309 191
310 47
311 268
312 164
313 108
314 46
315 382
316 135
317 200
318 165
319 166
320 41
321 76
322 93
323 230
324 162
325 106
326 106
327 219
328 145
329 446
330 172
331 96
332 277
333 58
334 253
335 111
336 40
337 28
338 142
339 187
340 88
341 308
342 248
343 49
344 55
345 225
346 186
347 183
348 20
349 198
350 35
351 159
352 28
353 174
354 100
355 64
356 116
357 256
358 95
359 154
360 159
361 223
362 74
363 43
364 50
365 150
366 102
367 99
368 20
369 52
370 95
371 308
372 52
373 138
374 218
375 28
376 165
377 86
378 166
379 209
380 47
381 98
382 335
383 31
384 144
385 92
386 183
387 171
388 230
389 95
390 145
391 200
392 71
393 156
394 111
395 221
396 155
397 167
398 31
399 277
400 85
401 132
402 65
403 39
404 284
405 223
406 71
407 56
408 76
409 95
410 95
411 93
412 30
413 79
414 59
415 155
416 205
417 106
418 77
419 33
420 20
421 38
422 119
423 266
424 91
425 63
426 282
427 62
428 65
429 117
430 158
431 72
432 186
433 100
434 121
435 75
436 47
437 23
438 37
439 144
440 151
441 105
442 140
443 115
444 119
445 225
446 97
447 84
448 149
449 116
450 127
451 125
452 109
453 91
454 154
455 47
456 133
457 60
458 69
459 44
460 171
461 206
462 51
463 291
464 100
465 111
466 164
467 101
468 131
469 81
470 242
471 107
472 210
473 157
474 84
475 129
476 60
477 143
478 74
479 150
480 133
481 126
482 70
483 131
484 174
485 191
486 149
487 28
488 85
489 84
490 22
491 95
492 352
493 107
494 50
495 137
496 83
497 108
498 171
499 58
500 216
501 154
502 189
503 301
504 235
505 269
506 320
507 37
508 21
509 65
510 24
511 35
512 156
513 87
514 189
515 222
516 34
517 78
518 152
519 117
520 144
521 56
522 294
523 114
524 142
525 144
526 153
527 159
528 126
529 202
530 109
531 124
532 166
533 110
534 235
535 146
536 312
537 79
538 83
539 155
540 73
541 131
542 278
543 221
544 223
545 59
546 56
547 209
548 81
549 47
550 219
551 121
552 74
553 76
554 171
555 138
556 46
557 272
558 57
559 48
560 49
561 148
562 44
563 74
564 35
565 107
566 161
567 103
568 92
569 131
570 160
571 115
572 95
573 129
574 251
575 214
576 82
577 288
578 39
579 128
580 207
581 184
582 63
583 64
584 25
585 159
586 28
587 82
588 155
589 243
590 174
591 301
592 64
593 61
594 100
595 56
596 159
597 31
598 221
599 274
600 182
601 101
602 165
603 153
604 103
605 96
606 365
607 94
608 270
609 158
610 87
611 195
612 54
613 267
614 103
615 229
616 95
617 132
618 228
619 167
620 89
621 119
622 53
623 49
624 109
625 185
626 59
627 83
628 358
629 201
630 167
631 35
632 78
633 79
634 218
635 30
636 67
637 23
638 167
639 129
640 116
641 181
642 229
643 260
644 225
645 107
646 170
647 27
648 103
649 111
650 84
651 149
652 193
653 63
654 55
655 65
656 71
657 82
658 240
659 113
660 105
661 86
662 288
663 183
664 97
665 143
666 58
667 112
668 68
669 159
670 89
671 54
672 97
673 199
674 312
675 36
676 119
677 216
678 255
679 71
680 109
681 175
682 114
683 66
684 68
685 232
686 83
687 133
688 116
689 238
690 225
691 115
692 196
693 141
694 183
695 150
696 155
697 88
698 159
699 125
700 187
701 62
702 61
703 36
704 197
705 54
706 291
707 122
708 29
709 24
710 74
711 60
712 194
713 221
714 76
715 109
716 152
717 132
718 242
719 129
720 166
721 92
722 226
723 89
724 263
725 63
726 146
727 79
728 77
729 24
730 175
731 190
732 81
733 117
734 83
735 80
736 161
737 180
738 171
739 71
740 265
741 58
742 174
743 72
744 195
745 154
746 117
747 163
748 58
749 122
750 85

<precedence relations>
1,15
2,17
3,18
4,20
5,21
6,16
6,19
6,169
7,22
7,24
8,23
8,25
8,27
8,75
8,197
8,348
9,407
10,28
10,369
10,672
11,399
12,26
13,625
15,31
16,32
17,37
18,33
19,34
20,38
21,39
22,35
23,36
24,29
25,30
25,43
25,46
25,221
25,422
26,40
26,41
26,45
27,42
27,44
27,85
27,99
27,204
27,220
28,305
28,350
29,47
30,48
31,49
32,54
33,51
34,50
35,53
36,52
37,133
37,175
38,59
38,196
39,289
39,493
40,55
40,61
41,60
41,62
42,510
43,56
43,57
44,97
44,118
44,427
45,546
45,693
46,58
46,419
47,71
48,66
49,63
50,64
51,67
52,65
53,69
54,70
55,68
56,73
58,154
58,665
58,747
59,77
60,75
60,76
61,72
61,74
62,121
62,201
62,314
63,78
64,84
65,84
66,79
67,80
68,81
69,82
70,83
71,285
71,305
72,271
73,88
73,92
73,120
74,91
75,84
75,85
75,87
75,90
75,111
76,89
76,252
77,86
77,93
78,94
79,97
80,95
81,98
82,99
83,96
84,137
84,441
84,579
85,103
85,107
85,130
85,171
86,101
86,386
87,101
87,105
87,563
88,305
88,664
89,100
89,305
90,138
90,363
91,106
91,544
92,104
93,102
93,346
93,514
93,614
94,108
95,110
96,109
98,119
99,547
99,703
100,117
100,120
101,115
102,111
102,115
102,116
103,112
104,118
104,199
104,223
105,113
105,290
106,114
106,121
107,114
107,122
108,123
109,124
110,125
110,126
110,138
110,462
110,514
110,706
111,127
111,133
113,627
115,139
116,472
117,137
118,128
118,136
119,135
120,132
120,150
120,334
121,130
122,129
122,131
122,134
123,141
124,142
125,144
126,145
127,146
128,140
128,143
129,157
130,153
130,219
130,575
131,151
131,154
131,349
132,147
133,156
134,148
134,149
135,155
136,152
136,581
137,510
138,387
139,150
139,592
140,158
141,160
142,161
143,164
144,167
145,168
146,163
147,159
147,165
147,169
147,227
148,162
148,172
149,166
149,174
150,173
150,177
150,302
152,171
152,582
153,176
153,203
154,564
155,170
155,175
155,178
155,251
156,254
156,454
156,487
156,489
157,176
158,191
159,180
160,181
161,182
162,183
163,184
164,185
165,188
166,189
167,187
168,195
169,179
169,190
169,207
170,186
170,196
170,197
170,206
170,353
171,203
172,194
173,198
173,202
173,204
173,205
173,453
174,200
174,475
175,193
176,199
176,223
176,677
178,192
178,201
179,208
180,219
181,220
182,221
183,211
184,222
185,210
186,214
187,215
188,223
189,216
190,217
191,528
191,627
192,209
192,225
192,227
192,581
193,212
194,213
194,218
194,560
196,446
196,734
197,386
198,387
200,503
204,224
204,494
205,525
205,747
207,226
207,624
208,228
209,230
210,231
211,232
212,233
213,234
214,235
215,237
216,236
217,237
218,229
218,601
219,365
219,678
221,494
222,241
223,239
225,240
225,305
226,238
226,365
226,516
227,242
228,243
229,245
230,244
231,246
232,248
233,249
234,251
235,247
236,250
237,253
237,257
237,527
238,254
238,581
239,255
241,252
241,386
242,256
243,258
244,259
245,267
246,269
247,260
248,262
249,264
250,265
251,261
251,263
251,272
252,463
252,517
253,273
253,274
253,694
254,266
254,268
254,673
255,270
256,275
256,563
257,271
258,277
259,276
260,281
261,282
262,284
263,283
264,284
265,285
266,278
267,288
267,479
267,592
268,279
269,286
269,291
269,292
270,280
270,289
271,302
272,287
272,546
273,290
273,463
274,561
275,439
276,294
277,296
278,295
279,297
280,298
281,299
282,301
283,300
284,293
284,302
284,306
284,307
284,314
285,750
286,304
286,420
287,310
289,311
289,312
289,313
290,308
290,309
290,624
291,303
291,305
293,315
294,316
295,317
296,318
297,319
298,321
299,320
300,322
301,323
302,324
302,326
302,328
302,335
303,325
303,329
303,527
303,738
304,332
304,334
305,472
306,384
307,704
309,333
309,626
310,367
310,474
310,548
311,456
311,459
312,327
314,330
314,331
315,346
316,336
317,347
318,337
319,338
320,348
321,339
322,341
323,340
324,343
325,344
326,345
327,342
328,351
329,355
329,404
331,349
331,350
331,354
332,453
333,476
333,543
334,352
335,353
336,356
337,361
338,357
339,363
340,358
341,361
342,359
343,361
344,360
345,366
346,370
346,408
346,601
346,646
349,365
350,372
351,364
351,367
352,362
352,424
352,476
353,368
354,515
355,369
355,371
356,373
357,376
358,375
359,380
360,381
361,383
361,674
362,374
362,477
363,384
363,675
364,377
364,385
365,378
367,388
370,382
370,691
371,646
372,379
372,386
372,387
373,390
374,392
375,393
376,389
377,394
378,396
379,391
379,395
379,397
379,400
380,402
380,403
380,404
382,398
382,399
382,406
382,527
384,407
385,405
385,494
386,406
386,513
387,401
387,408
388,662
389,409
390,419
391,413
392,410
393,420
394,414
395,415
396,416
397,418
398,411
398,438
399,412
400,417
400,422
400,736
401,425
401,626
402,423
402,580
404,424
405,427
405,472
406,421
406,613
407,426
407,702
407,730
409,436
410,429
411,430
412,431
413,428
414,432
415,433
416,434
417,435
418,439
419,438
419,442
420,445
421,440
422,441
422,443
422,664
422,719
423,437
425,447
425,560
426,444
426,446
427,626
428,448
429,453
430,450
431,454
432,451
433,457
434,453
435,458
436,574
437,449
437,460
437,461
437,462
437,463
437,496
438,452
439,455
439,462
441,464
441,581
442,490
443,645
443,686
445,456
445,459
446,721
448,465
449,466
450,468
451,472
452,470
453,480
453,730
455,467
455,473
455,478
455,546
456,469
456,477
457,581
458,471
458,474
458,628
458,673
459,479
459,695
461,475
464,476
464,676
465,482
466,486
467,483
468,484
469,485
470,487
471,481
471,489
472,490
472,496
473,529
474,492
474,494
475,495
476,491
478,493
480,488
481,499
482,497
483,504
484,505
485,501
486,502
487,498
487,692
488,500
490,508
490,515
491,510
492,509
492,514
492,516
493,503
493,506
493,513
494,512
494,517
495,507
495,511
495,514
495,659
496,525
497,518
498,519
499,520
500,521
501,523
502,527
503,522
503,526
506,524
508,529
509,530
509,663
510,531
511,530
511,578
511,645
512,677
514,528
515,525
517,531
517,559
518,532
519,533
520,543
521,534
522,535
523,538
524,539
525,536
525,537
525,541
525,542
525,546
525,548
526,540
528,545
528,597
529,544
529,547
530,745
531,578
532,551
533,549
534,550
535,554
536,553
537,555
538,559
539,560
540,556
541,557
542,558
544,552
544,562
544,564
545,563
545,696
546,561
547,565
549,566
550,567
551,574
552,568
553,570
554,571
555,572
556,576
557,578
558,573
559,569
559,579
559,580
559,581
561,577
562,575
564,583
565,582
566,592
567,584
568,593
569,585
570,594
571,586
572,589
573,591
574,600
575,587
575,597
575,708
576,595
576,601
577,588
579,590
579,598
581,596
582,599
584,613
585,603
586,606
587,608
588,610
589,602
590,611
591,612
592,604
592,605
592,607
594,615
595,609
595,614
599,708
602,616
603,617
604,618
605,619
606,622
607,620
608,622
609,621
610,622
611,622
612,624
613,623
613,627
613,688
614,626
614,631
615,625
615,628
615,629
615,630
616,632
617,634
618,633
619,635
620,636
621,637
622,640
622,642
623,638
623,641
624,643
625,639
626,647
628,646
630,644
630,645
632,650
633,648
634,649
635,651
636,652
637,653
638,655
639,656
640,657
641,654
641,663
641,666
642,658
642,662
643,659
646,661
647,660
647,664
647,665
648,671
649,668
650,667
651,672
652,669
653,671
654,670
655,673
656,671
657,674
659,678
659,681
664,680
665,675
665,676
665,677
666,679
667,683
668,682
669,685
670,687
671,694
672,688
673,690
674,689
674,692
676,686
677,696
678,691
679,684
679,693
679,695
682,697
683,700
684,698
684,699
684,706
684,707
686,701
688,702
688,705
692,703
694,704
694,707
694,708
696,705
697,709
698,710
699,711
700,714
701,715
702,712
702,721
703,713
704,716
705,717
705,720
706,718
706,719
709,730
710,723
711,727
712,724
713,725
714,726
715,731
716,728
717,722
717,729
717,733
717,734
718,732
719,735
720,738
721,736
721,737
722,739
723,744
724,740
725,744
726,741
727,742
728,744
729,743
730,746
731,745
732,747
733,750
734,749
738,748

<end>
