<number of tasks>
750

<cycle time>
1000

<order strength>
0.302


<task times>
1 37
2 57
3 26
4 160
5 47
6 161
7 358
8 196
9 141
10 43
11 146
12 209
13 79
14 159
15 44
16 145
17 70
18 25
19 58
20 131
21 376
22 118
23 111
24 121
25 161
26 233
27 67
28 102
29 206
30 215
31 99
32 30
33 31
34 70
35 84
36 319
37 96
38 32
39 74
40 127
41 79
42 60
43 111
44 117
45 90
46 106
47 94
48 233
49 149
50 102
51 88
52 128
53 143
54 166
55 223
56 185
57 202
58 102
59 138
60 78
61 93
62 155
63 130
64 135
65 139
66 96
67 101
68 167
69 67
70 174
71 35
72 58
73 179
74 343
75 68
76 70
77 115
78 193
79 96
80 124
81 239
82 208
83 140
84 84
85 160
86 335
87 196
88 27
89 157
90 146
91 237
92 63
93 204
94 132
95 252
96 228
97 42
98 49
99 108
100 102
101 114
102 50
103 158
104 193
105 72
106 56
107 217
108 54
109 171
110 181
111 219
112 27
113 46
114 65
115 208
116 119
117 167
118 138
119 81
120 154
121 216
122 48
123 60
124 21
125 26
126 210
127 142
128 86
129 27
130 148
131 92
132 83
133 105
134 101
135 143
136 60
137 149
138 223
139 295
140 56
141 282
142 157
143 61
144 90
145 95
146 41
147 79
148 81
149 123
150 122
151 174
152 170
153 69
154 164
155 95
156 130
157 101
158 304
159 188
160 168
161 75
162 139
163 189
164 153
165 97
166 62
167 147
168 49
169 149
170 151
171 304
172 94
173 61
174 242
175 212
176 73
177 107
178 81
179 76
180 131
181 155
182 153
183 36
184 124
185 282
186 38
187 94
188 39
189 254
190 268
191 71
192 306
193 215
194 109
195 336
196 151
197 243
198 137
199 128
200 186
201 166
202 142
203 164
204 231
205 106
206 57
207 54
208 201
209 262
210 88
211 130
212 110
213 21
214 326
215 95
216 79
217 143
218 112
219 188
220 81
221 142
222 110
223 35
224 85
225 152
226 82
227 39
228 206
229 471
230 251
231 119
232 41
233 201
234 296
235 108
236 103
237 125
238 152
239 107
240 179
241 312
242 201
243 165
244 243
245 109
246 75
247 118
248 263
249 86
250 208
251 175
252 112
253 187
254 95
255 50
256 277
257 106
258 193
259 113
260 67
261 95
262 95
263 76
264 333
265 218
266 301
267 90
268 81
269 83
270 166
271 245
272 250
273 131
274 342
275 102
276 147
277 105
278 122
279 92
280 174
281 135
282 54
283 68
284 243
285 153
286 129
287 91
288 48
289 77
290 81
291 89
292 43
293 80
294 135
295 28
296 128
297 134
298 109
299 175
300 131
301 160
302 57
303 87
304 63
305 63
306 140
307 122
308 176
309 155
310 26
311 53
312 32
313 52
314 222
315 49
316 127
317 119
318 126
319 128
320 142
321 167
322 237
323 147
324 115
325 96
326 208
327 32
328 115
329 92
330 125
331 132
332 31
333 98
334 184
335 68
336 253
337 138
338 149
339 256
340 239
341 131
342 78
343 36
344 75
345 150
346 118
347 204
348 61
349 295
350 88
351 76
352 118
353 58
354 289
355 136
356 98
357 148
358 210
359 106
360 97
361 29
362 52
363 33
364 96
365 79
366 197
367 170
368 329
369 76
370 47
371 200
372 79
373 50
374 61
375 84
376 112
377 136
378 143
379 25
380 72
381 48
382 44
383 248
384 103
385 26
386 135
387 189
388 197
389 82
390 98
391 166
392 153
393 158
394 237
395 68
396 26
397 215
398 265
399 169
400 127
401 74
402 322
403 63
404 86
405 112
406 124
407 251
408 62
409 128
410 22
411 83
412 63
413 57
414 215
415 21
416 124
417 103
418 83
419 89
420 241
421 25
422 99
423 71
424 65
425 190
426 110
427 176
428 99
429 101
430 187
431 169
432 36
433 287
434 61
435 105
436 205
437 64
438 30
439 217
440 264
441 130
442 140
443 173
444 167
445 315
446 100
447 138
448 154
449 101
450 242
451 159
452 36
453 31
454 81
455 48
456 299
457 92
458 77
459 29
460 163
461 274
462 50
463 137
464 87
465 54
466 30
467 35
468 63
469 99
470 142
471 124
472 295
473 41
474 35
475 142
476 230
477 143
478 101
479 302
480 93
481 198
482 98
483 94
484 185
485 135
486 95
487 91
488 125
489 39
490 41
491 84
492 118
493 92
494 140
495 144
496 111
497 195
498 115
499 274
500 106
501 192
502 177
503 91
504 22
505 41
506 81
507 127
508 69
509 29
510 127
511 219
512 220
513 73
514 74
515 164
516 209
517 140
518 100
519 70
520 134
521 113
522 256
523 315
524 31
525 62
526 86
527 28
528 95
529 50
530 49
531 166
532 239
533 62
534 121
535 85
536 83
537 130
538 150
539 82
540 294
541 255
542 82
543 195
544 213
545 54
546 238
547 152
548 61
549 128
550 61
551 288
552 138
553 95
554 159
555 179
556 271
557 37
558 33
559 313
560 254
561 133
562 40
563 93
564 240
565 43
566 316
567 182
568 37
569 162
570 145
571 140
572 24
573 180
574 254
575 117
576 185
577 286
578 216
579 56
580 99
581 36
582 100
583 84
584 326
585 101
586 205
587 69
588 54
589 36
590 47
591 73
592 133
593 62
594 33
595 192
596 114
597 218
598 126
599 178
600 58
601 135
602 271
603 109
604 189
605 182
606 189
607 216
608 197
609 249
610 28
611 230
612 36
613 55
614 32
615 146
616 259
617 24
618 111
619 204
620 182
621 27
622 53
623 130
624 233
625 67
626 107
627 91
628 131
629 84
630 174
631 72
632 84
633 186
634 81
635 110
636 75
637 172
638 150
639 85
640 86
641 61
642 173
643 185
644 109
645 129
646 145
647 105
648 127
649 147
650 175
651 93
652 198
653 31
654 54
655 135
656 46
657 181
658 160
659 100
660 251
661 101
662 29
663 152
664 104
665 156
666 150
667 237
668 115
669 79
670 121
671 153
672 260
673 216
674 101
675 367
676 355
677 53
678 198
679 180
680 90
681 94
682 177
683 69
684 162
685 116
686 171
687 163
688 152
689 78
690 62
691 150
692 178
693 54
694 162
695 185
696 160
697 113
698 94
699 257
700 101
701 136
702 101
703 136
704 35
705 147
706 108
707 42
708 208
709 101
710 281
711 136
712 53
713 181
714 90
715 125
716 80
717 220
718 47
719 184
720 108
721 55
722 142
723 29
724 362
725 218
726 60
727 135
728 85
729 313
730 115
731 127
732 147
733 30
734 121
735 54
736 161
737 83
738 63
739 195
740 261
741 281
742 143
743 50
744 48
745 74
746 304
747 50
748 194
749 200
750 40

<precedence relations>
1,168
2,168
3,22
4,22
5,22
6,22
7,22
8,22
9,246
10,99
11,309
12,676
13,27
13,29
13,34
13,39
14,21
14,23
14,24
14,30
14,32
14,33
14,36
14,38
14,40
15,17
15,18
15,19
15,35
15,37
16,20
16,25
16,26
16,28
16,31
17,168
18,168
19,168
20,168
21,168
22,42
22,43
22,44
22,45
22,57
22,58
22,61
23,246
24,590
25,612
26,676
27,676
28,234
29,49
30,51
31,50
31,53
31,55
32,52
32,56
32,59
33,46
33,47
35,41
38,60
39,48
39,54
41,545
42,504
43,676
44,79
45,62
46,99
47,705
48,234
49,75
50,71
51,76
52,72
53,73
54,70
54,74
55,68
56,64
56,65
56,69
56,78
57,63
59,66
59,77
60,67
62,400
63,168
64,246
65,590
66,99
67,371
68,504
69,274
70,234
71,88
72,80
73,89
74,87
75,82
75,86
76,83
76,90
77,85
77,91
77,93
78,81
78,92
79,84
80,461
81,168
82,99
83,195
84,676
85,234
86,103
87,94
88,97
88,98
89,108
89,109
90,101
90,104
90,110
91,100
91,106
92,107
93,95
93,96
93,102
93,105
94,461
95,168
96,168
97,168
98,246
99,112
99,113
99,114
99,115
99,116
99,117
100,195
101,274
102,234
103,111
104,118
105,119
105,120
105,121
106,126
107,122
107,123
107,125
108,124
111,168
112,168
113,676
114,131
114,132
115,137
116,136
116,139
118,135
119,133
120,134
124,127
125,128
125,129
125,130
126,138
127,168
128,168
129,246
130,676
131,234
132,234
133,145
134,144
135,146
135,147
135,150
136,149
137,141
137,142
137,151
138,140
138,143
138,148
140,461
141,168
142,545
143,371
144,158
145,159
146,160
147,153
147,157
147,161
147,163
148,155
148,164
149,166
149,167
150,154
150,156
150,162
150,165
151,152
152,400
153,168
154,168
155,168
156,274
157,177
158,178
159,169
160,182
161,180
162,174
162,179
163,173
163,175
164,171
165,170
165,183
165,184
166,172
166,185
167,176
167,181
167,186
167,187
168,188
168,189
168,190
168,191
168,192
168,205
169,350
170,371
171,371
172,504
173,195
174,195
175,309
176,676
177,196
178,197
179,200
180,198
181,199
182,204
183,193
184,203
185,194
187,201
187,202
188,612
189,227
190,226
190,230
193,350
194,371
195,207
195,208
195,209
195,210
195,211
195,212
195,213
195,214
196,217
197,206
198,218
199,220
200,206
201,216
201,219
201,222
201,223
201,224
202,215
203,229
204,225
204,228
205,221
206,545
207,676
210,243
211,241
212,233
213,242
215,234
216,234
217,231
218,231
219,236
220,237
221,235
223,239
223,240
225,244
226,232
230,238
231,246
232,246
233,705
234,250
234,251
234,252
234,253
234,254
234,255
234,256
234,257
234,258
234,259
235,260
236,245
237,245
239,262
239,263
241,247
241,248
241,261
242,249
242,264
245,400
246,266
246,267
246,268
246,269
246,270
246,271
246,272
247,350
248,371
249,274
250,273
250,277
256,275
256,280
259,282
260,278
261,276
261,279
262,283
263,265
263,281
265,400
266,298
269,285
269,300
270,307
272,295
272,305
273,612
274,286
274,287
274,288
274,289
274,290
274,291
274,292
274,293
274,294
275,676
276,297
277,299
278,296
278,304
279,284
279,302
281,306
282,301
283,303
284,400
285,705
286,322
287,316
287,317
288,320
288,323
289,318
290,321
294,310
295,309
296,309
297,308
298,311
299,308
300,312
301,313
302,314
305,315
307,319
308,350
309,328
309,329
309,330
309,331
309,332
309,333
309,334
309,335
309,336
310,676
311,343
312,339
313,341
314,342
315,324
315,325
315,337
316,326
316,338
317,340
317,344
319,346
319,347
320,348
321,327
322,345
324,400
325,545
326,350
327,612
328,359
331,351
333,352
337,353
338,354
339,355
340,356
341,349
342,358
348,357
348,360
349,590
350,362
350,363
350,364
350,365
350,366
350,367
350,368
350,369
350,370
350,379
351,371
352,676
353,373
354,375
355,374
356,376
357,377
357,378
358,372
358,380
359,381
360,361
361,400
363,384
364,385
364,386
364,398
365,399
369,383
371,387
371,388
371,389
371,390
372,676
373,396
374,391
375,392
376,382
377,393
378,395
379,394
379,397
382,461
383,400
384,400
385,400
386,590
387,504
389,408
389,411
390,402
391,405
392,406
393,407
394,404
395,401
396,409
397,403
398,410
400,413
400,414
400,415
400,416
400,417
400,418
401,590
402,676
403,420
404,412
406,426
407,425
408,421
408,424
408,427
409,419
409,423
410,422
412,461
413,429
413,431
413,432
413,438
414,436
415,442
417,439
418,440
419,676
420,428
421,430
421,435
422,433
423,434
424,441
427,437
428,627
429,444
430,446
431,447
432,448
433,449
434,451
435,445
435,453
436,450
436,456
437,452
437,454
437,458
438,457
439,443
440,455
440,459
441,460
443,461
444,465
445,467
446,473
447,468
448,474
449,469
450,470
451,462
452,466
452,472
452,476
453,463
453,471
454,477
456,479
457,480
457,481
457,482
458,464
460,475
460,478
461,483
461,484
461,485
461,486
461,500
462,590
463,504
464,676
465,496
466,489
467,497
468,498
469,491
470,499
471,493
472,494
474,488
475,490
475,495
475,502
475,503
476,492
477,501
479,487
483,676
484,511
484,512
484,519
485,507
485,508
485,509
487,504
488,676
489,505
490,513
491,514
492,515
493,517
494,518
495,510
495,521
497,506
497,522
499,516
502,520
504,526
504,527
504,528
504,529
504,530
504,531
504,532
504,533
504,534
505,627
506,627
507,676
508,676
509,676
510,535
511,536
512,537
513,523
514,523
515,523
516,538
517,525
518,544
519,539
519,541
520,524
521,543
522,540
522,542
523,545
524,590
525,590
526,549
526,556
532,553
535,546
536,550
537,547
538,548
539,552
539,555
542,551
542,554
544,557
545,558
545,559
545,560
545,561
545,562
545,563
545,573
546,565
547,564
548,566
549,568
550,572
551,567
551,571
554,575
556,569
556,576
557,570
557,574
558,582
560,585
564,578
565,577
566,580
567,583
568,584
569,579
569,586
569,587
570,581
572,589
576,588
577,590
578,591
579,593
580,591
581,594
582,595
583,591
584,598
585,604
585,605
586,603
587,596
587,599
587,600
587,601
587,602
587,606
587,607
588,592
588,597
590,608
590,609
590,610
590,611
590,621
591,612
592,627
593,616
594,617
595,618
596,614
597,615
601,613
604,619
606,620
610,633
610,635
612,622
612,623
612,624
612,625
612,626
613,627
614,628
615,629
616,630
617,631
618,632
619,634
621,636
623,647
624,651
625,646
627,637
627,638
627,639
627,640
627,641
627,642
627,645
627,648
627,649
627,650
628,644
629,643
630,644
637,652
638,659
638,660
643,654
644,653
644,657
644,661
649,658
649,662
650,656
651,655
652,666
653,667
654,668
654,669
658,663
658,672
659,664
659,673
659,674
660,665
660,670
660,671
661,675
663,676
664,676
665,676
666,682
667,683
668,679
669,681
670,677
670,688
671,678
671,684
672,680
673,685
673,687
675,686
676,690
676,691
676,692
676,693
676,694
677,695
678,697
679,700
680,699
681,689
684,696
684,704
685,698
687,702
687,703
688,701
689,705
690,707
691,715
691,720
691,725
693,724
695,710
696,706
697,711
698,708
699,709
700,716
701,712
701,717
701,719
701,722
702,713
702,714
702,718
702,723
703,721
705,726
705,727
705,728
705,729
705,730
706,731
707,733
708,734
709,736
712,732
713,735
715,737
721,739
725,738
728,745
728,747
728,749
729,746
730,750
731,742
732,740
733,743
734,744
735,741
738,748

<end>
