<number of tasks>
750

<cycle time>
1000

<order strength>
0.896


<task times>
1 181
2 120
3 117
4 251
5 158
6 97
7 246
8 67
9 84
10 347
11 50
12 312
13 86
14 115
15 229
16 284
17 103
18 189
19 300
20 93
21 107
22 61
23 195
24 92
25 216
26 31
27 282
28 99
29 195
30 105
31 53
32 110
33 154
34 182
35 166
36 75
37 73
38 163
39 232
40 23
41 174
42 209
43 39
44 67
45 50
46 40
47 92
48 114
49 98
50 114
51 82
52 43
53 140
54 157
55 65
56 173
57 32
58 216
59 52
60 82
61 162
62 127
63 110
64 246
65 173
66 235
67 170
68 185
69 31
70 42
71 309
72 118
73 168
74 148
75 65
76 239
77 182
78 30
79 46
80 132
81 168
82 204
83 134
84 220
85 132
86 56
87 73
88 320
89 26
90 100
91 315
92 184
93 106
94 158
95 148
96 136
97 60
98 71
99 168
100 155
101 112
102 63
103 117
104 82
105 69
106 86
107 97
108 132
109 29
110 234
111 86
112 99
113 89
114 324
115 23
116 95
117 309
118 124
119 102
120 111
121 243
122 157
123 103
124 44
125 199
126 153
127 67
128 112
129 181
130 222
131 211
132 422
133 238
134 72
135 216
136 203
137 92
138 139
139 125
140 57
141 121
142 162
143 173
144 214
145 57
146 105
147 31
148 61
149 150
150 201
151 138
152 47
153 64
154 212
155 137
156 152
157 30
158 96
159 147
160 200
161 175
162 166
163 65
164 145
165 162
166 126
167 27
168 166
169 130
170 44
171 106
172 202
173 143
174 115
175 182
176 128
177 141
178 223
179 124
180 202
181 89
182 59
183 191
184 187
185 56
186 175
187 37
188 101
189 159
190 100
191 123
192 36
193 172
194 45
195 85
196 295
197 28
198 182
199 171
200 75
201 186
202 38
203 137
204 138
205 200
206 117
207 138
208 181
209 136
210 86
211 75
212 119
213 161
214 51
215 124
216 75
217 94
218 117
219 26
220 231
221 96
222 194
223 113
224 139
225 108
226 305
227 228
228 181
229 306
230 86
231 100
232 192
233 282
234 201
235 132
236 65
237 105
238 166
239 281
240 127
241 111
242 84
243 268
244 150
245 46
246 117
247 188
248 71
249 126
250 116
251 177
252 41
253 326
254 139
255 119
256 70
257 88
258 176
259 138
260 62
261 118
262 57
263 43
264 163
265 125
266 222
267 31
268 104
269 264
270 114
271 71
272 111
273 76
274 206
275 49
276 132
277 157
278 185
279 40
280 200
281 110
282 51
283 168
284 67
285 23
286 135
287 99
288 123
289 122
290 334
291 201
292 119
293 100
294 182
295 194
296 52
297 210
298 192
299 182
300 99
301 43
302 186
303 137
304 136
305 225
306 225
307 42
308 113
309 205
310 126
311 87
312 115
313 49
314 186
315 87
316 142
317 102
318 103
319 79
320 163
321 156
322 82
323 51
324 154
325 156
326 287
327 308
328 58
329 191
330 87
331 136
332 31
333 162
334 231
335 212
336 215
337 167
338 42
339 154
340 186
341 237
342 208
343 56
344 172
345 280
346 224
347 81
348 274
349 160
350 73
351 122
352 35
353 36
354 251
355 253
356 61
357 59
358 236
359 52
360 53
361 43
362 118
363 62
364 58
365 40
366 79
367 189
368 210
369 84
370 85
371 186
372 166
373 173
374 52
375 124
376 128
377 51
378 55
379 122
380 212
381 166
382 79
383 68
384 196
385 106
386 99
387 309
388 136
389 159
390 360
391 144
392 60
393 134
394 134
395 149
396 147
397 106
398 101
399 213
400 110
401 39
402 129
403 152
404 39
405 339
406 223
407 225
408 143
409 48
410 143
411 249
412 127
413 141
414 155
415 255
416 72
417 124
418 65
419 126
420 103
421 187
422 222
423 34
424 87
425 275
426 220
427 183
428 140
429 52
430 52
431 128
432 174
433 83
434 71
435 45
436 85
437 93
438 144
439 228
440 70
441 88
442 95
443 172
444 68
445 46
446 235
447 141
448 224
449 75
450 234
451 179
452 38
453 65
454 84
455 224
456 153
457 35
458 57
459 153
460 72
461 168
462 88
463 34
464 220
465 161
466 90
467 75
468 139
469 203
470 176
471 115
472 75
473 35
474 279
475 128
476 103
477 236
478 230
479 106
480 67
481 91
482 113
483 79
484 144
485 59
486 109
487 110
488 111
489 187
490 68
491 121
492 126
493 67
494 130
495 165
496 116
497 57
498 112
499 123
500 186
501 253
502 180
503 150
504 223
505 166
506 63
507 123
508 189
509 98
510 37
511 336
512 147
513 54
514 43
515 67
516 91
517 78
518 110
519 185
520 167
521 336
522 50
523 57
524 128
525 248
526 104
527 158
528 202
529 323
530 41
531 314
532 208
533 244
534 253
535 94
536 25
537 99
538 168
539 104
540 88
541 53
542 387
543 91
544 188
545 109
546 77
547 205
548 44
549 173
550 115
551 165
552 202
553 143
554 128
555 90
556 42
557 155
558 188
559 128
560 46
561 127
562 191
563 163
564 62
565 30
566 136
567 83
568 124
569 252
570 100
571 144
572 180
573 208
574 200
575 71
576 110
577 225
578 138
579 97
580 31
581 50
582 175
583 190
584 123
585 260
586 164
587 157
588 102
589 291
590 46
591 166
592 95
593 57
594 38
595 74
596 179
597 109
598 129
599 52
600 370
601 214
602 230
603 210
604 111
605 273
606 100
607 292
608 126
609 314
610 100
611 181
612 39
613 229
614 230
615 93
616 123
617 109
618 234
619 75
620 54
621 286
622 150
623 126
624 302
625 113
626 203
627 162
628 89
629 38
630 146
631 167
632 269
633 57
634 199
635 202
636 248
637 107
638 145
639 180
640 38
641 190
642 96
643 182
644 120
645 186
646 25
647 43
648 263
649 156
650 141
651 305
652 85
653 119
654 208
655 43
656 53
657 218
658 57
659 20
660 183
661 139
662 88
663 248
664 114
665 173
666 23
667 42
668 215
669 66
670 163
671 182
672 289
673 61
674 172
675 112
676 61
677 60
678 121
679 175
680 34
681 163
682 254
683 131
684 107
685 216
686 170
687 63
688 59
689 215
690 236
691 147
692 166
693 101
694 184
695 137
696 117
697 118
698 71
699 63
700 241
701 149
702 94
703 96
704 254
705 74
706 243
707 24
708 166
709 35
710 137
711 60
712 344
713 23
714 180
715 182
716 40
717 22
718 96
719 170
720 56
721 146
722 102
723 165
724 99
725 78
726 124
727 187
728 27
729 136
730 176
731 206
732 210
733 94
734 74
735 59
736 82
737 73
738 80
739 36
740 156
741 114
742 124
743 42
744 189
745 124
746 64
747 112
748 329
749 170
750 128

<precedence relations>
1,12
1,21
1,23
2,10
2,11
2,12
2,13
2,14
2,15
3,10
3,11
3,12
3,13
3,14
3,15
4,10
4,11
4,12
4,13
4,14
4,15
5,10
5,11
5,12
5,13
5,21
6,10
6,11
6,12
6,14
7,10
7,11
7,12
7,13
8,126
9,25
9,27
9,28
9,29
9,30
9,31
10,16
10,17
10,18
10,23
11,16
11,17
11,18
11,20
12,17
12,19
12,22
12,29
13,23
14,16
14,17
14,18
15,16
15,17
15,18
15,19
15,21
16,24
16,25
16,26
16,27
16,28
16,29
16,31
17,24
17,25
17,26
17,27
17,30
17,31
18,26
18,31
19,65
19,116
20,24
20,25
20,26
20,30
21,24
21,25
21,26
21,27
21,28
21,29
21,30
21,31
22,24
22,31
23,24
23,25
23,26
23,30
23,31
24,32
24,33
24,34
25,32
25,33
25,34
26,87
26,89
26,93
26,95
26,96
27,32
27,33
27,34
28,32
28,33
28,34
29,32
29,33
29,34
30,32
30,33
30,34
31,32
31,33
31,34
32,35
32,36
32,37
32,38
32,39
32,40
33,35
33,36
33,37
33,38
33,39
33,40
34,35
34,36
34,37
34,38
34,39
34,40
35,41
35,42
35,43
35,44
36,41
36,42
37,41
37,43
37,44
38,41
38,42
38,44
39,41
39,42
39,43
39,44
40,41
40,42
40,43
40,44
41,45
41,46
41,47
41,48
41,49
42,45
42,46
42,47
42,48
42,49
43,45
43,46
43,47
43,48
43,49
44,45
44,46
44,47
44,48
44,49
45,50
45,51
45,52
45,53
45,56
46,50
46,51
46,52
46,53
47,50
47,51
47,55
47,64
48,50
48,53
48,54
48,62
49,50
49,160
50,135
51,60
51,61
51,65
52,57
52,58
52,64
53,57
53,58
53,63
54,57
54,58
54,59
54,60
54,64
54,65
55,57
55,58
55,59
55,65
56,57
56,58
56,62
57,155
58,96
58,105
59,66
59,76
60,66
60,67
60,68
60,69
61,66
61,67
61,68
61,69
62,66
62,67
62,68
62,69
63,93
64,152
65,72
65,131
66,70
66,72
66,73
66,74
67,70
67,71
67,72
67,73
67,74
68,244
69,70
69,71
69,73
69,74
69,75
69,76
70,77
70,78
70,79
70,82
71,79
71,80
71,81
72,423
73,77
73,81
74,77
74,78
74,79
74,82
75,77
75,78
75,79
75,80
75,81
75,82
76,77
76,78
76,79
76,80
76,81
76,82
77,83
77,84
77,85
77,86
77,87
77,88
77,89
78,83
78,84
78,85
78,87
79,88
80,84
81,83
81,84
82,85
82,89
82,94
83,90
83,91
83,92
83,93
83,94
83,96
84,92
84,124
84,137
85,90
85,91
85,92
85,93
85,95
85,96
86,90
86,91
86,92
86,93
86,94
86,95
86,96
87,90
87,91
87,92
87,94
87,101
88,90
89,90
89,101
90,97
90,98
90,99
90,100
90,102
91,97
91,223
91,227
92,97
92,193
93,97
93,98
93,99
93,105
94,137
95,97
95,101
95,108
96,97
96,98
96,99
97,298
97,497
98,106
99,108
99,109
100,103
100,104
100,105
100,107
100,109
101,103
101,104
101,105
101,106
101,109
102,103
102,104
102,108
102,109
103,110
103,111
103,112
103,113
103,114
104,110
104,111
104,112
104,113
104,114
105,110
106,110
106,111
106,112
106,113
106,114
107,110
108,110
108,111
108,112
108,113
108,114
109,110
109,111
109,112
109,113
109,114
110,115
110,116
110,118
111,115
111,116
112,115
112,116
112,117
112,118
112,119
112,120
113,115
113,116
113,117
113,118
113,120
114,133
115,121
115,140
116,121
116,122
116,123
116,124
116,125
116,128
117,121
117,123
118,124
118,126
119,121
119,122
119,127
119,128
119,133
120,121
120,122
120,123
120,135
121,129
121,130
121,134
122,129
122,130
122,132
122,140
122,149
123,129
123,130
123,139
124,129
125,129
125,130
125,131
125,133
126,161
126,172
127,129
127,131
127,135
128,129
128,130
129,142
129,143
129,150
130,136
130,138
130,141
130,143
131,358
131,391
132,136
132,139
133,140
133,149
133,150
133,151
134,136
134,137
135,136
135,137
135,138
135,142
136,198
136,212
137,144
137,145
137,146
137,149
137,163
138,144
138,150
138,163
139,146
139,178
140,144
140,145
140,157
141,144
141,145
141,146
141,147
141,148
141,163
142,144
142,145
142,146
142,147
142,163
143,144
143,145
143,148
143,151
144,153
144,155
144,156
144,165
144,167
145,152
145,153
145,154
145,156
146,152
147,154
148,152
149,152
149,175
150,152
150,153
150,154
150,155
150,156
150,167
151,152
151,153
151,154
151,157
152,179
152,180
153,159
153,161
154,158
155,158
155,159
155,171
156,301
156,302
157,158
157,160
157,161
158,164
158,176
159,162
160,163
160,164
160,165
160,167
161,162
161,166
162,168
162,169
162,170
162,176
163,168
163,169
163,170
163,171
163,172
164,168
164,169
164,170
164,172
165,168
165,170
166,243
166,246
167,168
168,175
169,173
169,178
169,179
169,180
170,173
170,174
170,175
170,177
171,174
171,176
171,178
172,173
173,181
173,182
173,183
173,184
174,181
174,191
175,181
175,183
175,184
176,181
176,182
176,183
176,184
177,181
177,182
177,191
178,284
179,181
179,191
180,181
180,182
180,183
180,184
181,185
181,186
181,187
181,188
181,189
181,190
181,192
182,185
182,186
182,187
182,189
183,186
183,188
183,190
183,191
183,192
184,185
184,186
184,187
184,188
184,189
184,190
184,191
184,192
185,193
185,197
185,212
186,193
186,194
186,195
187,193
187,195
187,197
187,204
188,196
189,193
189,194
189,195
189,196
189,197
190,264
191,193
191,194
191,197
192,426
193,198
193,199
193,200
193,201
193,202
193,203
193,205
194,200
194,203
195,198
195,199
195,200
195,212
196,198
196,199
196,204
197,198
198,207
198,235
199,206
199,207
199,208
199,211
199,213
200,206
200,207
200,208
200,211
201,206
201,207
201,208
201,211
202,206
202,210
202,213
203,206
203,207
203,208
203,209
204,208
204,212
205,206
205,207
205,208
206,214
206,215
206,216
206,217
206,218
206,219
206,220
206,221
207,381
209,233
210,214
210,215
210,216
210,217
210,218
210,219
210,221
211,214
211,215
211,219
211,220
211,221
211,226
212,214
212,215
212,216
212,217
212,218
212,219
212,220
212,221
213,214
213,215
213,216
213,221
213,226
214,222
214,223
214,224
214,225
214,227
215,224
216,222
217,222
217,226
218,222
218,223
218,225
219,222
220,222
221,222
221,223
221,224
221,227
222,228
222,229
222,230
222,231
223,230
224,228
224,229
225,228
225,229
225,238
226,228
226,231
227,228
227,229
227,230
228,235
229,232
229,233
229,234
229,237
230,232
230,233
230,234
230,235
230,236
230,238
231,314
231,343
231,349
232,241
232,244
233,240
234,243
234,244
234,245
234,246
235,239
235,245
235,246
236,239
236,240
236,241
236,242
237,242
238,239
239,247
239,248
239,249
239,250
239,251
239,252
240,247
240,248
240,259
241,420
242,247
242,248
242,249
242,250
242,251
242,257
243,247
243,248
243,249
243,250
243,251
243,252
244,247
244,248
245,266
246,247
247,258
248,253
248,254
248,255
249,376
250,256
250,259
251,253
251,254
251,255
251,259
252,253
252,254
252,257
253,260
253,261
253,266
254,260
254,261
254,262
254,263
254,264
254,265
254,266
255,262
255,263
255,266
256,260
256,261
256,266
257,260
257,261
257,264
257,265
258,260
258,261
258,265
258,266
259,260
259,261
260,267
260,269
260,270
260,271
261,267
261,268
261,269
261,270
261,282
262,267
262,268
262,269
262,270
262,271
263,267
263,268
263,269
263,270
263,271
264,267
264,268
264,269
265,267
265,282
266,267
266,268
266,269
266,270
266,271
267,272
267,288
268,392
269,272
270,555
271,273
271,274
272,275
272,276
272,277
272,278
272,281
273,279
273,280
273,282
274,275
274,276
274,277
274,278
274,282
274,286
275,283
276,283
276,284
276,285
276,294
277,537
278,285
278,287
279,283
280,344
281,286
281,337
281,387
281,397
282,284
282,288
283,289
283,290
283,291
283,292
283,310
284,289
284,290
284,310
285,289
285,290
285,292
286,546
286,558
287,291
287,293
287,295
288,294
289,296
289,297
289,298
289,301
289,305
289,314
290,296
290,297
290,298
291,309
292,299
292,303
292,311
293,296
293,297
293,298
293,299
293,300
293,304
294,297
294,302
295,296
295,297
295,298
296,306
297,306
297,307
298,706
299,514
299,515
299,550
300,310
301,307
301,308
302,306
302,327
302,337
303,306
303,307
304,306
304,307
304,308
304,309
305,309
305,320
306,332
306,341
307,313
307,315
307,334
308,311
309,311
309,312
309,316
309,333
310,311
310,312
310,313
310,314
311,322
312,317
312,318
313,318
313,320
314,552
315,317
315,319
315,321
315,323
315,341
316,317
316,318
317,324
317,325
317,328
318,377
319,325
319,327
319,330
320,602
320,612
320,629
321,369
321,377
321,395
322,329
322,338
322,339
323,324
323,326
323,330
324,331
324,332
324,335
325,331
326,415
327,331
328,331
328,332
328,335
329,334
330,331
330,333
331,336
331,339
332,336
332,338
332,340
334,340
334,341
335,336
335,337
335,412
336,464
336,503
337,448
337,514
337,518
338,343
338,344
338,345
339,342
339,349
340,342
340,344
341,342
341,343
341,344
341,345
342,346
342,347
342,348
343,347
344,346
344,349
345,346
345,347
345,348
345,349
346,350
346,351
346,352
347,350
347,351
347,352
348,350
348,351
348,352
349,350
349,351
349,352
350,353
350,354
350,355
350,356
350,357
351,353
351,354
351,355
351,356
351,357
352,353
352,354
352,355
352,356
352,357
353,358
353,359
354,358
355,358
355,359
355,360
355,361
355,363
356,362
356,368
357,358
357,359
357,360
357,361
357,362
357,363
358,364
358,365
358,367
359,364
359,365
359,391
360,368
361,366
361,367
361,368
362,364
362,365
362,366
363,364
364,370
364,411
365,369
365,395
366,369
366,370
366,371
367,369
368,369
368,370
369,373
370,372
370,374
370,377
371,372
371,375
371,376
371,411
372,378
372,379
372,384
373,378
373,383
374,385
375,378
375,379
375,380
375,382
376,378
376,379
376,380
377,381
377,416
378,386
379,386
380,405
380,513
380,554
381,386
382,386
382,391
382,416
383,386
383,389
384,390
385,386
385,387
385,388
386,394
387,639
387,734
388,395
388,425
388,445
389,393
389,394
390,392
391,400
391,404
392,444
393,397
393,398
393,399
393,401
394,396
394,400
394,402
395,396
395,439
396,441
396,554
397,409
398,553
398,554
399,404
399,406
400,405
400,407
400,408
400,412
400,415
400,421
401,403
401,404
401,405
401,406
401,407
401,410
401,411
401,412
402,403
402,404
402,405
402,438
402,464
403,417
403,513
404,426
405,534
405,535
405,558
406,413
406,414
406,416
407,414
408,413
408,414
409,415
410,413
410,415
411,525
412,423
413,419
413,420
414,418
414,419
415,418
415,419
415,420
416,418
416,419
416,421
417,479
418,422
418,423
419,422
420,424
420,425
421,422
421,423
421,424
421,425
422,426
422,428
423,426
423,429
423,430
424,508
424,518
425,426
425,427
425,431
426,432
426,474
427,437
427,441
427,453
428,432
428,433
428,438
429,432
429,436
429,459
430,433
430,435
430,439
431,434
431,439
431,440
432,446
432,470
433,442
433,444
434,442
435,547
435,558
435,589
435,622
435,642
436,442
436,445
437,493
437,548
438,453
439,442
439,443
439,444
440,442
440,443
440,466
441,523
442,447
442,449
442,450
443,453
443,454
443,467
444,447
444,448
444,449
444,451
444,452
444,453
445,572
446,521
446,529
446,539
446,582
447,701
447,736
447,739
448,501
449,457
449,478
450,455
450,456
450,457
450,460
450,474
451,466
452,461
452,468
453,456
453,458
454,455
454,456
454,457
454,458
454,459
454,474
455,462
455,463
456,465
456,468
457,462
457,465
458,462
458,463
459,464
459,469
459,478
460,462
460,463
460,464
461,466
461,467
462,480
463,470
463,471
463,472
463,473
463,475
464,669
464,725
465,479
466,470
466,473
466,475
467,474
467,504
468,470
468,509
469,470
469,471
470,479
470,480
471,476
471,477
471,488
472,525
472,543
473,476
473,477
473,478
473,479
474,522
474,530
474,590
474,594
475,478
476,481
476,483
476,484
476,485
477,481
477,493
477,511
478,481
478,482
478,529
479,487
479,518
480,481
480,482
480,519
480,529
481,490
481,517
482,488
482,497
483,491
484,486
484,487
484,489
485,486
486,492
487,492
488,540
488,638
488,671
489,493
489,494
490,496
491,492
491,493
491,495
491,497
492,498
492,499
492,501
492,514
493,503
494,498
494,504
495,498
495,511
496,500
496,502
496,539
496,542
497,499
497,505
498,506
498,507
498,530
499,506
499,507
500,506
500,507
500,549
501,507
501,508
502,533
503,509
503,585
503,603
503,653
504,506
504,511
505,510
507,515
508,511
508,516
510,512
510,513
510,514
510,533
511,517
511,519
511,526
512,686
512,698
512,739
512,740
513,518
513,576
514,542
514,690
515,528
515,553
516,517
516,520
517,524
517,534
517,554
517,557
517,558
518,521
518,522
518,563
519,521
519,522
519,525
520,521
520,523
521,530
521,580
522,534
523,526
523,528
523,529
524,531
524,532
524,541
525,527
525,533
526,540
526,551
528,535
529,550
529,605
530,537
531,609
531,612
531,625
532,539
533,536
533,538
533,547
534,567
535,541
535,557
536,545
536,550
537,542
537,569
538,540
538,544
539,543
539,583
540,683
540,686
541,546
542,547
543,621
543,623
543,627
543,653
544,548
544,550
545,546
545,549
546,551
546,552
547,647
547,670
548,551
548,554
549,629
550,553
550,614
551,555
551,560
552,556
552,559
552,570
553,557
553,558
553,560
553,563
553,620
554,555
554,560
555,561
555,562
555,565
556,561
556,563
556,649
558,576
558,586
559,562
559,564
560,621
560,658
561,588
561,653
562,569
562,594
563,636
563,641
564,566
564,568
565,567
565,570
565,571
565,653
566,573
567,623
567,627
568,572
568,573
568,574
569,575
570,643
570,647
571,576
571,586
571,635
572,578
573,577
573,580
574,579
574,601
574,626
575,577
576,679
577,583
577,587
578,581
578,582
578,583
579,582
579,585
579,599
580,584
580,586
581,594
581,659
582,589
582,602
582,670
583,592
583,593
583,597
583,607
584,588
585,676
586,590
587,591
587,597
588,595
588,599
588,611
589,597
589,636
589,727
590,596
591,598
591,663
592,595
592,596
593,595
593,599
593,600
593,601
594,595
594,663
595,632
596,603
597,714
598,604
598,607
599,602
599,619
599,635
600,602
600,605
600,606
600,610
600,611
601,602
601,683
603,610
604,611
604,622
604,686
605,608
605,609
606,612
606,613
606,614
607,608
607,626
607,664
608,617
608,674
609,621
610,619
611,617
612,615
612,616
612,622
613,619
613,620
613,653
614,618
615,623
615,626
615,627
615,630
616,623
616,628
617,624
618,694
619,623
619,625
621,629
623,631
623,636
624,668
625,744
626,634
627,633
627,635
627,714
627,729
628,640
628,641
628,674
629,637
630,632
630,713
631,637
631,638
634,640
634,642
635,641
635,643
635,669
636,639
636,712
636,743
637,646
637,648
638,647
638,683
640,645
640,649
640,685
641,722
642,644
642,741
643,745
645,651
645,686
646,651
646,654
646,655
646,656
647,652
648,650
648,670
649,653
650,657
650,659
651,660
651,661
651,662
652,658
653,665
654,663
655,727
656,690
656,691
657,665
658,668
660,666
661,669
661,670
661,671
662,667
663,664
663,691
664,674
665,678
666,672
666,675
666,678
667,677
668,676
668,695
670,673
671,702
672,682
672,684
673,679
673,681
674,680
674,683
674,685
674,686
676,679
678,694
679,687
680,687
681,687
681,695
682,689
682,691
684,688
684,690
687,693
687,694
689,713
690,695
691,692
692,703
692,710
693,696
693,697
694,697
694,698
694,699
695,734
696,702
696,704
697,703
697,706
697,724
698,701
698,705
699,700
699,707
700,715
701,711
701,747
702,709
705,735
706,710
706,712
707,708
708,715
710,713
710,716
711,720
712,714
713,719
713,721
714,720
714,726
714,728
714,738
715,718
715,724
716,717
716,722
716,723
717,725
717,727
717,730
718,729
718,731
719,726
719,728
721,728
724,726
724,740
725,732
725,734
725,748
725,750
727,733
727,735
727,736
727,737
732,740
733,743
733,750
734,739
735,741
736,742
737,738
737,744
738,750
740,749
741,745
742,746
744,747
744,748

<end>
