<number of tasks>
750

<cycle time>
1000

<order strength>
0.597


<task times>
1 308
2 367
3 616
4 461
5 551
6 524
7 592
8 699
9 365
10 564
11 592
12 480
13 521
14 262
15 596
16 310
17 528
18 490
19 445
20 524
21 260
22 743
23 509
24 450
25 451
26 473
27 448
28 472
29 388
30 665
31 430
32 593
33 310
34 359
35 505
36 769
37 551
38 567
39 656
40 730
41 432
42 534
43 387
44 212
45 390
46 626
47 424
48 364
49 666
50 438
51 507
52 432
53 635
54 554
55 362
56 486
57 460
58 423
59 464
60 491
61 622
62 375
63 618
64 519
65 675
66 498
67 389
68 522
69 650
70 455
71 560
72 589
73 490
74 442
75 513
76 676
77 442
78 421
79 318
80 290
81 466
82 470
83 484
84 363
85 531
86 746
87 663
88 663
89 389
90 533
91 455
92 536
93 449
94 646
95 503
96 649
97 540
98 511
99 489
100 470
101 349
102 409
103 296
104 653
105 345
106 327
107 622
108 484
109 431
110 411
111 643
112 292
113 581
114 306
115 828
116 592
117 707
118 398
119 326
120 585
121 401
122 597
123 740
124 421
125 250
126 656
127 322
128 394
129 381
130 470
131 680
132 435
133 524
134 621
135 597
136 579
137 261
138 541
139 434
140 475
141 713
142 498
143 499
144 286
145 459
146 488
147 720
148 413
149 635
150 527
151 500
152 406
153 462
154 368
155 568
156 421
157 374
158 494
159 563
160 371
161 471
162 661
163 528
164 675
165 545
166 444
167 607
168 274
169 507
170 658
171 260
172 654
173 491
174 577
175 570
176 405
177 585
178 498
179 475
180 556
181 573
182 269
183 493
184 417
185 426
186 586
187 477
188 498
189 504
190 551
191 201
192 431
193 636
194 416
195 631
196 464
197 359
198 644
199 372
200 474
201 439
202 570
203 479
204 479
205 547
206 396
207 665
208 525
209 306
210 659
211 612
212 392
213 675
214 647
215 637
216 420
217 315
218 523
219 522
220 459
221 532
222 628
223 499
224 465
225 593
226 633
227 294
228 390
229 504
230 721
231 454
232 662
233 753
234 424
235 685
236 448
237 517
238 567
239 467
240 421
241 344
242 384
243 585
244 395
245 697
246 352
247 469
248 531
249 567
250 600
251 291
252 632
253 481
254 490
255 760
256 623
257 407
258 550
259 430
260 604
261 533
262 321
263 504
264 570
265 466
266 712
267 312
268 485
269 460
270 446
271 550
272 433
273 388
274 276
275 492
276 336
277 416
278 517
279 502
280 534
281 426
282 409
283 563
284 495
285 354
286 563
287 551
288 457
289 708
290 577
291 689
292 301
293 513
294 345
295 503
296 649
297 378
298 597
299 537
300 494
301 361
302 559
303 612
304 453
305 608
306 520
307 311
308 396
309 389
310 722
311 502
312 465
313 512
314 739
315 534
316 553
317 534
318 481
319 660
320 408
321 434
322 529
323 713
324 547
325 602
326 54
327 677
328 413
329 477
330 221
331 478
332 511
333 515
334 402
335 444
336 342
337 674
338 420
339 539
340 418
341 685
342 461
343 484
344 499
345 549
346 449
347 506
348 570
349 576
350 584
351 725
352 573
353 431
354 427
355 415
356 313
357 602
358 481
359 483
360 446
361 521
362 441
363 304
364 312
365 484
366 391
367 390
368 295
369 660
370 442
371 593
372 814
373 364
374 403
375 561
376 439
377 536
378 429
379 717
380 470
381 666
382 355
383 509
384 460
385 475
386 478
387 493
388 504
389 385
390 628
391 332
392 455
393 629
394 367
395 620
396 455
397 559
398 488
399 569
400 620
401 594
402 785
403 465
404 446
405 466
406 647
407 703
408 362
409 423
410 528
411 655
412 542
413 722
414 501
415 468
416 364
417 421
418 635
419 508
420 549
421 692
422 694
423 470
424 557
425 546
426 555
427 395
428 568
429 426
430 522
431 368
432 441
433 508
434 497
435 650
436 651
437 521
438 456
439 391
440 621
441 385
442 497
443 555
444 436
445 393
446 415
447 273
448 393
449 561
450 514
451 701
452 262
453 415
454 566
455 513
456 607
457 378
458 424
459 558
460 433
461 446
462 674
463 529
464 460
465 292
466 446
467 648
468 607
469 425
470 327
471 492
472 539
473 435
474 596
475 794
476 250
477 593
478 622
479 720
480 377
481 541
482 519
483 586
484 375
485 628
486 604
487 601
488 478
489 454
490 309
491 374
492 305
493 473
494 494
495 743
496 562
497 621
498 486
499 608
500 711
501 455
502 560
503 391
504 442
505 263
506 625
507 325
508 568
509 622
510 391
511 345
512 323
513 448
514 784
515 551
516 563
517 558
518 794
519 370
520 696
521 435
522 302
523 414
524 522
525 530
526 446
527 630
528 734
529 237
530 431
531 735
532 626
533 773
534 605
535 607
536 594
537 434
538 501
539 408
540 552
541 763
542 581
543 300
544 601
545 542
546 449
547 616
548 623
549 570
550 460
551 299
552 207
553 490
554 611
555 481
556 656
557 591
558 559
559 546
560 341
561 293
562 537
563 258
564 656
565 338
566 334
567 301
568 549
569 538
570 348
571 836
572 416
573 417
574 786
575 295
576 367
577 384
578 455
579 720
580 511
581 639
582 536
583 719
584 510
585 468
586 659
587 358
588 491
589 561
590 459
591 422
592 640
593 708
594 465
595 621
596 413
597 504
598 550
599 451
600 408
601 493
602 355
603 370
604 341
605 365
606 502
607 496
608 353
609 585
610 657
611 837
612 542
613 631
614 407
615 339
616 347
617 523
618 220
619 647
620 605
621 359
622 424
623 529
624 326
625 566
626 671
627 550
628 483
629 332
630 480
631 467
632 625
633 340
634 368
635 559
636 502
637 456
638 344
639 535
640 604
641 618
642 266
643 509
644 426
645 431
646 488
647 308
648 595
649 610
650 472
651 406
652 455
653 366
654 398
655 656
656 607
657 663
658 555
659 434
660 464
661 583
662 768
663 508
664 474
665 540
666 517
667 507
668 383
669 658
670 402
671 486
672 525
673 507
674 485
675 433
676 515
677 560
678 429
679 632
680 592
681 345
682 295
683 523
684 416
685 477
686 737
687 534
688 389
689 562
690 468
691 458
692 402
693 377
694 336
695 391
696 614
697 472
698 436
699 467
700 497
701 344
702 697
703 599
704 560
705 381
706 499
707 336
708 470
709 449
710 755
711 290
712 495
713 664
714 584
715 493
716 571
717 759
718 445
719 352
720 686
721 451
722 659
723 305
724 757
725 501
726 499
727 408
728 540
729 685
730 550
731 583
732 609
733 659
734 468
735 470
736 382
737 607
738 560
739 362
740 645
741 239
742 677
743 330
744 615
745 480
746 464
747 391
748 414
749 431
750 503

<precedence relations>
1,24
1,82
2,16
2,18
3,16
3,234
4,19
4,25
4,82
5,16
6,20
6,23
7,22
8,16
8,17
8,47
10,96
10,100
11,16
11,27
11,113
12,26
13,16
13,79
14,21
15,16
15,306
15,359
15,378
15,387
16,493
16,531
17,28
18,35
19,50
19,63
20,37
21,30
21,34
22,28
22,31
23,29
24,28
25,28
25,29
25,33
25,58
26,28
26,29
26,82
27,32
27,36
28,38
28,46
29,38
29,40
30,38
30,42
30,43
32,39
33,38
33,113
34,38
35,42
35,44
36,38
36,39
36,41
36,47
37,45
37,174
38,48
38,49
38,55
38,59
39,48
39,121
40,48
41,51
42,52
42,56
42,85
43,89
44,49
44,50
44,53
44,58
45,48
46,57
46,60
46,61
47,54
47,89
48,62
48,63
48,69
48,71
49,62
49,67
50,570
51,72
51,73
52,191
53,64
53,446
54,411
56,62
56,68
57,70
57,89
58,62
59,185
60,66
61,62
61,65
62,78
63,323
64,256
64,358
64,395
65,80
66,76
66,84
66,115
67,74
67,83
68,74
68,75
68,82
69,116
69,246
70,75
71,79
71,81
71,85
72,74
72,235
73,74
73,77
74,87
74,188
75,91
75,95
76,86
76,90
76,94
77,86
78,132
78,263
79,96
80,88
81,92
82,187
82,208
83,93
84,86
84,395
84,538
85,86
85,89
86,453
87,100
87,226
87,230
88,97
88,99
89,111
89,207
91,101
91,102
92,98
92,103
93,97
94,119
95,555
95,560
96,114
96,155
97,108
97,112
97,206
98,104
98,107
98,111
98,221
99,104
100,105
100,110
100,272
101,104
101,113
101,135
101,145
102,104
102,106
103,109
104,120
105,121
105,136
106,114
106,115
107,116
108,217
108,269
108,351
109,114
109,122
110,160
110,300
111,114
111,117
111,119
111,123
112,114
112,115
112,116
112,118
113,114
113,115
114,130
115,296
116,124
116,125
116,136
117,126
117,283
118,124
118,125
118,129
118,132
118,285
119,124
119,125
119,134
120,124
120,133
121,127
121,131
122,128
123,124
123,135
124,146
124,151
125,137
125,143
125,245
126,137
126,138
126,250
127,147
127,464
128,192
128,239
128,277
128,391
129,140
129,144
129,145
129,149
129,188
130,137
130,141
130,150
131,137
131,138
131,151
131,253
131,391
132,142
132,148
132,168
133,139
134,187
134,266
135,137
135,214
136,137
136,352
137,574
137,578
137,648
137,670
138,333
139,152
139,153
139,156
140,158
140,194
141,157
142,369
143,166
143,185
144,155
144,170
145,152
145,278
146,152
148,425
149,160
150,154
151,152
151,153
151,159
151,397
152,170
152,172
152,263
153,161
153,223
154,162
154,169
154,176
155,166
156,161
156,162
156,171
156,173
156,175
157,183
158,164
158,165
158,167
159,161
159,312
160,163
160,168
160,174
162,179
163,483
164,177
164,185
164,193
165,177
166,177
166,178
166,284
167,177
167,180
168,180
168,183
168,184
169,181
170,396
171,710
172,356
172,436
172,520
173,182
174,367
175,446
176,177
177,190
178,196
178,419
179,192
179,198
180,189
181,199
182,186
182,187
182,188
182,198
183,193
183,194
183,382
184,191
184,301
185,186
185,195
185,197
185,272
186,566
187,206
188,201
189,205
190,200
190,203
190,234
191,200
191,207
192,644
193,210
194,209
194,391
195,200
196,274
196,314
196,400
197,202
197,436
198,200
198,211
199,200
199,201
199,204
199,208
200,212
200,213
200,214
201,215
202,294
203,216
203,218
203,228
204,304
204,452
205,212
205,221
206,257
206,409
206,471
206,511
207,214
208,212
208,231
209,212
209,228
210,219
210,245
210,295
210,393
210,496
211,217
211,220
211,313
212,297
212,307
213,225
213,227
213,232
213,409
214,223
214,228
214,229
214,236
214,289
215,224
215,231
216,532
217,230
219,233
219,339
220,222
220,226
220,235
220,305
221,222
221,234
221,496
222,245
222,249
223,482
224,237
224,243
225,275
226,238
226,364
227,238
227,380
228,239
228,307
229,237
229,238
229,239
229,247
229,248
230,242
230,246
230,252
231,237
231,241
232,522
234,244
234,249
235,297
236,240
236,475
237,250
237,251
237,262
238,256
238,261
238,264
238,392
239,260
239,318
239,397
241,255
241,257
242,254
242,263
243,250
243,252
243,259
243,351
244,250
244,581
245,253
245,264
245,533
246,517
247,250
247,456
247,503
247,531
248,258
249,265
249,512
251,270
251,310
252,272
253,487
253,714
254,268
255,266
255,343
255,425
256,274
256,405
257,407
258,267
259,279
260,271
260,401
262,276
263,266
263,275
264,269
264,508
264,512
265,273
265,339
266,281
267,278
267,286
267,287
267,295
268,284
268,285
270,431
270,479
271,279
271,429
272,277
272,280
272,283
273,314
274,455
274,600
275,277
276,282
277,298
278,290
278,294
278,302
279,367
280,575
281,300
281,434
282,293
282,295
282,296
283,289
283,330
284,288
284,289
284,297
284,299
285,301
285,324
285,354
286,291
286,545
287,288
287,292
287,319
288,306
288,413
289,307
289,308
291,313
291,497
293,304
293,309
293,326
294,303
294,304
295,468
295,511
296,305
296,310
296,311
296,312
297,453
297,492
297,571
298,303
299,523
300,461
301,440
302,303
302,436
303,322
305,315
305,323
306,627
307,314
307,320
308,314
308,316
308,321
309,317
309,374
310,319
310,327
312,318
313,555
314,735
315,330
315,346
316,350
316,357
317,324
318,324
318,327
319,324
319,325
319,326
320,324
320,332
321,325
321,326
321,328
321,331
322,329
323,353
324,333
324,334
324,335
324,337
325,333
325,339
325,354
326,436
326,507
327,341
327,343
327,349
327,355
328,340
329,338
330,336
331,544
332,334
332,427
332,477
333,342
334,346
335,350
335,525
336,343
336,344
336,349
337,345
337,604
338,347
338,348
339,388
339,415
339,525
340,342
341,342
341,351
342,361
342,434
343,356
343,357
343,464
344,352
345,626
346,362
346,365
347,358
347,359
348,354
348,355
349,353
350,360
350,439
352,371
353,363
353,372
353,373
353,374
353,435
354,364
354,367
354,375
355,365
355,412
356,494
356,569
357,370
357,388
358,363
358,369
358,458
360,366
360,412
361,368
361,376
362,561
362,683
362,744
363,380
364,377
365,383
366,455
367,384
368,378
368,494
368,526
368,541
369,611
369,612
370,434
371,377
371,379
371,382
372,377
372,463
373,418
374,381
374,394
375,377
375,401
376,384
377,431
377,548
378,390
380,387
380,473
381,385
381,389
382,391
382,408
382,590
383,517
384,386
384,388
384,396
385,392
385,395
385,508
386,394
386,411
387,392
387,396
387,399
388,398
388,400
389,393
389,401
391,397
391,624
391,670
392,413
393,414
393,415
393,581
394,410
394,533
395,409
395,699
396,402
397,682
397,717
398,405
398,412
399,406
399,411
399,483
400,403
400,404
400,407
400,414
400,456
400,460
401,408
402,418
402,424
402,426
402,529
404,547
404,652
404,709
405,423
405,426
407,420
407,427
407,469
407,565
408,421
409,559
409,654
409,704
409,740
410,472
410,488
411,419
411,586
412,428
412,480
413,425
414,416
414,470
415,417
415,422
415,569
416,748
417,436
417,562
417,572
419,430
420,432
420,477
421,433
422,429
423,438
423,480
423,489
424,431
424,437
424,669
425,429
425,434
426,455
427,567
427,579
427,591
427,651
428,435
429,469
429,533
429,573
430,443
431,448
432,708
433,439
434,441
434,445
434,447
434,476
435,440
435,442
435,446
437,741
438,444
439,455
439,478
440,454
441,449
441,452
442,458
443,450
443,601
443,703
444,456
444,577
444,596
444,603
445,451
445,453
445,468
445,653
448,457
449,741
450,468
450,634
451,586
452,459
452,460
452,462
452,638
453,467
454,466
455,461
455,463
455,465
456,468
456,469
456,546
457,464
458,731
459,478
459,537
459,614
460,471
462,475
463,501
463,556
464,699
465,474
465,476
465,477
465,479
466,473
467,472
467,681
468,620
469,470
471,481
471,482
471,642
473,483
474,661
475,484
475,516
475,573
476,485
477,480
478,564
478,636
479,495
480,487
480,490
480,491
481,737
482,545
482,563
482,653
483,488
483,494
483,495
484,486
485,489
485,492
485,493
486,496
486,526
487,664
488,498
488,502
489,499
490,501
490,516
492,497
492,503
494,500
495,504
495,505
495,506
496,512
497,507
497,515
497,625
499,514
499,517
499,627
500,511
500,638
501,583
502,509
503,569
504,508
505,508
505,513
506,510
506,516
506,518
509,520
509,523
509,529
510,528
510,530
511,519
511,527
512,525
513,526
514,521
514,531
515,524
515,564
516,519
516,524
517,595
518,522
519,535
519,539
519,547
520,536
520,544
520,545
521,532
521,546
521,548
521,686
522,665
523,534
523,538
524,541
524,542
524,567
526,532
526,549
526,602
527,533
528,540
528,693
529,543
530,572
531,537
533,551
535,555
535,664
536,649
536,653
537,554
537,714
538,631
539,576
543,669
544,654
545,557
546,550
547,552
549,553
549,555
549,556
549,627
550,559
550,563
550,566
551,575
551,651
552,560
552,564
553,561
553,568
554,565
554,567
555,571
556,558
556,570
556,611
557,562
557,569
557,572
557,573
558,574
558,683
558,733
559,581
561,578
562,582
564,576
566,580
566,657
567,577
567,626
568,706
570,579
570,706
572,575
573,718
573,722
574,592
575,589
576,584
576,588
576,591
577,593
577,594
578,595
578,619
578,736
579,585
579,587
581,586
582,583
582,590
582,591
583,596
583,602
583,603
584,699
586,598
586,648
587,599
587,604
588,597
589,601
589,606
589,609
589,661
590,600
590,605
592,608
592,620
593,741
594,607
595,703
596,614
596,622
597,612
597,613
598,611
598,618
598,675
599,610
599,621
600,619
600,620
601,692
603,616
603,659
604,615
604,707
605,716
606,617
608,623
610,736
611,631
611,633
612,632
614,624
616,630
616,729
617,627
617,629
618,625
619,684
620,626
620,628
621,747
624,643
624,715
625,636
625,637
625,638
626,635
626,639
626,665
627,634
627,644
627,664
627,677
627,684
628,645
629,706
631,641
631,644
631,665
632,640
632,642
632,644
633,696
635,652
637,706
638,688
638,716
639,647
640,648
641,728
642,651
643,647
644,649
644,650
645,646
646,660
647,655
647,658
647,661
648,701
648,702
649,656
649,657
650,659
651,653
651,722
652,654
653,665
654,667
657,663
659,662
659,670
659,708
660,664
660,666
660,668
660,671
660,696
661,669
661,672
661,717
662,676
662,682
663,680
663,681
663,723
666,675
667,674
667,689
667,721
669,673
669,678
670,679
670,681
672,677
672,704
673,724
673,739
674,686
677,688
677,747
678,684
678,685
680,687
680,724
681,683
682,701
683,689
683,734
684,690
684,696
684,699
685,692
685,738
686,694
686,695
686,698
687,693
687,697
687,700
688,691
690,710
691,709
692,702
694,705
697,708
699,704
699,706
699,707
699,711
700,701
700,703
701,714
703,725
703,727
705,715
705,717
705,724
705,726
706,722
707,723
709,719
710,712
710,713
710,716
710,721
711,718
711,720
713,735
714,733
716,739
717,728
718,729
719,736
722,749
724,730
724,731
724,732
725,734
725,737
725,738
728,744
728,746
731,747
733,748
735,740
735,745
735,749
736,742
736,745
737,743
738,741
738,750

<end>
