<number of tasks>
750

<cycle time>
1000

<order strength>
0.596


<task times>
1 301
2 136
3 145
4 158
5 49
6 121
7 180
8 72
9 142
10 120
11 74
12 188
13 115
14 187
15 261
16 140
17 34
18 80
19 177
20 51
21 117
22 99
23 80
24 197
25 86
26 161
27 151
28 178
29 115
30 136
31 212
32 175
33 103
34 173
35 155
36 42
37 164
38 92
39 245
40 103
41 147
42 61
43 60
44 113
45 170
46 168
47 107
48 178
49 132
50 229
51 205
52 166
53 48
54 339
55 125
56 167
57 78
58 82
59 64
60 106
61 44
62 139
63 143
64 195
65 175
66 154
67 172
68 76
69 167
70 115
71 55
72 188
73 108
74 180
75 157
76 62
77 210
78 87
79 95
80 279
81 132
82 42
83 58
84 78
85 295
86 136
87 85
88 146
89 210
90 226
91 112
92 63
93 196
94 76
95 246
96 211
97 126
98 107
99 134
100 197
101 130
102 87
103 138
104 58
105 123
106 108
107 126
108 225
109 196
110 174
111 52
112 266
113 186
114 214
115 154
116 102
117 67
118 204
119 84
120 152
121 116
122 22
123 163
124 62
125 243
126 244
127 101
128 348
129 111
130 79
131 56
132 149
133 212
134 208
135 84
136 62
137 114
138 68
139 234
140 269
141 130
142 148
143 175
144 44
145 66
146 251
147 129
148 318
149 38
150 208
151 126
152 164
153 274
154 239
155 140
156 238
157 84
158 149
159 68
160 132
161 180
162 175
163 184
164 91
165 135
166 35
167 194
168 106
169 304
170 205
171 168
172 182
173 242
174 96
175 33
176 44
177 101
178 189
179 296
180 136
181 112
182 149
183 156
184 189
185 178
186 222
187 223
188 144
189 57
190 82
191 25
192 152
193 73
194 69
195 243
196 133
197 41
198 73
199 140
200 167
201 179
202 50
203 116
204 189
205 175
206 79
207 89
208 119
209 52
210 132
211 150
212 297
213 100
214 333
215 34
216 390
217 251
218 127
219 195
220 99
221 118
222 23
223 265
224 30
225 22
226 242
227 46
228 116
229 152
230 166
231 116
232 269
233 149
234 385
235 137
236 32
237 261
238 123
239 185
240 139
241 148
242 162
243 85
244 102
245 310
246 67
247 142
248 31
249 60
250 209
251 235
252 45
253 326
254 33
255 71
256 269
257 337
258 187
259 220
260 64
261 72
262 170
263 170
264 191
265 182
266 72
267 161
268 249
269 78
270 23
271 110
272 110
273 97
274 65
275 26
276 162
277 31
278 122
279 278
280 202
281 127
282 167
283 101
284 84
285 21
286 160
287 203
288 52
289 205
290 106
291 110
292 149
293 180
294 134
295 190
296 229
297 140
298 344
299 143
300 266
301 303
302 71
303 55
304 106
305 114
306 200
307 43
308 142
309 192
310 33
311 120
312 133
313 105
314 116
315 107
316 24
317 192
318 308
319 100
320 214
321 72
322 174
323 165
324 166
325 88
326 246
327 118
328 185
329 112
330 35
331 82
332 265
333 224
334 173
335 207
336 143
337 111
338 35
339 127
340 120
341 239
342 173
343 205
344 88
345 303
346 34
347 184
348 102
349 23
350 127
351 117
352 168
353 146
354 193
355 177
356 72
357 116
358 113
359 155
360 185
361 183
362 251
363 247
364 72
365 83
366 127
367 122
368 189
369 242
370 135
371 107
372 172
373 127
374 102
375 34
376 39
377 119
378 44
379 335
380 107
381 42
382 83
383 161
384 100
385 178
386 162
387 254
388 54
389 182
390 238
391 125
392 271
393 195
394 32
395 161
396 167
397 111
398 247
399 342
400 146
401 224
402 93
403 245
404 97
405 192
406 183
407 67
408 128
409 157
410 94
411 29
412 145
413 101
414 90
415 80
416 32
417 47
418 198
419 289
420 56
421 34
422 70
423 282
424 269
425 88
426 134
427 250
428 76
429 209
430 218
431 113
432 230
433 32
434 215
435 151
436 95
437 66
438 103
439 56
440 172
441 275
442 73
443 195
444 200
445 185
446 99
447 390
448 32
449 54
450 118
451 23
452 262
453 213
454 119
455 128
456 166
457 105
458 130
459 208
460 37
461 71
462 157
463 202
464 51
465 90
466 84
467 93
468 67
469 51
470 250
471 303
472 154
473 165
474 194
475 34
476 154
477 190
478 70
479 56
480 182
481 164
482 202
483 39
484 120
485 64
486 77
487 85
488 189
489 155
490 220
491 39
492 118
493 106
494 34
495 362
496 46
497 224
498 163
499 196
500 168
501 280
502 63
503 87
504 87
505 284
506 60
507 211
508 52
509 93
510 110
511 177
512 275
513 164
514 250
515 128
516 57
517 253
518 202
519 179
520 128
521 185
522 107
523 55
524 118
525 180
526 83
527 95
528 110
529 84
530 156
531 77
532 78
533 88
534 130
535 157
536 100
537 142
538 174
539 84
540 32
541 62
542 108
543 55
544 135
545 169
546 58
547 29
548 161
549 149
550 102
551 89
552 147
553 246
554 115
555 46
556 123
557 249
558 117
559 151
560 132
561 34
562 23
563 124
564 65
565 78
566 185
567 77
568 162
569 221
570 139
571 49
572 166
573 208
574 122
575 71
576 319
577 182
578 138
579 30
580 51
581 154
582 177
583 184
584 169
585 175
586 162
587 100
588 121
589 43
590 32
591 201
592 147
593 183
594 220
595 253
596 238
597 206
598 133
599 93
600 120
601 198
602 259
603 154
604 104
605 47
606 216
607 25
608 24
609 65
610 69
611 140
612 198
613 96
614 105
615 31
616 336
617 209
618 40
619 68
620 154
621 117
622 207
623 107
624 346
625 134
626 193
627 226
628 139
629 142
630 58
631 156
632 59
633 316
634 156
635 47
636 70
637 324
638 55
639 263
640 162
641 180
642 68
643 111
644 138
645 80
646 102
647 210
648 100
649 142
650 165
651 111
652 139
653 110
654 274
655 171
656 46
657 100
658 199
659 132
660 267
661 87
662 188
663 192
664 93
665 156
666 39
667 112
668 49
669 63
670 246
671 296
672 122
673 53
674 72
675 69
676 213
677 208
678 279
679 76
680 247
681 342
682 153
683 85
684 21
685 32
686 101
687 133
688 257
689 167
690 180
691 156
692 214
693 195
694 79
695 50
696 152
697 269
698 86
699 66
700 84
701 218
702 118
703 29
704 65
705 37
706 137
707 55
708 98
709 217
710 179
711 132
712 25
713 161
714 105
715 114
716 301
717 47
718 39
719 48
720 177
721 71
722 232
723 303
724 143
725 212
726 321
727 37
728 173
729 156
730 228
731 65
732 124
733 214
734 70
735 151
736 241
737 143
738 26
739 227
740 42
741 308
742 24
743 145
744 172
745 139
746 204
747 155
748 118
749 334
750 48

<precedence relations>
1,9
2,11
3,12
4,10
4,15
5,13
5,14
6,14
6,18
7,14
7,17
7,117
8,14
8,16
9,22
10,19
11,24
12,20
13,21
14,22
14,26
14,49
15,22
15,25
15,27
16,251
16,323
17,344
18,23
18,34
19,28
20,31
21,33
22,359
22,677
23,29
23,36
23,46
24,32
24,33
24,34
25,30
26,32
27,34
27,35
27,66
28,37
29,38
30,39
31,40
32,41
32,42
32,43
32,44
32,45
33,46
33,47
33,48
34,43
35,49
36,45
37,51
38,50
39,55
40,53
41,52
42,54
43,58
43,131
44,261
44,394
45,57
46,55
46,56
46,97
47,55
48,144
48,202
49,119
50,61
51,59
52,60
53,62
54,63
55,64
55,65
55,66
55,67
56,337
57,68
58,64
58,69
59,70
60,71
61,75
62,76
63,77
64,72
64,78
64,79
65,73
65,79
65,80
66,74
67,78
67,152
68,78
68,79
68,152
69,81
69,230
69,295
70,82
71,83
72,86
73,87
74,88
75,89
76,90
77,91
78,84
78,92
79,85
79,92
79,94
79,95
80,92
80,96
81,93
81,97
81,133
81,227
82,98
83,105
84,100
85,101
86,106
87,107
88,103
89,105
90,102
91,104
92,99
92,105
92,106
93,187
93,343
94,105
95,237
95,252
96,105
97,237
97,280
97,281
98,108
99,109
100,110
101,114
102,111
103,112
104,115
105,113
105,114
105,116
105,118
106,119
107,113
107,114
107,115
107,117
107,120
108,121
109,122
110,125
111,126
112,124
113,123
113,127
113,167
114,127
114,128
115,131
115,144
115,248
115,298
116,127
116,128
116,130
116,156
117,127
117,133
117,156
118,127
118,129
119,127
119,128
119,132
120,187
120,343
121,134
122,137
123,135
124,136
125,137
126,137
127,137
127,138
127,139
127,141
127,259
128,138
128,141
128,294
129,139
129,142
129,144
129,145
131,142
131,419
132,143
132,145
133,140
134,146
135,147
136,148
137,150
137,154
137,166
138,381
138,399
138,516
138,551
139,148
139,149
139,153
139,155
139,287
140,151
140,152
140,311
141,345
142,457
142,569
144,605
145,156
146,158
147,159
148,157
148,160
148,164
149,161
149,162
149,165
149,247
150,162
150,163
151,177
152,166
152,167
153,162
153,163
153,215
154,517
155,168
155,191
155,204
156,295
156,308
157,169
158,170
159,171
160,172
161,173
162,174
162,175
162,192
163,175
163,176
163,177
164,400
164,488
164,491
164,593
165,337
165,454
165,572
165,651
166,550
166,604
167,215
167,274
168,263
168,400
168,420
169,184
170,178
171,179
172,180
173,184
174,183
175,181
175,226
176,182
176,186
176,187
176,188
176,190
176,191
176,192
176,252
177,185
177,189
178,193
179,196
180,202
181,199
182,200
183,203
184,204
185,194
185,205
185,359
186,195
186,295
187,197
188,198
188,337
188,373
188,643
189,201
190,586
190,677
191,306
191,419
192,202
192,203
193,207
194,206
195,208
196,209
197,211
198,212
199,210
200,214
201,213
202,214
202,216
203,598
204,215
205,249
205,336
205,400
206,218
207,217
208,220
209,223
210,219
211,221
212,224
213,222
214,224
214,230
214,286
214,419
215,224
215,226
215,229
215,231
215,322
216,224
216,225
216,227
216,228
217,234
218,232
219,236
220,233
221,236
222,236
223,235
224,242
224,543
225,237
225,503
225,543
226,553
226,633
226,676
227,239
228,238
228,240
229,271
229,281
229,337
230,241
230,325
230,337
231,243
232,244
233,247
234,245
235,246
236,250
236,251
236,322
237,249
237,333
238,283
238,346
238,353
239,253
240,248
240,275
241,653
242,532
242,706
243,252
243,343
244,254
245,255
246,259
247,257
247,264
247,343
248,256
248,257
248,260
249,382
249,473
250,294
251,258
251,261
251,262
251,284
252,257
253,257
253,263
254,265
255,267
256,269
257,266
257,268
257,271
257,273
258,270
259,272
259,306
261,395
262,274
262,275
263,337
263,667
264,282
265,281
266,276
267,277
268,278
269,280
270,279
271,282
271,284
271,288
272,284
272,285
272,287
273,285
273,444
273,678
273,746
274,283
274,286
274,328
275,285
276,291
277,292
278,293
279,293
280,289
280,296
280,297
282,290
282,308
282,354
283,306
283,354
283,355
283,419
284,293
285,474
285,610
286,298
286,424
286,537
287,295
288,294
289,299
290,303
291,306
292,307
293,300
293,307
293,309
293,310
293,313
293,354
294,301
294,308
294,312
295,302
296,304
296,311
297,305
297,308
297,355
298,589
299,319
300,314
301,315
302,316
303,317
304,318
305,320
306,321
307,321
307,325
307,327
307,355
307,419
308,321
308,323
308,353
309,503
310,324
310,326
310,328
311,322
311,420
311,444
311,590
311,746
312,620
312,680
313,489
313,539
314,329
315,332
316,332
317,332
318,332
319,331
320,332
321,330
321,334
321,338
322,337
322,433
322,570
322,667
324,335
324,336
325,334
325,353
326,332
327,333
327,353
328,388
328,421
328,435
329,339
330,340
331,343
332,341
332,366
333,420
333,589
334,345
334,347
335,346
335,382
335,458
336,344
337,445
338,342
339,349
340,348
341,352
342,350
342,351
343,354
343,422
344,353
344,355
344,392
344,437
345,356
345,357
346,569
346,610
346,621
347,358
347,359
347,422
347,437
348,360
349,361
350,362
351,364
352,363
353,365
354,598
354,678
355,454
355,474
356,367
356,532
357,366
358,679
358,734
359,366
359,488
359,572
360,368
361,370
362,373
363,369
364,371
365,372
366,376
366,431
367,374
367,375
367,377
367,431
368,378
369,380
370,379
371,380
372,380
374,381
374,446
375,382
376,383
376,604
376,610
377,395
378,385
379,387
380,384
380,386
380,390
380,394
381,388
381,389
381,445
382,393
382,395
383,388
383,391
383,392
383,690
384,396
385,399
386,397
387,398
388,733
389,400
389,407
390,543
391,491
392,654
393,700
394,401
395,399
396,402
397,403
398,405
399,404
399,406
399,409
399,410
399,413
400,411
400,412
400,435
400,596
400,628
401,407
401,408
401,409
402,415
403,414
404,416
405,419
406,418
407,417
407,423
408,458
408,537
408,607
409,422
409,423
409,425
409,476
409,490
409,531
409,571
410,579
410,582
412,421
412,424
412,549
412,641
412,677
413,420
414,426
415,427
416,428
417,429
418,430
419,431
420,538
421,437
421,455
422,432
422,435
422,436
422,552
423,433
423,438
423,656
424,434
424,437
424,676
425,433
425,435
425,559
426,439
427,440
428,443
429,442
430,441
430,446
431,444
432,564
432,655
433,629
434,458
435,621
435,655
436,445
436,446
436,604
436,628
437,608
438,474
438,652
439,447
440,449
441,448
442,450
442,451
442,452
442,458
442,537
443,454
443,460
443,461
444,453
444,455
444,457
444,459
445,456
445,460
446,598
447,462
448,463
449,464
450,465
451,466
452,467
453,468
454,469
454,476
454,590
455,470
455,474
455,475
456,477
456,489
457,473
457,689
458,570
458,620
459,471
459,593
459,617
460,472
460,605
462,487
463,478
464,479
465,480
466,481
467,488
468,489
469,483
470,486
471,482
471,485
471,655
472,484
472,491
472,553
472,717
473,490
475,640
476,618
478,493
479,495
480,496
481,498
482,499
483,492
484,500
485,501
486,494
487,497
487,502
487,503
487,549
488,502
489,644
491,504
491,692
491,706
492,508
493,506
494,509
495,507
496,510
497,511
498,512
499,513
500,514
501,515
502,505
502,680
502,747
503,516
503,517
503,518
504,519
505,520
506,521
507,522
508,529
509,523
510,524
511,525
512,528
513,526
514,527
515,530
516,679
517,582
518,531
518,532
518,690
520,533
521,536
522,537
523,536
524,534
525,536
526,538
527,539
528,535
529,586
530,543
530,631
531,539
531,540
531,541
531,542
533,544
534,549
535,545
536,546
536,548
536,552
537,610
538,553
538,620
540,547
542,550
543,551
543,645
544,554
545,555
546,556
547,557
548,558
549,559
550,561
550,564
550,565
551,563
552,560
552,565
553,562
553,686
554,566
555,567
556,570
557,569
558,571
559,568
559,572
559,606
559,609
560,575
560,665
560,706
562,574
562,575
562,665
562,725
564,569
565,573
565,630
566,576
567,579
568,577
569,578
569,580
570,584
571,581
571,583
571,722
572,582
572,585
572,586
573,629
573,632
573,720
575,750
576,590
577,591
578,587
579,595
580,588
580,593
580,596
580,598
581,595
582,592
583,597
583,676
584,652
586,589
586,594
587,600
588,603
589,599
589,602
589,604
589,608
590,609
591,605
591,610
592,601
592,741
593,732
594,617
595,629
597,607
598,606
598,622
598,643
599,611
600,613
601,614
602,615
603,616
604,612
604,618
604,621
605,622
606,620
606,709
607,622
609,619
610,617
610,622
610,716
611,623
612,625
613,627
614,626
615,630
616,628
617,624
617,733
618,633
619,632
620,629
620,716
622,631
623,640
624,636
625,637
626,638
627,641
628,634
628,639
629,635
631,644
631,668
631,749
632,642
633,643
633,645
634,646
635,647
636,648
637,652
638,649
639,650
640,653
640,711
641,651
642,655
643,654
643,656
646,657
647,660
648,659
649,666
650,661
651,658
651,664
651,748
652,668
652,689
653,662
654,663
656,665
656,667
657,677
658,670
659,676
660,671
661,672
662,673
663,674
664,675
665,669
665,680
666,678
668,679
668,688
668,750
669,682
670,686
671,687
672,683
673,684
674,688
675,685
676,681
676,690
676,692
678,691
678,701
679,693
680,689
681,694
682,695
683,697
684,698
685,696
686,699
687,747
689,700
690,701
690,735
691,726
693,701
694,706
695,702
696,703
697,704
698,706
699,705
700,709
700,710
700,711
700,712
701,707
701,708
702,715
703,714
704,713
705,716
706,718
706,720
706,721
708,717
709,742
710,722
710,726
711,719
713,723
714,724
715,728
715,736
716,733
718,726
718,727
718,732
719,734
721,725
721,730
721,731
721,735
722,729
723,739
724,737
725,738
725,740
726,749
728,741
729,742
733,741
737,743
738,744
739,746
740,745
741,747
741,749
741,750
742,748

<end>
