<number of tasks>
750

<cycle time>
1000

<order strength>
0.896


<task times>
1 471
2 497
3 419
4 418
5 172
6 460
7 474
8 697
9 526
10 513
11 429
12 378
13 694
14 513
15 664
16 596
17 460
18 536
19 561
20 515
21 546
22 490
23 505
24 406
25 393
26 553
27 309
28 447
29 480
30 632
31 665
32 286
33 563
34 621
35 616
36 570
37 637
38 498
39 428
40 440
41 643
42 395
43 523
44 495
45 610
46 224
47 367
48 577
49 600
50 693
51 550
52 501
53 698
54 470
55 413
56 419
57 647
58 390
59 345
60 605
61 626
62 416
63 304
64 709
65 450
66 459
67 565
68 377
69 526
70 759
71 567
72 443
73 629
74 502
75 658
76 487
77 498
78 381
79 351
80 621
81 346
82 499
83 606
84 567
85 303
86 306
87 285
88 527
89 411
90 510
91 381
92 381
93 676
94 380
95 545
96 387
97 365
98 460
99 448
100 665
101 464
102 628
103 766
104 464
105 620
106 386
107 566
108 462
109 469
110 554
111 510
112 407
113 638
114 507
115 521
116 507
117 624
118 352
119 600
120 491
121 481
122 460
123 560
124 492
125 416
126 522
127 590
128 565
129 569
130 377
131 416
132 502
133 549
134 427
135 630
136 352
137 291
138 575
139 453
140 553
141 286
142 447
143 443
144 360
145 601
146 546
147 618
148 559
149 559
150 531
151 531
152 484
153 501
154 513
155 317
156 717
157 447
158 555
159 562
160 355
161 405
162 504
163 678
164 490
165 487
166 615
167 429
168 531
169 447
170 389
171 602
172 447
173 306
174 338
175 359
176 604
177 394
178 311
179 430
180 465
181 539
182 759
183 473
184 585
185 507
186 737
187 735
188 395
189 345
190 367
191 485
192 535
193 763
194 542
195 386
196 578
197 553
198 543
199 526
200 473
201 357
202 562
203 699
204 651
205 704
206 388
207 547
208 459
209 680
210 480
211 230
212 362
213 471
214 362
215 543
216 322
217 559
218 613
219 392
220 504
221 487
222 668
223 499
224 490
225 587
226 369
227 412
228 560
229 413
230 520
231 452
232 487
233 618
234 253
235 463
236 452
237 368
238 371
239 529
240 446
241 510
242 612
243 409
244 434
245 492
246 474
247 330
248 595
249 461
250 676
251 427
252 646
253 587
254 691
255 341
256 824
257 462
258 445
259 548
260 290
261 486
262 509
263 354
264 527
265 514
266 266
267 430
268 376
269 467
270 563
271 419
272 310
273 464
274 495
275 548
276 576
277 348
278 298
279 578
280 591
281 644
282 507
283 419
284 434
285 500
286 347
287 470
288 462
289 639
290 559
291 564
292 516
293 267
294 503
295 556
296 521
297 579
298 488
299 497
300 488
301 626
302 498
303 416
304 454
305 384
306 536
307 543
308 186
309 655
310 669
311 510
312 431
313 554
314 378
315 437
316 387
317 577
318 438
319 300
320 505
321 417
322 509
323 526
324 688
325 649
326 485
327 507
328 435
329 602
330 396
331 370
332 454
333 513
334 451
335 563
336 376
337 495
338 638
339 498
340 449
341 375
342 470
343 362
344 515
345 645
346 501
347 524
348 433
349 510
350 706
351 636
352 623
353 502
354 423
355 400
356 518
357 406
358 335
359 532
360 470
361 725
362 502
363 486
364 412
365 381
366 574
367 503
368 493
369 741
370 365
371 535
372 755
373 482
374 590
375 373
376 577
377 604
378 558
379 584
380 537
381 534
382 759
383 507
384 658
385 527
386 373
387 499
388 334
389 597
390 729
391 427
392 468
393 442
394 478
395 390
396 595
397 522
398 606
399 754
400 566
401 362
402 502
403 395
404 484
405 411
406 489
407 548
408 508
409 532
410 718
411 561
412 603
413 407
414 460
415 396
416 435
417 755
418 504
419 588
420 560
421 594
422 400
423 647
424 487
425 401
426 464
427 559
428 457
429 191
430 742
431 508
432 556
433 600
434 745
435 338
436 603
437 596
438 443
439 357
440 437
441 544
442 545
443 695
444 619
445 542
446 509
447 375
448 384
449 459
450 445
451 364
452 570
453 545
454 546
455 558
456 293
457 562
458 561
459 622
460 531
461 541
462 649
463 667
464 501
465 664
466 562
467 506
468 657
469 392
470 533
471 562
472 269
473 405
474 551
475 454
476 519
477 575
478 605
479 523
480 487
481 383
482 496
483 553
484 428
485 406
486 413
487 383
488 393
489 426
490 530
491 539
492 411
493 406
494 392
495 184
496 590
497 608
498 533
499 639
500 465
501 562
502 414
503 533
504 706
505 648
506 455
507 601
508 444
509 500
510 549
511 569
512 529
513 417
514 604
515 491
516 439
517 600
518 532
519 267
520 695
521 515
522 397
523 652
524 537
525 409
526 641
527 593
528 436
529 685
530 360
531 437
532 587
533 381
534 429
535 401
536 554
537 400
538 710
539 532
540 604
541 422
542 576
543 498
544 395
545 581
546 726
547 622
548 649
549 477
550 342
551 352
552 406
553 630
554 362
555 630
556 493
557 490
558 384
559 500
560 330
561 588
562 542
563 586
564 464
565 529
566 267
567 240
568 634
569 311
570 294
571 453
572 568
573 587
574 552
575 659
576 525
577 508
578 105
579 431
580 290
581 594
582 452
583 361
584 462
585 519
586 492
587 646
588 679
589 432
590 569
591 331
592 460
593 535
594 641
595 530
596 520
597 667
598 446
599 593
600 491
601 584
602 475
603 576
604 544
605 549
606 644
607 470
608 481
609 719
610 532
611 343
612 390
613 633
614 482
615 572
616 499
617 587
618 445
619 426
620 469
621 506
622 514
623 599
624 475
625 540
626 571
627 413
628 451
629 691
630 366
631 609
632 435
633 631
634 387
635 624
636 600
637 580
638 450
639 401
640 543
641 307
642 508
643 507
644 473
645 372
646 305
647 543
648 666
649 413
650 391
651 461
652 370
653 434
654 556
655 714
656 359
657 449
658 778
659 550
660 419
661 345
662 484
663 721
664 486
665 637
666 388
667 538
668 466
669 701
670 371
671 353
672 651
673 536
674 698
675 446
676 415
677 610
678 381
679 228
680 347
681 575
682 589
683 461
684 427
685 529
686 342
687 335
688 525
689 517
690 446
691 393
692 548
693 586
694 464
695 499
696 592
697 381
698 475
699 556
700 365
701 515
702 576
703 531
704 509
705 399
706 184
707 555
708 595
709 358
710 395
711 468
712 566
713 741
714 661
715 534
716 398
717 560
718 456
719 607
720 520
721 400
722 373
723 567
724 284
725 485
726 509
727 715
728 468
729 535
730 405
731 658
732 518
733 540
734 633
735 400
736 281
737 656
738 631
739 379
740 658
741 545
742 567
743 446
744 542
745 491
746 402
747 514
748 423
749 458
750 443

<precedence relations>
1,95
1,107
2,7
2,8
2,9
2,10
2,11
2,12
3,7
3,8
3,9
3,10
3,11
3,12
4,7
4,8
4,9
4,10
4,11
4,12
5,8
6,7
6,8
6,9
7,13
7,14
7,15
7,16
7,17
7,18
7,21
7,22
8,13
8,14
8,15
8,16
8,19
8,21
9,13
9,16
9,20
10,13
10,14
10,15
10,17
10,18
11,13
12,162
13,23
13,24
13,25
13,43
14,23
14,24
14,25
14,43
15,23
15,24
15,25
15,26
15,27
15,28
16,23
16,24
16,25
16,26
16,28
17,23
17,24
17,25
17,26
17,27
18,23
18,24
18,25
18,26
18,27
18,28
19,31
19,42
19,43
20,23
20,24
20,25
20,26
21,23
21,24
21,25
21,26
21,27
21,28
22,23
22,24
23,39
24,29
24,30
24,31
24,32
25,29
25,30
26,29
26,30
26,31
26,33
26,35
27,31
27,34
27,43
28,29
28,30
28,31
28,32
29,36
29,37
29,38
30,41
31,36
31,37
31,38
31,40
32,36
32,37
32,38
33,36
33,37
33,38
33,39
33,43
34,453
35,36
35,37
35,42
35,43
36,44
36,45
36,46
36,47
36,48
36,49
36,50
37,44
37,56
38,47
38,49
38,58
39,44
39,45
39,57
40,127
41,45
41,61
42,48
42,50
42,58
42,63
43,44
43,46
44,51
44,52
44,54
44,55
44,58
45,53
45,56
45,62
45,64
46,51
46,52
46,53
46,58
47,63
47,67
48,51
49,51
49,52
49,53
49,54
50,51
50,57
51,59
51,60
51,61
51,62
51,64
52,59
52,67
53,59
53,63
54,59
54,60
54,61
54,62
54,63
55,59
55,60
55,61
55,64
56,60
57,59
57,60
57,61
57,62
57,64
58,59
58,60
58,61
58,62
58,64
59,65
59,68
60,67
60,74
61,65
61,66
61,67
61,68
62,65
62,66
62,67
62,68
63,65
63,66
63,68
64,65
64,66
64,68
65,69
65,70
65,71
65,72
65,73
65,74
66,73
67,69
67,70
67,71
67,72
68,69
68,70
68,71
68,72
68,73
68,74
69,75
69,79
70,75
70,76
70,77
70,82
71,75
71,76
71,77
71,80
71,82
72,75
72,76
72,77
72,78
72,79
72,80
72,81
72,82
73,75
73,76
73,77
73,78
73,79
73,82
74,75
74,76
75,91
75,94
76,83
76,84
76,85
76,86
76,87
76,88
76,89
76,90
76,91
77,96
78,83
79,83
79,84
79,89
80,83
80,84
80,85
80,88
81,83
81,84
81,85
81,86
81,87
81,90
82,83
82,84
82,85
82,86
83,93
83,98
84,261
85,92
85,97
85,98
85,99
85,100
86,92
86,93
86,94
86,95
86,96
86,99
86,100
87,92
87,93
87,94
87,95
87,99
87,100
88,95
88,107
89,92
90,92
90,93
91,92
91,96
91,100
92,101
92,102
92,103
92,104
92,105
92,106
93,101
93,102
93,103
93,104
94,321
94,334
94,359
95,101
95,102
95,103
95,106
96,101
96,102
96,106
96,107
97,101
97,102
97,103
97,104
97,105
97,106
97,107
98,101
98,102
98,106
98,107
99,101
99,102
99,107
100,101
100,102
100,104
100,107
101,108
101,111
102,108
102,109
102,110
102,111
102,112
103,108
103,109
103,110
103,111
103,112
104,108
104,109
104,112
105,128
106,108
106,109
106,110
106,111
106,112
107,108
107,109
107,110
108,116
108,117
109,114
109,115
109,118
109,124
110,113
110,114
110,115
110,124
111,113
111,114
111,118
112,113
113,119
113,120
113,121
113,122
113,123
114,119
114,120
114,121
114,122
114,123
115,119
115,121
116,129
116,138
117,119
117,120
117,124
118,259
118,360
118,408
119,125
119,126
120,125
120,126
120,127
120,128
120,129
120,130
121,125
121,132
122,125
122,126
122,129
122,131
122,139
123,125
123,128
124,125
124,126
124,127
125,133
125,134
125,137
125,138
126,133
126,134
126,135
126,136
127,133
127,134
128,133
128,136
129,133
129,134
130,133
130,134
130,135
130,136
130,137
130,138
130,139
131,173
132,133
132,134
132,135
133,140
134,140
134,141
134,142
134,143
135,140
135,141
135,142
135,143
136,140
136,141
136,142
136,143
137,140
137,153
138,225
138,234
139,140
139,141
140,148
140,149
141,144
141,145
142,144
142,146
142,147
143,235
144,374
144,377
145,150
145,151
146,151
146,152
146,153
147,150
147,151
147,152
147,153
148,150
148,151
149,150
150,154
150,155
150,156
151,157
151,158
152,154
152,155
152,156
153,154
153,155
153,156
153,157
153,158
154,159
154,160
154,161
155,159
155,160
156,159
156,160
156,161
157,159
157,160
157,161
158,159
159,162
159,163
159,164
159,165
159,166
159,167
160,162
160,163
160,164
160,165
160,166
160,167
161,163
161,165
162,168
162,178
163,168
163,169
163,170
163,171
164,168
164,169
165,168
165,169
165,170
165,171
166,168
166,169
166,170
166,171
167,168
167,169
167,170
167,171
168,172
168,173
168,175
168,179
169,173
169,174
169,177
169,178
169,179
170,172
170,173
170,174
170,178
171,176
172,183
172,209
173,180
173,181
173,182
173,183
174,180
174,181
174,182
174,183
175,180
175,182
176,180
177,180
177,191
177,209
178,180
179,256
179,290
180,210
180,217
181,186
182,184
182,185
182,186
182,187
182,188
182,189
183,189
184,190
184,193
184,197
184,203
185,190
185,191
185,192
186,190
187,194
187,196
187,197
188,190
188,191
188,192
188,193
189,191
189,195
190,200
190,202
191,198
191,210
191,211
192,198
192,199
192,203
193,198
193,199
193,200
193,201
193,202
194,198
195,198
196,198
196,200
197,198
197,199
197,200
197,201
198,204
198,205
198,206
198,207
198,217
199,204
199,205
199,206
199,207
199,208
199,209
199,217
200,205
201,206
201,259
201,262
202,204
202,205
202,209
202,210
202,211
203,204
203,205
203,208
204,212
204,213
204,216
205,212
205,213
205,214
206,327
207,212
207,213
207,215
207,222
208,212
208,213
208,214
208,215
208,216
209,212
209,233
210,212
210,213
210,214
210,215
211,212
211,213
211,217
212,218
212,219
212,220
212,221
213,218
213,219
213,220
213,221
213,225
214,220
214,222
215,218
215,219
215,220
215,223
215,224
215,225
215,226
216,218
216,219
216,220
216,221
216,224
217,258
218,227
218,228
218,238
219,227
219,228
219,229
219,238
220,227
220,234
221,227
221,228
221,238
222,227
222,228
222,229
223,227
223,228
223,229
223,230
224,227
224,228
224,238
225,227
225,228
225,229
226,229
226,282
226,358
227,231
227,232
228,231
228,232
229,341
229,370
230,231
230,232
230,233
230,234
231,235
231,236
231,237
231,239
232,235
232,236
232,237
233,237
234,235
234,238
234,244
235,240
235,243
236,244
237,240
238,240
238,241
238,245
238,248
239,240
239,241
239,242
239,245
240,246
240,250
241,247
241,249
241,264
242,246
242,248
243,248
243,251
243,252
244,246
244,247
244,250
245,246
245,247
245,250
246,251
246,252
246,253
247,251
248,253
249,251
249,252
250,251
251,255
252,256
252,298
253,254
253,255
253,256
254,257
254,258
254,259
254,260
254,261
255,257
255,258
255,259
256,291
256,309
257,263
258,336
259,441
260,321
260,378
261,262
261,263
261,264
262,265
262,266
262,267
262,268
262,269
262,270
263,265
263,266
263,267
263,268
263,269
263,270
264,269
264,270
265,271
265,282
266,271
266,274
267,281
268,271
268,272
268,282
269,271
269,272
269,273
269,274
270,271
270,272
271,275
271,276
271,277
271,278
271,280
271,285
272,275
272,276
272,281
273,275
273,279
274,276
274,278
274,281
274,282
275,401
276,283
277,284
278,283
278,284
279,283
279,284
279,285
280,283
280,284
280,286
281,283
281,284
281,285
282,339
282,360
283,287
283,288
283,289
283,292
284,290
284,299
285,287
285,288
285,289
285,291
285,298
285,299
286,287
286,289
286,291
286,304
287,293
287,294
287,295
287,297
288,493
288,498
289,293
289,294
289,295
289,296
290,293
290,294
290,295
290,304
291,293
292,293
292,294
292,295
292,298
292,299
293,300
294,395
294,408
294,431
295,300
295,301
295,302
296,313
297,300
297,301
297,302
297,303
298,300
298,301
298,304
299,300
300,305
300,306
300,307
300,308
301,305
302,308
302,309
303,306
303,307
303,330
304,305
304,306
304,307
305,310
305,311
305,312
305,313
305,315
306,313
307,311
308,312
308,314
309,315
309,334
310,316
310,320
310,321
310,324
311,316
311,317
311,318
312,318
312,319
313,316
313,322
313,323
313,336
314,316
314,317
315,338
316,326
317,445
318,445
318,446
319,325
320,329
320,330
321,325
322,325
322,328
323,327
324,325
324,326
325,333
326,331
326,332
327,334
328,331
328,332
328,335
329,331
329,332
329,336
330,331
330,332
331,337
331,338
331,339
331,340
332,476
332,495
333,337
333,342
333,379
334,337
334,338
334,339
335,341
335,360
336,337
336,338
336,339
336,340
336,360
337,345
337,366
338,343
338,348
339,343
339,344
339,345
340,346
340,357
341,351
341,352
342,343
342,347
342,349
342,350
343,353
343,354
343,355
344,353
344,357
344,363
345,500
345,582
345,603
345,639
346,380
346,392
346,396
347,353
347,354
347,355
348,597
348,622
348,639
349,360
349,402
349,408
350,353
350,354
350,355
350,358
351,353
351,354
351,356
351,359
351,376
351,378
351,379
352,353
352,354
352,355
353,366
353,368
353,382
354,361
354,362
354,365
355,361
356,361
356,363
357,361
357,364
357,367
358,459
358,474
359,371
360,361
360,382
361,369
362,369
363,374
363,375
364,417
364,490
365,371
365,372
366,369
366,385
367,370
367,371
369,394
370,373
370,376
370,378
370,379
371,373
371,374
371,375
371,377
372,374
372,392
373,380
373,381
373,382
374,380
375,380
375,381
375,383
376,578
377,382
378,394
378,398
378,403
379,380
379,396
380,384
380,385
380,388
380,389
381,384
381,385
381,386
382,387
383,384
383,385
384,390
385,393
385,395
385,416
386,390
387,390
387,392
387,396
388,394
388,397
389,390
389,391
389,398
390,399
390,403
390,422
391,495
391,501
392,400
392,404
393,404
393,417
394,404
394,405
395,402
395,457
396,399
396,400
396,423
396,434
397,399
397,405
398,399
398,400
398,401
399,406
399,411
399,448
400,457
400,528
401,408
402,406
402,459
403,411
403,488
404,406
404,407
404,410
405,409
405,418
406,436
406,442
406,453
407,412
408,428
409,412
409,415
410,414
410,418
411,413
411,416
411,417
412,420
412,421
412,422
413,447
413,469
414,424
415,419
415,420
415,436
416,419
416,462
416,490
417,419
418,419
418,423
419,427
419,466
420,425
420,426
421,425
421,426
421,427
422,427
422,589
422,626
423,429
424,428
424,430
424,436
425,431
425,432
426,431
426,434
427,558
427,595
427,639
428,433
429,431
429,432
429,435
429,436
430,493
431,437
432,576
433,437
433,438
434,437
434,438
435,439
436,570
436,602
437,439
437,440
437,441
437,442
437,444
437,445
438,439
438,440
438,443
438,446
438,453
439,447
439,448
440,449
441,447
441,448
441,450
442,447
443,447
444,448
445,447
445,448
446,447
447,452
447,456
447,494
448,451
448,455
448,457
449,451
449,452
450,451
450,453
450,454
451,458
451,459
451,471
451,474
452,458
452,492
453,460
453,461
454,480
455,458
455,462
455,546
455,638
455,685
456,458
456,559
456,569
456,603
457,458
457,563
457,592
458,683
459,462
459,463
460,462
460,463
460,465
461,462
461,463
461,464
461,466
462,633
463,469
463,470
463,476
464,467
465,467
465,470
465,471
465,477
466,467
466,468
467,474
467,476
468,472
469,472
469,477
470,473
470,475
471,472
471,473
472,478
472,479
472,480
472,482
472,495
473,478
473,479
473,481
473,482
473,484
473,487
474,478
475,605
476,478
477,626
477,666
478,483
478,485
478,486
478,489
479,710
479,749
480,484
480,487
480,547
480,548
481,488
481,490
481,513
482,618
482,660
483,493
483,514
484,532
485,492
485,496
485,498
486,491
486,504
487,491
487,618
488,491
488,495
489,491
489,494
489,497
490,531
491,500
491,506
492,502
493,499
494,716
494,737
495,524
496,499
496,501
497,499
497,544
498,499
499,504
499,507
500,681
500,684
501,503
501,505
501,506
501,544
502,508
503,509
504,509
504,511
505,548
505,591
506,612
506,622
507,510
507,512
507,530
508,509
508,510
508,513
509,517
509,519
509,531
510,518
511,569
512,520
512,521
512,561
513,514
513,515
513,516
514,524
515,607
515,612
516,522
516,529
517,526
518,522
518,525
518,566
519,522
519,523
520,525
521,566
522,573
523,526
523,532
524,526
524,528
524,529
524,530
525,526
525,527
525,531
525,568
526,535
526,537
527,535
528,533
528,534
529,539
530,534
531,540
531,551
532,536
532,537
532,538
533,541
534,541
535,543
535,545
535,546
535,547
535,548
535,563
536,541
536,549
537,542
537,575
538,658
539,544
540,731
541,552
541,553
543,605
544,550
545,551
545,635
546,598
546,711
548,554
549,550
549,551
549,591
550,555
550,559
551,556
551,629
552,557
552,558
552,586
553,555
554,555
555,560
555,562
555,564
555,567
556,565
556,578
556,616
557,563
557,566
557,574
558,561
558,625
558,641
558,655
559,560
560,572
560,576
561,568
562,570
562,571
562,574
562,577
563,569
563,573
564,572
564,731
566,651
567,575
568,591
569,601
569,655
569,666
569,730
570,701
570,717
571,665
573,580
573,583
573,636
573,660
574,579
574,582
575,578
575,581
576,578
576,579
577,584
578,589
578,590
578,604
579,585
579,588
580,691
581,586
582,649
582,729
583,591
583,610
583,647
584,587
584,607
586,595
586,596
586,610
586,612
587,594
588,593
588,597
588,609
589,720
590,592
591,597
591,629
593,598
593,599
593,660
594,600
595,601
595,602
596,675
596,705
596,707
596,711
597,659
597,697
598,607
599,604
599,605
600,606
600,609
601,608
601,616
601,710
602,603
603,614
604,612
605,629
606,610
606,611
606,615
607,617
607,664
609,613
610,616
610,619
611,620
612,636
613,617
613,618
613,622
614,621
615,660
617,717
618,625
618,626
618,632
620,624
621,623
622,623
622,624
623,627
623,628
623,629
623,632
624,627
624,630
624,634
625,627
626,631
627,636
627,638
628,634
628,635
629,642
630,633
630,637
630,674
631,639
631,705
632,640
632,641
632,686
632,697
632,730
633,678
633,679
633,680
634,644
634,710
635,669
635,733
636,643
637,642
637,708
638,672
642,646
642,727
643,646
643,647
643,648
644,645
644,649
644,650
644,651
644,656
645,654
645,655
645,683
646,715
647,658
647,741
648,653
648,656
650,727
651,652
652,706
653,659
653,662
654,657
654,731
655,658
655,660
656,661
658,665
658,667
659,664
659,666
659,668
659,669
660,715
661,663
663,671
664,676
664,677
666,673
666,674
667,670
667,675
667,739
668,672
670,708
670,750
671,681
672,680
672,682
673,678
674,722
674,734
676,679
676,720
677,738
678,690
679,688
679,718
680,684
680,686
680,687
681,685
681,689
681,694
682,683
685,693
685,697
685,703
685,726
686,692
686,743
687,695
688,698
688,724
688,738
689,691
689,699
690,694
690,696
691,702
691,723
693,721
694,704
694,719
695,701
695,705
696,704
697,722
698,701
699,700
699,703
700,711
701,708
701,725
702,707
702,709
705,706
705,710
706,714
706,718
707,717
707,732
708,726
709,714
709,716
710,712
710,715
711,713
713,720
714,747
715,742
717,733
718,719
719,722
719,723
719,724
719,727
719,728
720,721
720,725
720,726
720,741
722,731
722,733
723,729
724,734
724,747
725,730
725,733
726,743
727,732
727,738
729,738
729,739
730,736
731,737
732,735
732,740
735,747
735,749
737,742
737,750
738,741
738,743
738,744
738,746
739,745
740,748

<end>
