<number of tasks>
750

<cycle time>
1000

<order strength>
0.895


<task times>
1 214
2 59
3 67
4 44
5 206
6 34
7 208
8 59
9 238
10 40
11 56
12 132
13 129
14 107
15 166
16 118
17 149
18 113
19 34
20 145
21 88
22 115
23 240
24 102
25 65
26 184
27 179
28 150
29 314
30 82
31 50
32 232
33 96
34 65
35 185
36 106
37 302
38 119
39 105
40 120
41 32
42 122
43 195
44 326
45 145
46 155
47 157
48 77
49 64
50 112
51 270
52 119
53 130
54 122
55 93
56 71
57 297
58 103
59 161
60 90
61 169
62 144
63 195
64 59
65 68
66 238
67 98
68 100
69 145
70 221
71 121
72 164
73 103
74 181
75 282
76 73
77 48
78 35
79 141
80 137
81 95
82 110
83 96
84 228
85 55
86 191
87 23
88 87
89 45
90 93
91 102
92 114
93 101
94 163
95 119
96 34
97 54
98 248
99 40
100 75
101 143
102 96
103 290
104 75
105 129
106 253
107 43
108 156
109 20
110 173
111 93
112 101
113 38
114 99
115 223
116 68
117 27
118 109
119 125
120 72
121 90
122 170
123 179
124 250
125 158
126 63
127 180
128 245
129 56
130 202
131 196
132 131
133 97
134 245
135 72
136 94
137 47
138 86
139 214
140 220
141 20
142 282
143 32
144 226
145 115
146 182
147 192
148 50
149 75
150 35
151 87
152 125
153 231
154 215
155 230
156 141
157 171
158 118
159 33
160 69
161 167
162 157
163 101
164 325
165 69
166 333
167 220
168 101
169 186
170 154
171 177
172 46
173 52
174 83
175 245
176 161
177 54
178 158
179 28
180 125
181 201
182 23
183 104
184 213
185 244
186 64
187 80
188 254
189 58
190 147
191 109
192 38
193 72
194 29
195 72
196 160
197 251
198 209
199 162
200 155
201 28
202 187
203 158
204 68
205 263
206 56
207 155
208 35
209 283
210 384
211 139
212 87
213 145
214 107
215 146
216 164
217 211
218 120
219 302
220 20
221 58
222 65
223 108
224 176
225 211
226 147
227 56
228 84
229 286
230 235
231 224
232 45
233 180
234 100
235 159
236 132
237 263
238 68
239 87
240 124
241 100
242 148
243 54
244 290
245 120
246 158
247 61
248 205
249 281
250 136
251 191
252 41
253 184
254 171
255 248
256 122
257 54
258 142
259 111
260 66
261 71
262 145
263 215
264 174
265 151
266 288
267 100
268 123
269 227
270 27
271 110
272 159
273 268
274 207
275 74
276 110
277 97
278 111
279 167
280 78
281 56
282 101
283 231
284 120
285 158
286 77
287 58
288 342
289 188
290 199
291 173
292 131
293 73
294 91
295 146
296 214
297 21
298 148
299 58
300 366
301 68
302 133
303 153
304 122
305 97
306 112
307 24
308 256
309 182
310 223
311 217
312 163
313 331
314 33
315 83
316 130
317 70
318 87
319 25
320 176
321 146
322 252
323 73
324 155
325 84
326 174
327 151
328 35
329 152
330 201
331 229
332 128
333 146
334 101
335 219
336 266
337 229
338 115
339 184
340 232
341 144
342 49
343 134
344 251
345 96
346 119
347 79
348 30
349 151
350 55
351 284
352 111
353 192
354 72
355 145
356 97
357 87
358 258
359 139
360 137
361 116
362 218
363 119
364 97
365 230
366 116
367 107
368 54
369 92
370 174
371 140
372 254
373 167
374 296
375 91
376 71
377 168
378 99
379 430
380 287
381 187
382 119
383 223
384 329
385 216
386 59
387 89
388 22
389 175
390 253
391 48
392 190
393 100
394 171
395 247
396 89
397 36
398 46
399 166
400 77
401 23
402 242
403 130
404 67
405 113
406 34
407 205
408 105
409 260
410 105
411 217
412 83
413 134
414 75
415 187
416 358
417 109
418 140
419 49
420 100
421 207
422 49
423 26
424 201
425 125
426 243
427 70
428 26
429 225
430 226
431 85
432 104
433 38
434 83
435 198
436 129
437 48
438 167
439 186
440 141
441 112
442 273
443 227
444 294
445 262
446 135
447 152
448 170
449 145
450 123
451 143
452 47
453 56
454 285
455 138
456 214
457 179
458 127
459 146
460 239
461 124
462 329
463 32
464 74
465 90
466 180
467 217
468 133
469 31
470 95
471 181
472 53
473 30
474 145
475 189
476 220
477 52
478 90
479 51
480 184
481 141
482 187
483 212
484 114
485 95
486 190
487 43
488 66
489 93
490 147
491 57
492 184
493 144
494 53
495 235
496 106
497 42
498 26
499 168
500 97
501 182
502 200
503 126
504 235
505 91
506 254
507 68
508 41
509 216
510 202
511 367
512 148
513 88
514 102
515 196
516 152
517 104
518 93
519 174
520 28
521 174
522 85
523 99
524 192
525 45
526 136
527 50
528 142
529 73
530 150
531 93
532 81
533 115
534 63
535 253
536 227
537 175
538 247
539 297
540 50
541 248
542 96
543 331
544 108
545 229
546 219
547 130
548 118
549 152
550 179
551 259
552 22
553 176
554 168
555 123
556 57
557 48
558 110
559 143
560 72
561 136
562 178
563 129
564 283
565 38
566 22
567 157
568 259
569 216
570 126
571 239
572 224
573 179
574 118
575 48
576 99
577 362
578 167
579 104
580 182
581 22
582 69
583 87
584 22
585 114
586 24
587 161
588 24
589 48
590 138
591 24
592 41
593 272
594 234
595 100
596 214
597 54
598 145
599 22
600 198
601 84
602 37
603 129
604 195
605 76
606 174
607 215
608 124
609 216
610 200
611 342
612 24
613 115
614 167
615 205
616 278
617 83
618 21
619 101
620 94
621 43
622 186
623 129
624 151
625 68
626 511
627 148
628 153
629 239
630 235
631 92
632 21
633 214
634 212
635 111
636 69
637 108
638 97
639 32
640 182
641 101
642 155
643 158
644 190
645 59
646 99
647 142
648 121
649 265
650 248
651 25
652 117
653 318
654 123
655 309
656 215
657 121
658 29
659 169
660 144
661 185
662 70
663 116
664 115
665 171
666 162
667 92
668 357
669 82
670 42
671 219
672 106
673 51
674 309
675 68
676 136
677 222
678 95
679 212
680 71
681 43
682 132
683 187
684 173
685 203
686 145
687 263
688 187
689 48
690 39
691 262
692 110
693 228
694 108
695 82
696 65
697 78
698 133
699 151
700 144
701 187
702 109
703 161
704 109
705 62
706 155
707 106
708 53
709 52
710 259
711 215
712 117
713 191
714 126
715 97
716 169
717 182
718 61
719 111
720 31
721 201
722 177
723 274
724 175
725 89
726 81
727 136
728 82
729 201
730 240
731 41
732 75
733 141
734 98
735 95
736 30
737 67
738 158
739 212
740 177
741 246
742 53
743 156
744 129
745 213
746 63
747 167
748 240
749 218
750 122

<precedence relations>
1,5
1,8
1,10
1,13
2,8
2,80
2,84
2,87
3,5
3,6
3,11
3,12
4,5
4,6
4,7
4,8
4,9
4,10
4,13
5,14
5,15
5,20
6,14
6,15
6,16
6,18
6,19
6,20
7,16
7,17
7,18
7,19
7,20
8,212
8,364
9,14
9,17
9,19
9,20
10,14
10,15
10,16
10,17
10,18
11,14
11,15
12,14
12,15
13,14
13,15
13,18
14,44
15,21
15,22
15,23
16,82
16,85
16,86
16,87
16,88
17,21
17,22
17,23
18,21
18,22
18,23
19,21
19,22
19,23
20,21
20,22
20,23
21,24
21,25
21,26
21,27
21,28
21,29
22,24
22,25
22,26
22,27
22,28
22,29
23,24
23,25
23,26
23,27
23,28
23,29
24,30
24,31
24,32
24,33
24,34
24,35
24,36
25,30
25,31
25,32
25,33
25,34
25,35
25,36
25,37
26,30
26,31
26,32
26,33
26,34
26,35
27,30
27,31
27,35
28,139
28,145
29,30
29,34
29,36
29,37
30,38
30,39
30,40
30,41
30,44
30,54
31,38
31,39
31,40
32,38
32,39
32,40
32,54
33,38
33,39
33,40
33,41
33,42
33,54
34,38
34,42
34,43
34,44
34,45
34,46
35,38
35,39
35,41
36,118
36,123
36,130
37,38
38,47
38,48
38,49
38,50
38,51
38,52
38,53
39,129
40,47
40,55
40,69
41,47
41,48
42,47
42,48
42,49
42,50
42,63
43,47
43,48
43,49
43,53
43,54
43,55
44,47
45,47
45,48
45,49
45,50
45,63
46,47
46,48
46,49
46,50
47,56
47,57
47,58
47,59
47,64
47,71
48,56
48,57
48,58
48,59
48,60
48,61
48,62
48,64
49,56
49,61
50,167
51,60
52,56
52,57
52,71
53,56
53,57
53,58
53,59
53,62
53,63
54,56
54,57
54,58
55,56
55,57
55,58
55,59
56,65
56,70
56,75
57,65
57,66
57,74
57,75
58,65
58,66
58,74
58,75
59,65
59,66
59,75
60,65
60,66
60,75
61,65
61,66
61,67
61,68
61,69
61,70
61,71
62,65
62,66
62,75
63,65
63,66
63,67
64,65
64,66
64,67
65,72
65,80
66,72
66,80
67,72
67,73
67,74
67,75
68,72
68,74
68,75
69,72
69,73
69,74
69,75
70,72
70,73
70,74
71,95
72,76
72,77
72,78
72,79
72,81
72,82
73,76
73,77
73,78
73,79
74,76
74,80
75,76
75,81
75,82
76,83
76,84
76,85
76,86
76,87
76,88
77,83
77,84
77,85
77,86
77,87
77,88
78,83
78,84
78,85
78,86
78,87
78,88
79,83
79,84
79,85
79,86
79,87
79,88
80,83
80,88
81,83
81,84
81,85
81,86
81,88
82,83
82,84
83,89
83,90
83,91
83,92
84,89
84,90
84,91
84,92
85,89
85,90
85,91
85,92
86,89
86,90
86,91
87,89
87,90
87,98
88,89
88,90
88,92
88,98
89,93
89,94
89,95
89,96
90,97
91,93
91,96
91,98
92,93
92,94
92,95
92,96
93,99
93,100
93,105
94,99
94,100
94,101
94,102
95,153
96,99
96,100
96,103
96,104
97,99
97,100
97,101
97,102
97,103
97,104
97,105
98,117
99,106
99,107
99,108
99,109
99,110
100,106
100,107
100,108
100,109
101,106
101,107
101,108
101,109
101,110
102,106
102,107
102,108
102,109
102,110
103,106
103,107
103,108
103,109
103,110
104,106
104,107
104,108
104,109
104,110
105,106
105,107
105,108
105,109
105,110
106,111
106,112
106,113
107,111
107,112
107,113
108,111
108,112
108,113
109,111
109,112
109,113
110,111
110,112
110,113
111,114
111,115
111,116
111,117
111,118
111,119
112,117
112,118
112,119
113,114
113,115
113,116
113,117
114,184
114,200
115,120
115,121
115,122
115,123
116,144
116,156
117,120
117,121
117,122
117,123
117,124
118,120
118,124
119,120
119,121
119,122
120,125
120,126
120,127
120,128
120,129
121,125
121,126
121,127
121,129
121,130
122,125
122,126
122,127
122,128
123,128
124,125
124,126
124,127
125,131
125,132
126,131
126,132
126,133
126,134
126,135
126,136
126,137
127,276
128,177
128,181
128,182
129,131
129,132
129,133
129,134
129,135
129,136
129,137
130,131
130,132
130,133
130,134
130,135
130,136
130,137
131,138
131,139
131,140
131,141
131,142
132,138
132,139
132,140
132,141
132,142
133,138
133,139
134,138
134,142
135,138
135,141
135,142
136,138
136,139
136,140
137,140
137,142
137,148
138,143
138,144
138,145
138,146
138,147
138,148
138,149
139,143
139,144
139,156
140,143
140,144
140,145
140,147
140,149
141,143
141,144
141,145
141,146
141,147
141,148
141,149
142,143
142,144
142,146
142,149
143,150
143,151
143,152
143,153
143,154
144,150
144,151
144,152
144,153
144,154
144,155
145,150
145,151
145,152
145,153
145,154
146,150
146,151
146,155
146,156
147,150
148,150
148,151
148,152
148,153
148,154
149,150
149,151
149,153
149,154
149,155
149,156
150,157
150,158
150,159
150,160
150,161
150,162
150,163
151,157
151,158
151,159
151,160
152,157
152,159
152,163
153,157
153,158
153,159
153,161
154,157
154,158
154,161
154,162
154,163
155,157
155,161
155,162
155,163
156,157
156,158
156,159
156,162
156,163
157,164
157,165
157,166
157,167
157,168
157,169
157,170
158,222
159,164
159,165
159,167
160,164
160,166
160,168
160,169
161,164
161,165
161,166
161,167
162,164
162,167
162,168
162,169
162,170
163,164
163,165
163,167
164,171
164,172
164,173
164,174
165,171
165,172
165,174
165,175
166,171
166,172
167,171
167,172
167,173
167,174
167,175
168,171
168,172
169,175
170,173
170,182
171,181
171,187
172,176
172,177
172,178
172,182
173,176
173,177
173,178
173,179
173,180
174,176
174,182
175,176
175,177
176,183
176,184
176,185
176,187
177,183
177,184
177,185
177,186
177,187
178,183
178,184
178,185
178,186
179,183
180,186
180,199
181,183
181,184
181,185
181,186
182,183
182,184
182,185
182,187
183,188
183,189
183,190
183,191
184,188
184,189
184,190
184,191
184,192
184,194
185,188
185,190
185,193
185,202
186,188
186,189
186,190
186,191
187,192
188,197
188,207
189,195
189,196
189,198
189,202
190,467
191,195
191,201
191,202
191,206
191,207
192,195
192,196
192,197
192,199
192,202
193,195
193,196
193,197
193,198
193,200
194,195
194,207
195,203
195,204
195,208
196,203
196,204
196,205
196,206
196,207
197,203
197,208
198,203
198,204
198,206
198,208
199,205
199,207
199,208
200,203
200,204
200,207
200,208
201,203
201,204
201,205
201,208
202,203
202,208
203,209
203,210
203,211
203,212
204,209
204,227
205,209
205,210
206,209
206,210
207,209
207,211
207,212
208,294
208,320
209,213
210,213
210,214
210,215
210,216
210,217
211,213
211,214
211,215
211,216
211,217
212,428
213,219
213,222
214,218
214,219
214,220
214,221
214,222
214,223
215,218
215,219
215,220
215,221
215,222
215,223
216,218
216,219
216,220
216,221
216,222
216,223
217,218
217,219
217,220
218,224
218,226
218,229
219,228
219,229
220,224
220,225
220,226
220,227
220,228
220,229
221,224
221,225
221,226
221,227
221,228
221,229
222,224
222,225
223,224
223,225
224,230
224,231
224,234
224,235
225,230
225,231
225,232
225,233
225,234
225,235
226,230
226,231
226,239
227,230
227,231
227,232
227,241
228,230
228,231
228,232
228,233
228,234
228,235
229,230
229,233
230,236
231,236
231,237
231,238
232,236
232,237
232,238
232,240
233,236
233,237
233,238
233,239
233,240
233,241
234,236
234,238
234,239
234,240
234,241
235,236
235,237
235,238
235,246
236,242
236,243
236,244
236,245
237,242
237,243
237,244
237,245
238,244
239,242
239,243
239,244
239,260
240,242
241,242
241,243
241,244
241,245
241,246
242,247
242,248
242,250
242,252
242,256
243,251
243,265
244,247
244,248
244,249
244,255
245,253
245,254
246,247
247,258
247,261
248,257
248,258
249,257
249,283
250,257
250,259
251,257
251,283
252,403
253,257
253,260
253,276
253,283
254,257
254,258
254,260
255,257
255,258
257,273
257,280
257,284
258,262
258,263
258,264
258,268
259,262
259,263
259,264
259,265
259,267
260,264
260,265
261,266
262,269
262,270
262,271
262,272
263,269
263,270
263,274
264,472
264,477
264,485
265,271
265,275
266,269
266,270
266,271
266,272
267,269
267,272
267,273
267,276
268,335
269,277
269,284
269,299
269,302
270,277
270,298
270,308
271,337
271,412
272,277
272,278
272,279
272,283
273,277
273,278
273,279
273,282
274,278
274,281
274,291
275,277
275,278
275,279
275,280
275,281
275,284
276,280
276,289
277,285
277,290
277,291
278,285
278,288
278,289
278,297
279,285
279,286
280,285
280,331
281,285
281,286
281,287
281,288
282,286
282,287
283,380
283,381
284,285
284,286
285,292
285,342
286,292
286,293
286,295
286,297
287,292
287,339
288,292
288,296
288,302
288,303
289,292
289,293
289,294
289,295
289,298
289,299
289,303
290,292
290,293
290,313
291,292
291,342
292,304
292,347
293,319
294,302
295,300
295,301
295,304
295,309
296,298
296,299
296,300
296,301
297,298
297,303
298,309
299,305
299,306
299,307
300,305
300,306
300,307
300,313
301,305
301,306
301,307
301,308
302,305
303,305
303,306
303,307
304,330
304,337
304,350
305,312
306,580
307,311
307,314
307,319
308,310
308,311
308,312
308,313
308,314
309,310
309,311
309,312
309,313
309,314
310,315
310,317
310,318
310,319
310,320
310,321
311,315
311,316
311,318
311,320
311,321
312,315
312,316
312,317
312,318
312,321
313,316
314,315
314,332
315,322
315,323
316,380
316,381
317,322
317,323
318,324
319,322
319,323
319,332
320,322
320,323
320,324
320,325
320,326
321,322
321,323
321,324
321,325
321,326
322,327
322,328
322,331
322,333
323,327
323,328
324,327
324,328
324,329
324,332
324,343
325,327
325,333
326,327
326,329
326,330
327,334
327,335
327,337
327,338
328,399
329,549
330,343
331,334
331,335
331,336
331,339
332,334
332,335
333,334
333,335
334,341
335,340
335,341
335,350
336,554
336,573
337,423
337,431
338,340
338,342
339,340
339,341
339,342
339,343
340,344
340,345
340,346
341,386
341,402
342,344
342,347
342,362
343,344
343,345
343,346
344,349
344,369
345,348
345,349
345,351
345,352
346,423
347,350
348,353
348,354
348,355
348,356
348,357
349,353
349,354
350,353
350,354
350,357
351,353
351,367
352,355
353,358
353,360
354,363
354,371
354,377
355,358
355,359
356,358
356,362
356,372
357,358
357,359
357,360
357,361
357,371
358,364
358,368
358,370
359,514
359,548
360,364
361,365
361,369
362,364
362,366
362,371
363,364
363,365
363,366
363,367
364,375
365,372
365,373
365,374
365,375
365,376
366,373
366,376
366,405
367,440
367,515
368,449
369,476
369,499
370,377
371,374
371,402
371,403
372,378
372,379
373,378
373,380
374,378
374,406
375,381
376,559
376,649
376,703
377,379
378,394
379,383
379,386
379,396
380,449
380,472
380,473
381,382
381,383
381,384
381,385
381,386
382,387
382,485
383,387
383,432
383,472
384,387
384,389
384,390
385,387
385,388
385,389
385,390
386,391
387,514
388,404
389,392
389,396
389,418
390,729
391,392
391,393
391,394
391,395
392,398
392,400
392,401
392,423
393,397
393,418
393,423
394,442
394,482
395,397
395,399
395,403
396,402
396,422
397,404
397,406
397,407
397,426
398,404
398,409
399,404
399,405
399,434
400,550
400,600
401,409
402,404
402,408
402,421
402,430
403,404
403,405
403,406
403,407
403,408
404,415
405,410
405,417
405,418
406,411
406,412
407,416
408,410
408,412
408,413
409,414
410,589
411,422
412,419
412,420
413,423
414,419
414,420
414,421
414,422
415,419
415,420
415,440
416,419
416,420
416,421
416,422
417,419
418,420
418,524
419,424
419,425
419,428
419,431
420,518
421,425
421,427
421,429
422,424
422,430
422,440
423,424
423,426
423,437
424,435
424,436
425,502
425,540
426,432
426,433
426,434
426,435
426,460
427,432
427,433
427,434
427,454
427,464
428,432
429,433
429,461
430,438
430,459
431,432
431,433
431,437
432,438
433,497
434,438
434,440
435,439
436,441
437,438
437,469
437,473
438,442
439,442
439,445
440,472
440,607
441,443
441,444
441,472
442,453
443,446
443,447
443,448
443,452
443,473
444,446
444,449
445,447
445,448
445,450
445,451
446,455
447,459
447,466
447,514
448,454
448,469
448,482
449,454
449,455
449,482
450,456
450,466
451,455
451,458
452,454
452,460
453,457
454,461
454,465
455,469
455,481
456,461
456,462
456,464
457,461
457,466
458,461
459,485
460,461
460,462
460,463
461,467
461,468
461,470
461,471
461,474
462,467
462,469
463,467
464,472
464,473
464,519
465,544
466,543
467,475
467,476
467,477
467,481
468,476
468,480
469,475
469,476
469,477
470,475
470,479
470,492
471,475
471,478
472,479
472,482
472,557
473,475
474,657
475,484
475,486
475,488
476,487
477,483
477,522
477,599
478,485
479,711
480,708
481,483
481,600
481,649
482,495
483,493
483,628
484,489
484,563
485,488
485,490
485,491
486,695
487,492
488,496
489,501
490,499
490,500
491,494
492,494
492,495
492,497
492,500
493,498
493,705
494,504
494,505
494,512
495,578
496,502
496,503
497,508
498,715
499,526
500,502
500,557
500,560
501,506
501,507
501,552
502,625
502,626
503,510
503,512
503,515
504,690
505,511
505,513
506,509
506,510
506,555
507,514
508,509
509,557
509,656
510,688
510,689
510,698
511,517
511,519
511,528
512,516
512,518
513,582
514,516
515,566
516,522
516,523
516,524
516,560
517,539
518,520
518,521
518,522
518,523
518,525
519,647
519,648
519,677
520,527
520,528
520,529
521,526
521,530
522,650
523,657
523,683
524,527
524,531
524,582
524,583
525,538
525,597
526,533
526,538
526,571
527,532
528,536
528,560
529,532
529,533
529,535
529,539
530,534
530,537
531,532
531,537
531,567
532,581
533,622
533,640
533,655
533,679
534,540
534,542
535,540
535,543
536,540
536,541
536,562
537,566
539,541
540,547
540,550
541,544
541,545
541,549
542,571
542,624
543,546
543,548
543,567
544,555
544,559
544,657
545,551
545,559
546,552
546,553
546,556
546,558
546,560
547,566
548,558
548,568
549,551
549,552
549,557
549,558
550,554
550,592
550,613
551,561
551,564
551,566
552,674
553,562
555,567
555,648
555,683
555,687
556,565
556,670
557,568
558,563
558,565
558,572
559,736
560,568
561,592
561,595
562,569
562,570
562,582
563,569
563,570
563,571
566,569
566,572
567,729
568,626
568,658
568,675
569,573
569,574
569,576
570,577
570,578
570,581
570,619
571,573
571,575
572,573
573,584
573,586
574,637
575,579
575,581
575,582
576,579
576,580
576,585
578,580
578,583
578,600
580,595
581,588
582,645
583,601
584,605
584,640
584,681
585,589
585,619
586,587
586,588
587,590
587,591
587,593
587,594
588,592
588,596
588,606
589,595
589,597
589,598
589,620
590,599
590,600
590,605
591,601
591,610
591,690
591,691
592,604
592,730
593,606
593,627
594,614
595,603
596,599
596,602
596,637
597,607
598,599
598,681
599,611
599,613
599,655
599,688
600,614
601,631
602,691
603,609
603,610
603,612
604,664
605,608
607,644
608,619
608,638
609,623
610,621
610,701
611,737
612,616
612,617
612,618
612,622
613,615
614,615
614,620
615,626
616,624
616,657
617,624
617,627
618,640
618,668
618,670
621,625
622,664
623,627
623,661
624,629
624,631
625,630
625,632
625,649
626,628
627,730
628,633
629,634
630,644
631,641
632,749
633,635
633,639
633,640
634,636
634,637
634,638
634,654
635,645
636,642
636,662
637,641
637,643
637,646
637,651
638,669
639,644
639,674
640,719
641,647
641,684
642,651
643,648
643,650
644,647
644,652
645,653
646,649
647,682
647,689
648,689
649,667
649,723
650,666
650,668
651,655
651,656
652,657
652,672
652,686
653,654
654,660
654,662
654,665
655,739
656,658
656,659
656,661
656,663
656,664
660,668
661,667
662,669
663,669
664,666
664,670
665,682
666,677
667,675
668,672
668,673
669,671
669,674
669,676
670,678
671,682
672,684
672,733
673,694
674,679
674,683
675,749
676,680
677,681
677,720
679,731
679,742
680,685
680,689
681,688
682,686
683,690
683,691
684,687
685,697
685,714
686,695
686,698
687,693
687,696
688,694
689,697
689,714
691,692
691,697
692,699
692,700
692,749
693,702
693,705
694,701
695,700
697,703
698,704
699,707
699,714
700,714
701,713
702,709
702,710
702,712
703,711
704,706
705,708
705,712
706,719
709,740
710,722
711,715
711,716
711,717
712,717
713,735
714,718
714,720
714,740
715,720
715,723
715,724
716,721
716,722
717,725
720,727
721,728
721,729
722,732
725,726
726,730
726,731
727,733
728,732
730,736
731,737
731,738
732,734
732,735
732,739
735,741
738,743
739,740
739,742
740,748
740,750
741,746
741,749
742,744
742,745
742,747

<end>
