<number of tasks>
500

<cycle time>
1000

<order strength>
0.268


<task times>
1 571
2 114
3 442
4 59
5 189
6 74
7 219
8 50
9 215
10 347
11 505
12 60
13 528
14 148
15 223
16 270
17 520
18 197
19 199
20 157
21 187
22 253
23 253
24 69
25 224
26 78
27 157
28 71
29 32
30 253
31 87
32 305
33 66
34 459
35 556
36 412
37 479
38 594
39 127
40 184
41 168
42 152
43 237
44 455
45 69
46 41
47 428
48 302
49 208
50 182
51 507
52 44
53 216
54 282
55 140
56 85
57 296
58 284
59 136
60 51
61 341
62 155
63 81
64 584
65 75
66 424
67 542
68 512
69 111
70 92
71 195
72 420
73 154
74 148
75 229
76 35
77 161
78 358
79 262
80 23
81 517
82 139
83 68
84 191
85 266
86 238
87 116
88 379
89 198
90 144
91 245
92 409
93 317
94 90
95 159
96 82
97 276
98 379
99 207
100 269
101 274
102 221
103 124
104 68
105 217
106 161
107 230
108 558
109 241
110 181
111 463
112 53
113 26
114 114
115 418
116 476
117 556
118 264
119 148
120 195
121 116
122 159
123 504
124 456
125 197
126 90
127 90
128 56
129 265
130 191
131 484
132 269
133 275
134 296
135 549
136 253
137 160
138 203
139 138
140 165
141 54
142 151
143 224
144 132
145 218
146 159
147 341
148 476
149 191
150 629
151 97
152 184
153 111
154 271
155 56
156 511
157 71
158 67
159 133
160 444
161 380
162 126
163 359
164 68
165 39
166 160
167 204
168 159
169 164
170 67
171 441
172 100
173 574
174 43
175 63
176 268
177 182
178 409
179 155
180 169
181 523
182 72
183 462
184 110
185 507
186 171
187 103
188 260
189 397
190 530
191 56
192 375
193 219
194 147
195 541
196 67
197 374
198 242
199 327
200 65
201 418
202 331
203 25
204 85
205 38
206 216
207 430
208 176
209 252
210 150
211 197
212 498
213 401
214 455
215 44
216 198
217 275
218 71
219 265
220 527
221 218
222 192
223 28
224 58
225 186
226 455
227 560
228 526
229 157
230 78
231 194
232 50
233 270
234 525
235 558
236 528
237 464
238 241
239 415
240 214
241 129
242 107
243 356
244 149
245 48
246 199
247 177
248 165
249 148
250 210
251 285
252 268
253 193
254 210
255 202
256 343
257 128
258 100
259 331
260 112
261 47
262 77
263 372
264 101
265 70
266 474
267 36
268 114
269 458
270 189
271 46
272 417
273 449
274 303
275 23
276 390
277 111
278 253
279 24
280 21
281 135
282 446
283 84
284 439
285 84
286 175
287 51
288 324
289 163
290 155
291 223
292 302
293 166
294 198
295 494
296 39
297 547
298 197
299 188
300 544
301 480
302 540
303 487
304 107
305 24
306 87
307 81
308 178
309 176
310 395
311 105
312 100
313 188
314 328
315 127
316 89
317 155
318 57
319 93
320 50
321 380
322 107
323 320
324 133
325 512
326 460
327 80
328 24
329 102
330 33
331 150
332 479
333 95
334 209
335 190
336 162
337 175
338 362
339 323
340 123
341 144
342 473
343 194
344 47
345 213
346 117
347 435
348 465
349 413
350 71
351 224
352 247
353 28
354 444
355 133
356 291
357 24
358 265
359 126
360 185
361 307
362 235
363 603
364 110
365 45
366 479
367 68
368 260
369 421
370 50
371 122
372 322
373 184
374 298
375 74
376 25
377 110
378 38
379 54
380 272
381 539
382 583
383 222
384 511
385 456
386 55
387 313
388 177
389 203
390 120
391 127
392 40
393 39
394 314
395 126
396 149
397 175
398 562
399 273
400 621
401 301
402 87
403 190
404 81
405 426
406 412
407 167
408 117
409 455
410 30
411 92
412 494
413 352
414 152
415 26
416 104
417 423
418 298
419 246
420 41
421 446
422 65
423 343
424 191
425 67
426 189
427 130
428 132
429 110
430 364
431 199
432 200
433 174
434 203
435 209
436 377
437 278
438 176
439 279
440 160
441 30
442 177
443 326
444 83
445 84
446 62
447 217
448 131
449 295
450 247
451 198
452 115
453 37
454 168
455 51
456 346
457 318
458 343
459 142
460 486
461 424
462 65
463 151
464 63
465 508
466 110
467 380
468 124
469 163
470 465
471 131
472 199
473 137
474 30
475 73
476 65
477 327
478 63
479 506
480 20
481 246
482 291
483 249
484 153
485 131
486 84
487 288
488 114
489 37
490 175
491 101
492 77
493 216
494 50
495 267
496 248
497 510
498 105
499 205
500 458

<precedence relations>
1,27
2,27
3,325
4,325
5,325
6,59
7,20
8,21
9,16
9,19
9,25
10,14
10,22
10,23
11,26
13,15
13,17
13,18
13,24
14,27
15,27
16,27
17,125
18,465
19,31
20,28
21,32
22,33
24,29
24,35
25,34
25,38
26,30
26,36
26,37
27,40
27,41
27,42
27,43
27,44
27,49
27,50
28,325
29,59
30,59
31,48
32,39
33,47
34,46
35,51
36,54
38,45
38,52
38,53
39,376
40,59
41,59
42,61
42,63
45,125
46,60
47,55
48,57
48,64
50,58
52,56
52,62
55,388
56,448
57,376
58,476
59,66
59,68
59,69
59,70
59,71
59,72
59,73
59,74
59,75
59,76
59,77
59,78
59,81
59,83
60,79
61,80
62,67
62,84
63,65
63,82
65,125
66,125
67,125
68,86
68,88
70,91
71,93
71,94
72,87
73,95
76,92
77,96
79,89
80,85
82,90
85,322
86,125
87,125
88,465
89,100
89,101
90,98
90,103
90,107
90,111
91,97
91,109
92,102
92,106
93,105
93,108
95,110
96,99
96,104
97,322
98,125
99,125
100,465
101,116
102,114
102,115
103,117
103,119
103,120
105,118
107,112
111,113
112,448
113,125
114,125
115,127
116,126
117,128
117,129
117,131
117,134
118,121
118,124
118,136
119,122
119,133
120,123
120,130
120,132
120,135
121,388
122,322
123,325
124,476
125,137
125,138
125,139
125,140
125,141
125,142
125,143
125,144
126,146
127,147
128,150
129,148
130,149
130,151
131,152
134,153
135,145
137,156
137,158
137,160
139,155
139,170
141,166
141,168
142,164
143,165
143,169
145,465
146,154
147,157
148,159
149,163
150,154
151,161
152,162
153,167
154,428
155,397
156,173
157,174
158,175
159,171
160,176
161,177
162,178
163,171
164,179
165,180
165,182
166,184
167,172
167,183
168,181
171,325
172,465
173,190
174,185
175,192
176,185
177,193
178,194
179,188
180,189
181,186
181,187
181,191
181,197
182,195
182,198
182,199
184,196
184,200
185,245
186,245
187,208
188,207
189,210
191,206
192,203
192,205
193,202
195,201
195,209
198,204
198,211
198,212
201,388
202,322
203,325
204,476
205,245
206,216
207,217
208,219
209,215
209,218
210,221
210,224
211,214
211,220
212,213
212,222
212,223
213,428
214,476
215,231
216,230
217,232
218,233
219,225
220,229
220,237
221,227
221,234
222,228
222,239
223,235
223,240
224,226
224,236
224,238
225,388
226,322
227,325
228,245
229,245
230,246
231,241
232,248
233,247
234,242
234,243
234,249
234,250
235,244
235,251
235,252
235,258
236,256
236,257
239,253
239,254
240,255
241,428
242,322
243,322
244,325
245,260
245,261
245,262
245,263
245,264
245,265
245,266
245,267
245,268
245,269
246,259
247,271
248,270
249,273
250,274
251,272
252,275
252,279
257,278
258,276
258,277
259,388
260,284
261,290
267,293
268,281
268,291
269,292
270,282
271,280
272,283
273,288
274,289
275,285
276,286
279,287
280,428
281,448
282,298
283,300
284,301
285,299
286,302
287,297
287,307
288,294
288,304
289,308
290,306
290,309
291,305
292,295
292,296
292,303
292,310
294,322
295,397
296,465
297,314
298,311
299,315
300,311
301,318
302,320
303,316
304,317
305,319
308,313
309,312
310,321
311,322
312,325
313,325
314,323
315,323
316,326
317,327
318,323
319,328
320,324
320,332
320,333
320,334
321,329
321,330
321,331
322,335
322,336
322,337
322,338
322,339
323,448
324,397
325,341
325,342
325,343
325,344
325,349
326,345
327,340
328,347
329,346
332,350
334,348
335,376
336,376
337,359
337,360
340,397
341,356
341,358
342,355
342,363
342,364
343,362
344,357
344,361
345,353
346,354
347,351
348,352
351,465
352,465
353,367
354,366
355,368
359,370
360,369
361,365
362,372
364,371
365,376
366,379
367,373
368,380
369,381
369,386
370,374
371,375
371,378
371,383
371,387
372,377
372,382
372,384
372,385
373,388
374,428
375,448
376,390
376,391
376,392
376,393
376,394
376,395
376,396
376,400
376,401
376,402
377,397
378,476
379,389
380,399
381,398
381,404
382,403
388,405
388,406
388,407
388,408
388,409
389,448
390,465
393,422
395,424
395,427
396,425
397,411
397,412
397,413
397,414
397,415
397,416
397,417
397,418
397,420
397,423
398,419
399,421
403,426
404,410
405,432
405,433
405,436
409,437
410,428
412,429
417,431
418,430
418,440
419,435
420,434
421,441
425,439
427,438
428,442
428,443
428,444
428,445
428,446
428,447
428,453
428,458
429,448
430,448
431,476
432,449
433,450
434,451
437,452
437,457
438,456
440,455
441,454
442,465
448,459
448,460
448,461
448,462
448,463
448,470
448,475
449,469
450,464
451,464
452,466
452,468
453,467
454,472
457,473
457,474
458,471
459,487
462,491
464,476
465,477
465,478
465,479
465,480
465,481
465,482
465,483
465,488
466,484
467,486
468,485
469,489
474,490
476,492
476,493
476,494
476,495
476,496
476,497
476,498
484,500
485,499
486,500

<end>
