<number of tasks>
500

<cycle time>
1000

<order strength>
0.251


<task times>
1 468
2 426
3 366
4 392
5 430
6 372
7 589
8 397
9 475
10 471
11 480
12 653
13 650
14 704
15 275
16 388
17 498
18 307
19 713
20 459
21 502
22 446
23 391
24 340
25 502
26 457
27 524
28 474
29 434
30 435
31 511
32 550
33 583
34 413
35 465
36 507
37 247
38 644
39 492
40 491
41 365
42 342
43 195
44 498
45 613
46 561
47 287
48 439
49 420
50 579
51 661
52 544
53 548
54 393
55 93
56 437
57 519
58 356
59 543
60 692
61 314
62 481
63 553
64 591
65 808
66 410
67 446
68 609
69 540
70 627
71 444
72 671
73 387
74 763
75 219
76 550
77 514
78 272
79 525
80 796
81 310
82 622
83 609
84 497
85 323
86 419
87 493
88 627
89 410
90 395
91 642
92 362
93 579
94 500
95 514
96 539
97 365
98 542
99 296
100 630
101 546
102 672
103 687
104 707
105 668
106 597
107 462
108 266
109 497
110 511
111 572
112 664
113 281
114 455
115 473
116 585
117 489
118 350
119 447
120 430
121 620
122 596
123 361
124 437
125 466
126 604
127 275
128 513
129 606
130 447
131 501
132 882
133 496
134 365
135 501
136 606
137 332
138 353
139 445
140 449
141 337
142 437
143 419
144 572
145 534
146 670
147 341
148 509
149 368
150 702
151 666
152 386
153 492
154 288
155 671
156 440
157 517
158 479
159 533
160 623
161 536
162 650
163 475
164 626
165 584
166 695
167 366
168 622
169 430
170 476
171 586
172 527
173 641
174 597
175 625
176 460
177 499
178 402
179 572
180 338
181 326
182 322
183 541
184 583
185 459
186 548
187 479
188 598
189 453
190 225
191 596
192 635
193 474
194 273
195 258
196 608
197 652
198 416
199 380
200 421
201 571
202 767
203 621
204 511
205 402
206 575
207 228
208 618
209 528
210 319
211 523
212 530
213 268
214 588
215 508
216 431
217 414
218 488
219 589
220 352
221 669
222 421
223 480
224 602
225 641
226 694
227 468
228 458
229 585
230 570
231 650
232 675
233 460
234 504
235 603
236 561
237 617
238 459
239 376
240 563
241 393
242 415
243 538
244 516
245 316
246 492
247 450
248 546
249 574
250 490
251 537
252 515
253 550
254 491
255 452
256 608
257 434
258 555
259 544
260 642
261 475
262 538
263 478
264 503
265 509
266 428
267 580
268 515
269 619
270 547
271 470
272 490
273 377
274 492
275 454
276 617
277 333
278 411
279 459
280 483
281 606
282 409
283 558
284 537
285 410
286 690
287 350
288 370
289 560
290 798
291 541
292 496
293 270
294 727
295 603
296 479
297 593
298 328
299 504
300 725
301 391
302 540
303 616
304 694
305 453
306 680
307 577
308 545
309 504
310 511
311 503
312 528
313 531
314 453
315 367
316 498
317 576
318 620
319 430
320 503
321 792
322 678
323 390
324 749
325 409
326 616
327 561
328 701
329 599
330 512
331 664
332 369
333 558
334 391
335 464
336 465
337 348
338 474
339 379
340 483
341 510
342 478
343 416
344 635
345 348
346 620
347 608
348 696
349 539
350 472
351 416
352 567
353 589
354 417
355 482
356 468
357 693
358 557
359 534
360 538
361 550
362 497
363 523
364 401
365 406
366 526
367 570
368 309
369 447
370 553
371 591
372 520
373 675
374 678
375 522
376 563
377 495
378 735
379 526
380 424
381 598
382 485
383 473
384 459
385 573
386 511
387 433
388 497
389 542
390 265
391 237
392 757
393 456
394 492
395 554
396 464
397 354
398 559
399 653
400 389
401 415
402 523
403 369
404 614
405 497
406 553
407 426
408 587
409 574
410 635
411 484
412 336
413 272
414 793
415 439
416 365
417 696
418 631
419 488
420 377
421 490
422 332
423 476
424 294
425 604
426 676
427 459
428 592
429 653
430 622
431 570
432 432
433 660
434 570
435 447
436 753
437 594
438 307
439 331
440 399
441 465
442 537
443 367
444 541
445 517
446 529
447 456
448 334
449 501
450 381
451 516
452 570
453 475
454 445
455 862
456 428
457 529
458 648
459 626
460 528
461 620
462 602
463 407
464 560
465 442
466 479
467 474
468 517
469 307
470 525
471 426
472 505
473 523
474 393
475 605
476 606
477 543
478 606
479 598
480 717
481 583
482 434
483 276
484 433
485 412
486 635
487 595
488 530
489 351
490 358
491 427
492 251
493 585
494 822
495 614
496 511
497 388
498 729
499 510
500 596

<precedence relations>
1,196
2,182
3,332
4,60
5,60
6,60
7,18
8,16
8,19
8,20
8,24
8,27
9,25
9,26
9,28
10,13
10,15
10,17
10,22
10,23
11,12
11,14
11,21
12,147
13,261
14,261
15,182
16,182
17,332
18,36
19,33
20,34
21,35
23,32
23,37
24,29
25,40
25,41
27,38
28,30
28,31
28,39
29,147
30,147
31,182
32,60
33,50
34,46
35,48
36,44
36,49
36,51
37,47
37,52
39,43
39,53
41,42
41,45
42,386
43,182
44,60
45,60
46,62
47,63
48,54
49,55
49,57
49,59
49,61
49,69
50,58
50,66
51,64
51,65
52,67
53,56
53,68
54,147
55,228
56,228
57,443
58,182
59,182
60,72
60,73
60,74
60,75
60,82
61,76
62,77
63,70
65,79
66,71
66,78
66,81
66,83
69,80
70,425
71,147
72,85
72,86
72,90
73,88
76,84
77,89
78,87
78,91
80,93
81,94
82,92
84,228
85,98
86,102
87,103
88,97
88,99
89,106
90,100
91,101
92,96
92,104
92,105
93,95
95,228
96,182
97,113
98,119
99,115
100,116
101,117
102,120
103,122
104,107
104,108
104,111
104,114
104,121
104,124
105,110
105,118
106,109
106,112
106,123
107,228
108,228
109,196
110,442
111,182
112,387
113,125
114,137
115,138
116,125
117,125
118,139
119,132
119,134
119,145
120,128
120,129
120,141
121,126
121,135
121,136
121,140
122,127
122,131
123,130
123,133
123,142
123,144
124,143
124,146
125,425
126,147
127,147
128,228
129,260
130,386
131,261
132,182
133,182
134,182
135,182
136,182
137,148
138,155
139,156
140,154
141,152
142,150
142,153
143,158
144,157
145,149
145,151
145,160
145,161
146,159
147,162
147,163
147,164
147,165
147,166
147,167
147,168
147,169
147,170
148,196
149,261
150,182
151,182
152,173
153,175
154,171
157,174
157,177
159,172
159,178
160,176
162,182
163,180
163,184
165,188
166,191
168,190
168,193
168,194
169,181
170,192
171,228
172,182
173,185
174,183
175,179
177,187
177,189
178,186
179,228
180,260
181,196
182,198
182,199
182,200
182,201
182,202
182,203
182,210
183,195
184,204
186,207
186,208
186,212
190,205
193,211
194,197
194,206
194,209
195,228
196,214
196,215
196,216
196,217
196,218
196,219
196,221
197,261
198,220
203,223
204,213
205,225
207,227
210,226
211,224
212,222
213,228
214,443
215,443
216,332
217,230
218,229
218,240
219,232
219,241
220,231
221,233
222,237
222,238
224,235
224,239
225,234
225,236
228,242
228,243
228,244
228,245
228,246
228,247
229,260
230,249
231,250
232,251
233,252
233,254
234,248
234,258
236,257
237,256
237,259
241,253
241,255
242,260
243,387
244,262
245,271
247,260
248,261
249,266
250,263
251,264
252,265
254,267
254,269
256,272
257,270
258,268
260,273
260,274
260,275
260,276
260,277
260,278
261,279
261,280
261,281
261,282
261,283
261,284
261,285
261,286
261,296
262,288
263,287
264,293
265,294
267,289
267,292
268,290
268,295
269,291
273,299
273,300
274,311
276,307
276,308
276,309
287,301
288,297
289,303
290,304
291,305
292,298
292,302
293,306
295,310
297,386
298,443
299,312
300,313
301,315
302,314
303,315
304,315
305,315
306,316
306,318
309,317
310,320
311,319
312,322
313,321
314,323
315,324
315,325
316,327
316,329
319,326
319,328
320,330
321,332
322,333
322,336
322,339
323,331
323,337
324,338
325,340
327,335
330,334
331,425
332,341
332,342
332,343
332,344
332,345
332,346
332,347
332,348
332,349
332,350
332,351
332,352
332,353
333,355
334,354
334,357
335,356
336,359
337,358
339,360
341,362
341,364
346,368
348,371
349,361
354,363
355,369
356,366
357,367
358,365
359,370
360,372
361,442
362,378
363,373
364,380
365,381
366,379
367,382
368,376
368,377
369,385
370,374
370,384
371,375
372,383
373,442
374,386
375,387
376,387
377,388
378,389
379,390
380,392
381,393
382,391
383,394
383,397
383,398
383,399
383,400
383,404
384,401
384,403
385,395
385,396
385,402
386,406
386,407
386,408
386,409
386,410
386,411
386,412
386,413
386,414
387,415
387,416
387,417
387,418
387,419
387,420
387,421
387,422
388,405
389,405
390,405
391,423
401,424
405,425
406,442
412,427
418,426
419,431
420,429
420,430
420,433
421,432
422,434
423,428
425,435
425,436
425,437
425,438
425,439
425,440
425,441
426,442
427,443
428,446
429,444
430,445
431,447
433,448
434,449
434,450
434,451
441,474
442,452
442,453
442,454
442,455
442,456
442,457
442,458
442,459
442,460
442,469
442,472
443,461
443,462
443,463
443,464
443,465
444,466
445,467
447,471
448,468
448,473
449,470
461,479
461,481
466,478
467,476
468,475
469,477
469,480
475,482
476,483
477,484
478,485
478,486
478,489
480,487
480,488
480,490
480,491
481,492
482,494
483,493
484,494
485,496
485,499
487,495
487,500
489,497
489,498

<end>
