<number of tasks>
500

<cycle time>
1000

<order strength>
0.596


<task times>
1 136
2 99
3 76
4 125
5 107
6 49
7 153
8 30
9 260
10 233
11 44
12 170
13 129
14 239
15 51
16 218
17 68
18 47
19 269
20 59
21 141
22 48
23 99
24 110
25 102
26 105
27 240
28 178
29 71
30 254
31 182
32 233
33 97
34 103
35 74
36 62
37 82
38 156
39 195
40 159
41 59
42 180
43 151
44 266
45 38
46 147
47 118
48 115
49 311
50 193
51 198
52 149
53 97
54 146
55 88
56 146
57 51
58 260
59 142
60 154
61 87
62 114
63 112
64 132
65 98
66 112
67 164
68 184
69 74
70 91
71 127
72 157
73 64
74 162
75 125
76 90
77 227
78 252
79 180
80 92
81 42
82 178
83 188
84 121
85 45
86 186
87 64
88 211
89 117
90 90
91 87
92 125
93 111
94 118
95 60
96 66
97 157
98 92
99 161
100 264
101 84
102 159
103 62
104 87
105 110
106 91
107 282
108 149
109 132
110 126
111 35
112 123
113 52
114 171
115 91
116 120
117 60
118 223
119 121
120 80
121 36
122 133
123 73
124 290
125 152
126 207
127 72
128 295
129 148
130 204
131 22
132 203
133 201
134 174
135 213
136 38
137 209
138 52
139 53
140 65
141 34
142 40
143 169
144 361
145 48
146 64
147 202
148 285
149 203
150 200
151 43
152 292
153 111
154 102
155 163
156 200
157 212
158 43
159 49
160 91
161 54
162 165
163 153
164 40
165 184
166 233
167 112
168 203
169 250
170 134
171 90
172 67
173 160
174 196
175 286
176 146
177 38
178 202
179 54
180 113
181 31
182 150
183 37
184 84
185 162
186 230
187 242
188 136
189 106
190 131
191 187
192 90
193 175
194 285
195 181
196 167
197 316
198 219
199 70
200 261
201 146
202 260
203 269
204 113
205 124
206 65
207 133
208 204
209 49
210 116
211 267
212 220
213 248
214 107
215 114
216 93
217 93
218 77
219 114
220 23
221 35
222 125
223 143
224 61
225 45
226 29
227 368
228 151
229 125
230 35
231 31
232 39
233 58
234 170
235 172
236 42
237 231
238 94
239 167
240 137
241 131
242 135
243 136
244 85
245 55
246 69
247 205
248 22
249 52
250 87
251 47
252 145
253 88
254 78
255 179
256 36
257 285
258 167
259 73
260 93
261 31
262 156
263 197
264 45
265 133
266 97
267 202
268 51
269 215
270 51
271 104
272 124
273 190
274 145
275 54
276 160
277 115
278 219
279 40
280 80
281 131
282 118
283 141
284 216
285 211
286 152
287 211
288 127
289 362
290 39
291 111
292 224
293 173
294 34
295 249
296 273
297 84
298 281
299 59
300 101
301 123
302 64
303 170
304 76
305 38
306 160
307 58
308 181
309 166
310 89
311 126
312 27
313 142
314 51
315 158
316 303
317 59
318 155
319 81
320 63
321 45
322 132
323 106
324 324
325 186
326 272
327 126
328 158
329 104
330 157
331 68
332 218
333 323
334 153
335 178
336 68
337 281
338 177
339 133
340 106
341 157
342 174
343 268
344 125
345 335
346 69
347 80
348 124
349 123
350 186
351 86
352 136
353 123
354 150
355 261
356 138
357 281
358 95
359 180
360 23
361 100
362 176
363 187
364 129
365 189
366 71
367 38
368 173
369 111
370 128
371 65
372 125
373 155
374 108
375 148
376 68
377 105
378 118
379 80
380 213
381 159
382 66
383 120
384 91
385 326
386 48
387 230
388 56
389 184
390 118
391 124
392 113
393 105
394 57
395 206
396 208
397 64
398 278
399 92
400 227
401 146
402 127
403 22
404 81
405 62
406 148
407 112
408 82
409 200
410 111
411 166
412 89
413 123
414 117
415 44
416 213
417 55
418 105
419 125
420 234
421 22
422 61
423 195
424 120
425 169
426 87
427 266
428 93
429 183
430 72
431 109
432 223
433 198
434 148
435 188
436 67
437 65
438 119
439 376
440 142
441 168
442 224
443 90
444 75
445 172
446 321
447 188
448 52
449 198
450 71
451 341
452 28
453 65
454 93
455 96
456 115
457 106
458 139
459 26
460 155
461 182
462 205
463 112
464 238
465 118
466 152
467 162
468 126
469 224
470 258
471 36
472 220
473 210
474 68
475 326
476 146
477 163
478 274
479 86
480 139
481 198
482 64
483 63
484 203
485 148
486 92
487 101
488 233
489 61
490 109
491 148
492 126
493 94
494 136
495 38
496 117
497 64
498 149
499 42
500 317

<precedence relations>
1,11
1,133
2,11
2,223
2,319
2,397
3,16
4,15
5,11
5,72
5,122
6,19
7,13
7,18
8,11
8,12
8,284
9,14
9,272
10,17
11,313
11,405
11,448
12,297
12,359
12,444
13,25
13,26
13,40
15,24
15,34
16,29
16,31
17,21
17,27
18,20
18,28
18,30
18,48
19,22
19,23
19,69
19,88
20,32
20,33
21,32
21,33
22,36
22,37
22,40
23,114
24,275
24,352
25,39
26,77
27,32
28,32
28,34
28,35
29,32
30,71
30,112
31,32
31,38
31,84
32,41
32,43
33,46
33,50
34,41
34,42
34,43
34,45
34,49
35,347
36,48
37,41
37,42
38,41
38,42
39,47
39,58
40,41
40,42
40,44
40,100
41,73
42,122
42,187
43,56
43,116
44,90
44,199
45,51
45,52
45,53
46,54
46,55
46,90
47,51
47,52
47,112
48,107
48,188
49,51
49,52
50,341
51,60
51,64
52,57
53,58
53,63
53,95
54,65
54,67
54,99
55,57
55,59
55,61
55,66
55,68
55,125
56,62
57,72
58,69
58,73
59,233
59,324
60,132
61,196
62,74
63,78
63,134
64,75
64,109
65,69
66,70
67,76
67,148
67,242
68,71
69,86
70,77
70,78
70,85
71,77
71,78
71,79
71,80
71,84
72,77
73,77
74,83
75,81
76,82
76,193
76,194
77,87
77,93
77,96
78,87
78,114
79,91
79,94
80,120
80,321
81,117
82,95
82,97
83,87
83,88
83,90
84,275
85,89
85,134
86,87
86,92
87,101
87,102
87,106
88,383
89,255
90,148
91,296
92,98
92,104
93,99
94,100
94,103
95,105
96,302
97,178
97,294
97,313
98,123
98,209
99,108
100,153
101,120
101,166
101,265
102,107
102,110
103,113
103,115
104,112
104,114
104,117
104,202
105,107
105,116
105,277
106,109
106,111
106,132
107,213
107,219
107,341
108,124
108,126
109,127
109,229
110,118
110,123
111,119
112,125
113,118
113,119
113,120
113,121
114,118
115,118
115,119
116,346
117,122
118,133
118,136
118,137
118,138
119,128
119,129
119,130
119,131
119,135
119,140
119,181
120,142
120,212
120,242
121,129
121,174
122,128
122,136
123,132
123,139
124,128
124,134
124,144
125,128
125,132
125,136
126,137
127,150
128,215
130,160
130,186
131,147
132,142
133,141
133,142
133,149
133,157
134,141
135,141
135,150
136,141
136,205
137,144
137,146
138,238
138,302
139,143
140,145
140,148
141,151
141,155
141,156
142,255
142,270
142,348
143,171
143,243
144,152
145,151
146,159
147,153
147,189
148,151
148,153
148,158
149,151
149,152
150,154
150,157
151,162
151,166
151,175
151,305
152,161
152,195
153,165
154,160
154,161
154,197
155,160
155,161
155,164
156,163
156,167
157,372
158,168
158,169
159,170
159,171
159,185
160,172
160,173
160,199
161,178
161,180
162,393
163,172
163,175
163,179
163,242
164,172
165,176
165,297
166,173
166,182
167,174
168,172
169,245
169,294
169,331
170,177
170,181
170,321
171,194
172,185
173,183
173,429
174,190
174,213
175,183
175,216
175,323
176,187
176,200
177,186
177,373
178,399
179,193
179,210
180,189
180,191
181,183
181,184
181,188
181,192
182,192
182,301
183,352
185,198
186,230
186,308
187,196
187,197
187,202
187,277
188,199
188,200
189,193
189,194
190,193
190,201
192,195
193,288
193,324
194,203
194,208
195,203
196,205
196,303
197,210
198,203
198,207
198,209
199,203
199,204
200,293
200,325
201,206
202,367
202,372
202,461
203,212
203,219
204,220
204,357
205,310
205,332
205,456
206,211
206,214
206,215
206,216
207,211
207,213
207,339
207,346
208,211
209,223
209,498
210,217
210,218
211,221
211,225
212,226
212,228
213,221
213,289
213,397
214,223
214,229
214,245
214,258
216,222
217,221
217,227
217,299
218,221
218,222
218,303
218,312
219,230
220,224
220,303
221,434
222,235
222,236
224,362
224,474
225,231
225,236
226,232
226,234
226,237
226,288
227,234
227,276
228,372
229,233
229,235
230,238
231,244
232,240
232,245
233,242
233,243
233,286
233,327
234,241
234,246
235,243
235,326
235,409
236,248
236,285
236,443
237,239
238,247
238,282
238,354
238,391
239,284
239,418
240,271
241,250
241,256
241,341
241,352
242,338
243,250
243,377
244,251
244,254
245,255
245,344
246,249
246,252
246,257
246,258
247,263
248,253
248,287
248,330
249,259
249,316
249,325
250,259
250,260
251,261
251,262
251,268
252,404
252,476
252,484
253,265
253,409
254,367
255,266
255,302
255,378
256,263
257,264
259,274
259,282
259,492
260,419
261,341
262,267
262,269
262,272
262,275
263,267
263,345
264,273
265,270
265,274
266,268
266,271
266,340
267,281
267,315
268,311
268,397
269,282
269,325
269,353
270,276
271,278
272,279
273,283
273,284
273,331
274,463
274,499
275,277
275,280
275,422
276,342
276,364
276,498
277,289
278,286
278,290
278,364
278,422
279,285
279,288
279,300
279,359
280,295
281,292
281,294
281,312
282,435
283,291
283,293
284,287
285,423
286,303
287,384
288,297
288,402
289,298
289,301
290,299
290,336
291,296
291,365
291,461
292,300
292,336
292,357
293,302
295,464
296,359
296,366
296,436
297,310
298,304
298,305
298,376
299,346
300,309
302,306
302,307
303,308
303,311
304,312
304,315
304,321
305,319
306,322
307,316
307,323
307,387
308,314
308,318
308,323
308,337
308,379
308,396
308,419
309,340
309,351
310,312
310,313
311,317
311,320
313,327
313,439
314,325
314,398
315,329
315,411
316,326
316,328
318,403
318,453
319,331
319,366
320,330
321,372
322,324
324,334
324,443
325,338
325,425
326,332
326,335
326,339
326,341
327,336
327,435
328,337
328,373
329,344
329,464
330,333
330,342
330,343
330,345
330,400
331,340
332,346
333,431
333,436
334,482
335,384
335,492
337,405
338,460
339,347
339,350
339,352
339,353
339,354
339,417
340,349
340,355
341,351
341,407
342,371
344,348
344,421
345,358
347,364
347,458
348,359
348,360
348,392
349,356
349,365
350,363
351,358
351,362
351,366
351,368
351,457
351,467
352,357
352,361
353,374
354,356
354,435
355,367
355,410
355,493
356,379
356,398
356,473
357,376
357,487
358,379
359,378
361,370
361,373
362,369
362,375
362,498
365,372
365,377
366,371
366,374
367,381
369,479
371,382
371,394
371,448
372,383
372,390
373,391
373,392
373,395
374,380
374,384
374,386
375,388
375,389
375,393
375,413
375,494
377,381
377,385
377,387
377,395
377,419
377,479
378,435
379,459
381,405
382,399
383,398
384,402
384,403
385,404
386,406
388,470
389,402
389,476
390,396
390,417
391,454
391,479
392,400
393,397
393,401
393,447
395,416
396,407
396,409
397,416
397,422
398,415
399,408
399,417
399,455
400,410
400,413
401,412
402,411
402,420
403,414
405,459
406,471
408,419
408,420
408,421
408,454
410,425
410,427
410,428
411,433
411,493
412,422
412,495
413,426
413,469
414,433
415,418
415,423
415,424
415,425
415,487
417,419
418,429
422,453
423,431
425,430
425,432
425,445
427,433
427,434
428,440
429,438
429,443
430,441
430,442
432,436
432,440
433,435
434,437
434,439
434,441
435,445
435,455
436,446
438,444
438,451
438,454
439,450
439,452
440,447
440,494
442,453
443,448
443,449
443,467
444,458
444,462
444,467
446,468
449,457
449,464
450,460
451,463
451,465
452,461
454,456
454,459
455,466
456,468
457,466
457,471
458,474
458,477
458,478
459,469
459,470
459,472
460,467
460,473
461,466
462,475
462,476
466,483
466,485
467,483
469,480
472,484
472,494
473,482
474,480
476,488
477,479
477,481
481,489
482,487
482,490
483,488
484,486
486,497
488,495
488,496
489,493
489,494
490,491
490,492
490,498
490,499
490,500

<end>
