<number of tasks>
500

<cycle time>
1000

<order strength>
0.198


<task times>
1 448
2 587
3 323
4 457
5 515
6 463
7 327
8 518
9 560
10 514
11 710
12 593
13 789
14 614
15 187
16 374
17 467
18 293
19 607
20 323
21 263
22 461
23 646
24 579
25 469
26 654
27 305
28 631
29 266
30 389
31 627
32 375
33 530
34 335
35 644
36 328
37 516
38 593
39 377
40 563
41 313
42 549
43 652
44 709
45 616
46 437
47 538
48 306
49 541
50 439
51 727
52 608
53 453
54 405
55 518
56 515
57 339
58 466
59 469
60 473
61 520
62 482
63 463
64 385
65 268
66 645
67 496
68 521
69 744
70 432
71 762
72 834
73 723
74 343
75 602
76 392
77 380
78 505
79 529
80 564
81 495
82 604
83 384
84 409
85 444
86 523
87 414
88 405
89 478
90 659
91 438
92 528
93 450
94 577
95 362
96 457
97 599
98 646
99 363
100 500
101 467
102 470
103 305
104 441
105 582
106 261
107 582
108 389
109 632
110 658
111 805
112 424
113 512
114 354
115 549
116 311
117 568
118 769
119 469
120 725
121 549
122 480
123 467
124 466
125 468
126 424
127 498
128 340
129 434
130 592
131 492
132 313
133 457
134 412
135 608
136 614
137 489
138 401
139 591
140 556
141 311
142 470
143 500
144 700
145 476
146 390
147 540
148 393
149 364
150 573
151 400
152 541
153 328
154 385
155 410
156 343
157 565
158 410
159 722
160 504
161 296
162 598
163 509
164 539
165 295
166 513
167 313
168 500
169 483
170 462
171 539
172 371
173 484
174 536
175 735
176 579
177 661
178 406
179 337
180 486
181 624
182 495
183 521
184 350
185 334
186 672
187 516
188 370
189 575
190 243
191 379
192 596
193 486
194 644
195 520
196 425
197 600
198 525
199 665
200 518
201 661
202 648
203 115
204 488
205 687
206 536
207 542
208 673
209 694
210 493
211 633
212 439
213 484
214 611
215 731
216 545
217 388
218 634
219 469
220 311
221 343
222 708
223 432
224 516
225 472
226 625
227 583
228 542
229 704
230 614
231 407
232 534
233 471
234 541
235 592
236 564
237 452
238 311
239 287
240 629
241 527
242 559
243 395
244 468
245 361
246 460
247 592
248 413
249 563
250 435
251 385
252 734
253 317
254 563
255 608
256 204
257 532
258 568
259 561
260 576
261 511
262 516
263 344
264 513
265 302
266 241
267 406
268 538
269 427
270 569
271 447
272 509
273 538
274 461
275 575
276 541
277 463
278 689
279 590
280 527
281 263
282 491
283 510
284 474
285 372
286 499
287 478
288 463
289 600
290 372
291 403
292 483
293 546
294 359
295 627
296 764
297 469
298 501
299 587
300 391
301 571
302 342
303 437
304 524
305 455
306 548
307 383
308 352
309 406
310 652
311 397
312 492
313 612
314 418
315 577
316 523
317 546
318 553
319 646
320 360
321 656
322 574
323 517
324 361
325 326
326 531
327 690
328 589
329 432
330 665
331 576
332 295
333 576
334 642
335 509
336 384
337 388
338 591
339 216
340 415
341 386
342 526
343 420
344 561
345 567
346 758
347 487
348 481
349 760
350 426
351 363
352 642
353 608
354 573
355 387
356 512
357 338
358 697
359 350
360 431
361 288
362 554
363 509
364 549
365 510
366 550
367 458
368 732
369 509
370 415
371 439
372 506
373 414
374 595
375 442
376 639
377 611
378 470
379 376
380 646
381 277
382 668
383 547
384 420
385 597
386 818
387 573
388 516
389 327
390 736
391 375
392 542
393 407
394 457
395 615
396 548
397 544
398 558
399 467
400 699
401 375
402 418
403 389
404 409
405 422
406 419
407 465
408 371
409 498
410 502
411 498
412 501
413 380
414 687
415 397
416 203
417 448
418 477
419 474
420 484
421 433
422 377
423 460
424 577
425 330
426 657
427 592
428 520
429 317
430 422
431 443
432 414
433 440
434 481
435 370
436 508
437 269
438 458
439 625
440 418
441 583
442 569
443 507
444 621
445 384
446 649
447 581
448 569
449 532
450 473
451 641
452 523
453 573
454 603
455 458
456 552
457 178
458 503
459 451
460 531
461 454
462 464
463 576
464 431
465 531
466 544
467 421
468 649
469 439
470 586
471 497
472 480
473 645
474 697
475 362
476 777
477 448
478 302
479 466
480 507
481 442
482 427
483 542
484 554
485 576
486 547
487 548
488 661
489 526
490 347
491 598
492 625
493 554
494 383
495 456
496 330
497 358
498 354
499 495
500 536

<precedence relations>
1,22
1,24
2,16
2,18
2,21
3,17
3,24
4,76
4,89
5,16
7,23
8,315
9,29
9,109
10,26
12,28
13,19
13,25
14,20
14,206
15,27
16,33
16,111
17,41
17,54
18,35
18,105
19,34
19,37
19,43
19,259
20,42
20,418
21,39
21,40
22,30
22,31
23,141
24,431
25,374
26,36
26,38
26,58
27,32
29,100
29,102
30,49
30,63
31,62
32,53
32,57
33,44
33,48
34,45
34,46
34,226
35,51
35,52
35,260
36,54
36,171
37,156
37,451
39,61
40,56
40,58
41,50
41,55
41,60
41,205
42,47
43,59
44,68
44,71
45,332
46,190
47,72
47,237
49,75
49,467
51,135
52,172
53,164
53,196
54,70
54,74
55,65
55,66
57,473
58,69
58,73
58,75
60,464
62,117
63,64
63,67
64,81
64,83
64,93
65,76
65,92
66,84
67,85
67,91
68,78
68,442
69,80
69,89
69,90
71,86
71,167
71,180
72,79
72,246
73,77
73,87
73,88
74,94
74,164
75,82
76,108
77,191
78,270
78,414
80,107
81,97
81,299
82,253
83,96
83,235
84,100
84,102
84,105
84,166
84,201
85,98
85,99
86,104
87,101
87,103
90,106
92,95
92,365
93,137
94,452
95,404
95,447
97,115
97,137
98,111
99,122
100,110
100,161
100,305
100,404
100,467
101,335
102,119
102,120
103,112
104,168
104,241
104,340
105,113
105,117
105,118
105,228
106,116
106,121
106,259
107,114
107,408
108,109
109,125
109,127
109,132
110,126
111,156
112,131
112,134
113,394
114,137
115,123
115,133
116,124
116,138
119,136
119,282
120,135
121,128
121,129
121,134
122,130
123,142
124,195
125,139
127,175
128,152
128,424
130,145
130,148
131,149
131,351
132,147
132,385
134,141
134,142
134,144
134,154
134,278
135,140
136,141
137,146
137,150
137,419
138,143
138,151
138,153
139,160
139,172
139,341
140,157
141,156
141,163
141,167
142,399
143,162
143,208
143,250
145,155
145,168
146,159
147,169
148,161
148,165
148,170
149,171
150,158
152,164
152,166
153,173
153,250
154,189
155,176
155,185
155,268
156,179
156,180
157,177
157,183
158,186
158,422
159,182
161,481
162,181
163,184
163,472
165,210
165,266
167,295
167,471
170,174
171,175
172,187
172,451
173,178
173,348
176,192
176,205
176,302
178,189
178,213
179,198
179,202
180,194
181,197
182,195
182,196
182,201
183,190
183,203
183,207
184,204
185,191
185,495
186,188
187,193
187,199
187,200
188,220
188,222
190,206
190,318
190,431
192,207
192,219
193,206
193,218
194,224
194,361
194,369
195,208
195,210
195,211
196,213
196,224
197,209
197,223
198,216
198,289
198,418
199,244
202,214
202,226
202,375
203,217
203,221
203,224
203,225
204,212
205,215
205,338
205,357
206,231
208,236
208,243
210,229
211,254
211,386
212,237
212,241
212,242
212,323
213,233
214,238
214,239
217,232
217,237
217,240
217,306
217,370
218,234
218,246
219,244
220,228
220,310
222,423
222,487
223,230
223,245
224,235
224,332
225,227
225,342
226,348
227,249
228,250
228,471
229,255
231,452
232,374
235,253
236,247
238,252
239,345
241,254
244,248
244,251
247,262
248,265
249,258
249,259
250,268
250,356
251,257
251,263
252,260
252,266
252,437
253,256
253,264
253,388
254,261
255,267
256,276
256,280
257,274
258,269
258,273
259,271
259,282
259,374
260,277
260,279
260,378
261,283
261,464
264,275
265,359
267,278
268,270
268,272
268,281
269,284
271,285
271,287
271,291
271,307
271,426
273,292
273,297
273,363
274,286
274,299
275,288
276,384
276,469
278,290
278,293
279,289
279,299
280,294
281,294
281,296
281,435
281,495
282,298
283,295
283,448
284,304
286,310
287,308
287,313
288,301
289,307
289,312
289,433
290,306
290,474
291,305
291,311
293,358
293,386
296,300
296,302
296,309
296,314
296,448
297,303
298,356
299,455
300,318
300,319
303,315
303,317
303,322
304,316
305,324
306,326
309,321
312,320
312,325
314,323
315,328
315,331
315,336
317,333
317,437
318,327
321,339
322,338
322,427
323,330
323,334
324,329
324,337
324,499
325,332
325,335
325,340
328,346
330,345
330,348
332,351
333,341
334,342
334,353
335,350
335,355
336,343
336,352
337,349
338,347
339,344
340,354
342,357
343,394
345,363
347,358
350,356
351,360
352,359
352,361
352,364
352,367
352,388
353,362
354,365
354,366
354,463
356,371
357,373
358,369
358,379
359,368
359,374
361,370
361,377
362,376
363,477
364,375
366,372
367,378
368,380
369,391
369,395
371,390
371,483
373,392
374,384
374,394
376,388
376,486
377,383
377,386
377,387
378,382
378,385
378,389
378,393
379,381
380,398
381,400
384,402
386,399
386,401
387,404
387,425
388,403
389,396
391,398
393,397
397,410
398,407
398,409
400,405
400,411
400,412
402,413
403,414
404,406
404,408
405,418
406,419
407,425
407,426
409,417
409,422
409,424
409,429
409,431
411,421
412,415
413,427
413,428
413,430
414,416
414,420
414,423
415,434
415,435
417,438
418,441
420,433
421,439
424,432
425,439
427,436
428,440
430,437
431,471
432,446
432,448
432,454
433,445
434,451
434,452
436,442
436,449
438,444
438,455
439,443
439,450
439,453
441,447
442,463
443,462
444,457
445,458
445,461
445,464
445,465
445,468
447,460
447,467
448,469
449,466
450,459
453,470
453,471
455,456
456,472
457,486
458,476
458,479
459,480
460,473
460,475
462,474
462,485
463,482
465,478
465,483
470,481
470,484
471,477
472,491
473,490
474,494
475,496
477,497
477,499
478,498
479,493
480,492
480,495
482,487
482,500
484,488
485,489

<end>
