<number of tasks>
500

<cycle time>
1000

<order strength>
0.597


<task times>
1 73
2 86
3 227
4 138
5 222
6 398
7 78
8 82
9 35
10 126
11 201
12 50
13 454
14 162
15 82
16 390
17 65
18 129
19 269
20 209
21 318
22 588
23 245
24 122
25 75
26 51
27 344
28 323
29 47
30 469
31 272
32 195
33 96
34 173
35 114
36 131
37 66
38 90
39 99
40 281
41 135
42 45
43 139
44 172
45 533
46 123
47 115
48 50
49 479
50 503
51 116
52 244
53 584
54 114
55 141
56 184
57 264
58 168
59 441
60 121
61 281
62 66
63 568
64 53
65 182
66 74
67 459
68 136
69 131
70 180
71 206
72 139
73 469
74 468
75 64
76 46
77 52
78 143
79 252
80 135
81 104
82 144
83 28
84 345
85 255
86 450
87 518
88 385
89 324
90 161
91 414
92 345
93 140
94 230
95 83
96 134
97 419
98 29
99 100
100 171
101 512
102 637
103 46
104 57
105 269
106 254
107 352
108 213
109 99
110 271
111 271
112 374
113 203
114 276
115 31
116 504
117 109
118 293
119 102
120 66
121 127
122 135
123 81
124 592
125 271
126 71
127 24
128 464
129 257
130 341
131 160
132 39
133 481
134 63
135 53
136 563
137 179
138 551
139 463
140 81
141 205
142 114
143 166
144 186
145 41
146 575
147 35
148 151
149 177
150 302
151 219
152 82
153 402
154 186
155 470
156 108
157 79
158 78
159 153
160 121
161 279
162 140
163 305
164 135
165 62
166 330
167 223
168 52
169 177
170 90
171 286
172 118
173 58
174 112
175 154
176 169
177 164
178 184
179 483
180 387
181 201
182 154
183 271
184 209
185 41
186 431
187 73
188 504
189 55
190 521
191 373
192 22
193 279
194 129
195 46
196 126
197 196
198 28
199 76
200 339
201 75
202 58
203 473
204 25
205 88
206 119
207 268
208 137
209 173
210 331
211 91
212 107
213 355
214 237
215 161
216 51
217 186
218 482
219 52
220 174
221 168
222 258
223 321
224 223
225 188
226 206
227 62
228 119
229 542
230 504
231 282
232 23
233 370
234 162
235 34
236 476
237 132
238 80
239 159
240 276
241 75
242 132
243 154
244 533
245 90
246 382
247 145
248 269
249 196
250 219
251 89
252 195
253 458
254 554
255 190
256 575
257 527
258 164
259 309
260 359
261 86
262 206
263 117
264 355
265 250
266 63
267 66
268 227
269 238
270 460
271 523
272 128
273 129
274 25
275 485
276 445
277 185
278 58
279 497
280 180
281 291
282 559
283 349
284 40
285 146
286 263
287 165
288 218
289 484
290 118
291 97
292 186
293 95
294 150
295 152
296 102
297 351
298 482
299 247
300 30
301 37
302 72
303 156
304 238
305 210
306 89
307 200
308 156
309 67
310 109
311 101
312 85
313 96
314 256
315 206
316 53
317 341
318 47
319 54
320 166
321 61
322 321
323 99
324 161
325 80
326 21
327 464
328 158
329 493
330 503
331 282
332 83
333 207
334 39
335 218
336 438
337 74
338 525
339 125
340 63
341 230
342 191
343 70
344 512
345 263
346 474
347 532
348 181
349 526
350 568
351 178
352 489
353 29
354 172
355 164
356 51
357 126
358 211
359 171
360 183
361 187
362 246
363 510
364 96
365 134
366 318
367 162
368 504
369 53
370 470
371 142
372 78
373 359
374 137
375 499
376 113
377 453
378 137
379 70
380 490
381 124
382 221
383 248
384 137
385 300
386 294
387 192
388 295
389 132
390 505
391 179
392 97
393 51
394 105
395 41
396 245
397 92
398 449
399 118
400 314
401 107
402 70
403 202
404 151
405 94
406 234
407 241
408 435
409 231
410 75
411 247
412 502
413 455
414 378
415 185
416 133
417 401
418 219
419 221
420 579
421 82
422 242
423 430
424 335
425 145
426 45
427 307
428 196
429 91
430 130
431 281
432 330
433 81
434 425
435 198
436 206
437 380
438 28
439 183
440 21
441 38
442 172
443 40
444 39
445 43
446 74
447 284
448 123
449 489
450 111
451 230
452 70
453 470
454 91
455 45
456 56
457 286
458 42
459 135
460 234
461 234
462 26
463 64
464 27
465 138
466 186
467 439
468 111
469 174
470 264
471 185
472 526
473 211
474 32
475 186
476 137
477 458
478 279
479 463
480 73
481 116
482 469
483 490
484 156
485 446
486 61
487 109
488 259
489 98
490 283
491 373
492 64
493 549
494 304
495 157
496 542
497 159
498 23
499 353
500 521

<precedence relations>
1,22
2,22
3,60
4,60
5,296
6,460
7,96
8,11
8,12
8,13
8,14
8,16
8,17
8,20
8,40
9,19
9,21
10,15
10,18
10,47
10,107
10,122
11,201
12,22
13,22
14,22
15,22
16,446
17,397
18,333
19,354
20,354
21,23
21,24
21,25
21,26
21,27
21,28
21,29
21,30
21,31
21,32
22,33
22,34
22,35
22,36
22,55
22,106
23,293
24,60
25,122
26,122
27,210
28,296
29,460
30,96
31,37
31,38
31,39
31,41
31,107
31,126
32,40
33,442
34,478
35,96
36,322
37,60
38,251
39,156
40,43
40,44
40,45
40,47
40,48
41,42
41,46
41,65
42,160
43,293
44,397
45,60
46,60
47,478
48,49
48,50
48,51
48,52
48,53
48,54
48,55
48,56
48,57
48,58
49,446
50,60
51,122
52,122
53,122
54,210
55,96
56,96
57,59
57,63
57,65
57,66
57,148
58,61
58,62
58,64
58,67
58,77
59,293
60,68
60,69
60,70
60,71
60,72
60,73
60,74
60,75
60,77
60,87
61,122
62,122
63,195
64,195
65,156
66,76
67,78
67,79
68,122
69,333
70,360
71,478
72,277
73,156
74,156
75,82
75,195
75,259
76,122
77,251
78,80
78,83
78,85
79,80
79,81
79,84
79,155
79,157
80,493
81,408
82,478
83,96
84,96
85,86
85,87
85,88
85,89
85,90
85,91
85,92
85,93
85,94
85,95
85,97
85,98
85,99
85,100
86,201
87,293
88,122
89,333
90,478
91,277
92,277
93,296
94,156
95,156
96,108
96,109
96,110
96,111
96,112
96,113
96,114
96,115
96,116
96,117
96,118
97,105
97,119
97,128
97,130
98,103
98,106
99,101
99,102
99,104
100,107
100,246
100,248
101,201
102,122
103,122
104,122
105,122
106,195
107,442
108,123
108,129
109,124
109,226
110,125
110,129
110,134
110,168
110,169
110,170
111,120
111,123
111,159
112,154
112,223
112,224
113,120
113,128
114,126
114,127
115,234
115,348
116,121
116,130
116,146
116,161
116,168
116,169
116,170
117,120
117,121
118,131
119,279
120,160
121,397
122,132
122,135
122,136
122,137
122,138
122,139
122,140
122,141
122,142
122,143
122,144
122,145
123,195
124,277
125,354
126,296
127,156
128,156
129,133
129,147
130,132
131,132
131,134
131,146
131,148
132,160
133,160
134,293
135,197
136,149
136,151
136,159
137,149
137,150
137,170
138,152
139,326
139,337
139,391
140,150
140,151
140,153
140,154
140,155
141,153
141,158
142,281
142,291
143,149
144,157
144,158
144,198
144,223
145,149
145,150
145,154
146,156
147,156
148,198
148,256
148,322
148,331
149,160
150,160
151,160
152,160
153,333
154,210
155,442
156,162
156,163
156,164
156,165
156,166
156,167
157,211
157,291
158,170
159,161
159,168
159,169
159,194
159,210
160,171
160,172
160,173
160,174
160,175
160,176
160,177
160,178
160,179
160,180
160,181
160,182
160,183
160,184
160,185
160,186
160,187
160,188
160,189
160,190
161,408
162,210
163,335
164,257
164,316
165,190
165,229
165,240
165,243
166,230
166,256
167,190
167,191
168,190
168,191
169,190
170,200
171,424
172,195
173,334
173,345
173,397
174,258
174,471
175,200
176,198
176,199
176,254
177,193
177,259
178,197
178,275
178,277
178,299
179,191
179,192
179,193
180,277
181,191
181,192
181,193
181,194
181,195
181,210
182,192
182,281
182,348
183,195
183,247
184,191
184,197
185,199
186,196
186,197
187,224
187,326
187,328
188,194
189,360
190,193
190,195
191,201
192,446
193,293
194,251
195,203
195,204
195,205
195,206
195,207
195,208
195,209
195,234
196,210
197,296
198,291
198,329
198,348
199,211
199,259
200,201
200,202
200,210
200,211
201,212
201,213
201,214
201,215
201,216
202,446
203,237
203,248
203,280
204,246
204,253
204,278
204,279
205,217
206,347
207,223
207,296
208,217
208,236
208,258
209,392
209,396
209,424
210,218
210,219
210,220
210,221
210,222
211,224
211,272
212,251
213,296
214,225
214,226
214,256
215,277
216,226
217,251
218,227
218,294
218,297
218,313
218,321
219,228
219,230
220,229
220,242
221,230
221,256
222,225
222,239
223,241
223,257
223,291
223,293
224,225
224,226
224,315
225,401
226,293
227,333
228,442
229,233
229,234
229,235
229,236
229,238
230,231
230,232
230,237
230,239
231,293
232,493
233,333
234,333
235,408
236,277
237,241
237,242
237,244
237,245
237,279
238,247
239,240
239,243
239,246
239,248
240,401
241,446
242,424
243,251
244,408
245,354
246,250
246,252
246,257
247,253
247,256
248,249
248,250
248,254
248,255
248,392
249,424
250,424
251,260
251,261
251,262
251,263
251,264
251,265
251,266
251,267
252,277
253,460
254,258
254,430
255,388
255,409
256,259
256,283
256,321
256,326
257,268
257,269
258,424
259,397
260,270
260,333
260,345
261,277
262,270
262,271
262,272
263,271
264,274
264,320
264,356
264,375
264,402
265,272
266,411
267,273
267,281
268,478
269,322
270,424
271,293
272,277
273,278
273,279
274,275
274,276
274,332
274,336
274,409
275,424
276,493
277,280
277,281
277,282
277,284
277,285
277,286
277,287
277,288
277,289
277,292
278,297
279,283
279,290
279,291
280,293
281,333
282,333
283,408
284,296
286,300
286,313
286,348
287,462
288,297
289,297
289,298
290,295
290,298
290,299
291,294
291,349
292,295
292,322
293,301
293,302
293,303
293,304
293,305
294,493
295,397
296,306
296,307
296,308
296,309
296,310
297,323
298,311
298,312
300,442
300,444
300,446
301,324
301,388
302,376
303,349
303,361
304,316
304,332
305,313
305,323
306,314
307,331
309,330
309,358
310,329
311,314
312,353
312,400
313,333
314,315
314,316
314,317
314,318
315,319
316,345
317,322
318,320
318,321
319,360
320,329
320,331
321,327
321,332
321,346
321,409
322,323
322,324
322,325
322,326
322,328
322,330
323,333
324,360
325,442
326,478
327,354
328,460
329,336
330,335
330,338
330,339
330,350
331,374
331,394
331,431
332,334
332,337
332,338
332,411
333,340
333,341
333,342
333,343
333,344
333,346
333,347
334,408
335,442
336,478
338,345
338,348
338,349
339,414
340,396
340,399
341,349
342,351
342,352
343,410
344,373
344,375
344,477
345,442
346,349
346,392
347,349
347,350
347,358
349,354
350,352
350,355
351,353
351,356
351,357
351,358
351,424
352,360
353,408
354,359
354,362
354,363
354,364
354,365
354,366
354,367
354,368
354,369
354,370
354,371
354,372
355,361
355,373
355,374
355,375
355,477
356,410
356,430
357,374
357,478
359,401
360,377
360,378
360,379
360,380
360,381
360,382
360,383
360,384
360,385
360,386
360,387
361,478
362,390
362,444
363,389
363,444
364,388
364,424
364,431
368,376
369,431
370,390
370,398
371,443
372,398
372,445
373,398
373,400
374,430
376,446
377,471
378,401
379,393
381,402
381,415
383,471
384,397
385,432
385,461
386,411
386,443
387,392
387,493
388,395
388,432
389,391
389,394
390,399
390,479
391,397
392,442
393,396
393,398
393,400
394,396
394,399
396,401
397,403
397,404
397,405
397,406
397,407
397,410
397,413
398,408
399,412
399,414
399,415
400,402
400,409
400,411
400,444
401,416
401,417
401,418
401,419
401,420
401,421
401,422
401,423
401,461
402,424
403,430
403,446
405,471
405,477
406,471
407,443
407,471
408,425
408,426
408,427
408,428
408,429
410,431
414,430
416,442
418,445
420,493
424,433
424,434
424,435
424,436
424,437
424,438
424,439
424,440
424,441
426,478
427,444
428,443
428,471
429,432
431,462
432,446
433,462
434,461
442,447
442,448
442,449
442,450
442,451
442,452
442,453
442,454
442,455
442,456
442,457
442,458
442,459
443,460
445,481
446,463
446,464
446,465
446,466
446,467
446,468
446,469
446,470
446,471
456,477
456,478
460,472
460,473
460,474
460,475
460,476
461,493
463,481
464,478
464,479
465,492
468,480
471,478
476,479
478,483
478,484
478,485
478,486
478,487
478,488
478,489
478,490
478,491
480,492
481,482
482,493
491,494
493,495
493,496
493,497
493,498
493,499
493,500

<end>
