<number of tasks>
500

<cycle time>
1000

<order strength>
0.197


<task times>
1 27
2 99
3 217
4 192
5 111
6 109
7 343
8 86
9 184
10 103
11 131
12 231
13 151
14 63
15 147
16 177
17 146
18 74
19 92
20 66
21 101
22 156
23 314
24 151
25 147
26 142
27 91
28 134
29 151
30 42
31 256
32 216
33 153
34 147
35 42
36 107
37 62
38 66
39 199
40 36
41 204
42 154
43 103
44 131
45 265
46 125
47 205
48 104
49 95
50 138
51 42
52 187
53 80
54 31
55 192
56 255
57 61
58 204
59 152
60 191
61 97
62 148
63 166
64 135
65 287
66 160
67 238
68 91
69 316
70 105
71 276
72 82
73 261
74 53
75 115
76 60
77 136
78 60
79 189
80 139
81 152
82 189
83 110
84 112
85 294
86 280
87 21
88 185
89 157
90 46
91 202
92 177
93 66
94 149
95 91
96 174
97 165
98 169
99 146
100 64
101 34
102 105
103 93
104 167
105 157
106 129
107 62
108 32
109 134
110 69
111 34
112 245
113 101
114 37
115 28
116 37
117 202
118 49
119 280
120 207
121 229
122 97
123 238
124 154
125 157
126 228
127 66
128 211
129 236
130 93
131 55
132 65
133 146
134 65
135 105
136 134
137 143
138 34
139 105
140 197
141 153
142 117
143 202
144 60
145 202
146 169
147 300
148 216
149 243
150 159
151 78
152 111
153 137
154 73
155 147
156 168
157 73
158 161
159 203
160 55
161 59
162 248
163 144
164 199
165 92
166 152
167 38
168 134
169 180
170 369
171 162
172 278
173 207
174 150
175 160
176 150
177 190
178 141
179 71
180 185
181 157
182 30
183 167
184 26
185 157
186 23
187 90
188 190
189 256
190 20
191 100
192 157
193 111
194 74
195 51
196 85
197 153
198 88
199 290
200 197
201 100
202 149
203 137
204 36
205 71
206 51
207 170
208 66
209 193
210 285
211 79
212 106
213 109
214 81
215 192
216 50
217 38
218 230
219 263
220 64
221 53
222 48
223 21
224 37
225 94
226 284
227 158
228 242
229 92
230 119
231 41
232 210
233 132
234 245
235 92
236 75
237 305
238 197
239 110
240 47
241 52
242 47
243 355
244 192
245 207
246 281
247 286
248 22
249 187
250 143
251 33
252 252
253 78
254 61
255 180
256 90
257 97
258 212
259 97
260 60
261 70
262 60
263 121
264 127
265 52
266 48
267 139
268 185
269 120
270 83
271 153
272 182
273 56
274 364
275 81
276 118
277 100
278 38
279 150
280 313
281 31
282 196
283 133
284 231
285 53
286 158
287 247
288 22
289 129
290 77
291 88
292 60
293 25
294 185
295 222
296 270
297 132
298 198
299 171
300 42
301 84
302 69
303 85
304 185
305 171
306 278
307 105
308 133
309 59
310 240
311 122
312 25
313 53
314 298
315 182
316 139
317 82
318 228
319 124
320 37
321 108
322 105
323 72
324 155
325 56
326 123
327 25
328 52
329 184
330 257
331 122
332 64
333 85
334 166
335 226
336 157
337 137
338 124
339 180
340 265
341 194
342 32
343 66
344 30
345 104
346 255
347 46
348 181
349 74
350 149
351 126
352 271
353 318
354 285
355 147
356 90
357 137
358 109
359 176
360 134
361 56
362 164
363 63
364 237
365 40
366 116
367 323
368 84
369 60
370 197
371 196
372 74
373 192
374 174
375 40
376 249
377 116
378 167
379 65
380 280
381 75
382 224
383 116
384 121
385 21
386 162
387 190
388 24
389 142
390 211
391 144
392 236
393 113
394 147
395 124
396 192
397 123
398 116
399 124
400 171
401 283
402 112
403 149
404 28
405 263
406 176
407 240
408 135
409 77
410 75
411 211
412 147
413 94
414 111
415 154
416 38
417 78
418 135
419 186
420 152
421 246
422 165
423 134
424 121
425 139
426 149
427 87
428 164
429 278
430 36
431 172
432 132
433 189
434 80
435 29
436 161
437 174
438 130
439 273
440 225
441 126
442 151
443 62
444 76
445 166
446 31
447 299
448 144
449 106
450 151
451 164
452 50
453 213
454 46
455 219
456 134
457 43
458 139
459 89
460 39
461 247
462 38
463 143
464 74
465 121
466 167
467 203
468 45
469 150
470 72
471 76
472 145
473 217
474 84
475 35
476 52
477 175
478 58
479 99
480 40
481 217
482 132
483 149
484 154
485 266
486 178
487 91
488 160
489 114
490 118
491 184
492 74
493 46
494 88
495 244
496 21
497 34
498 144
499 173
500 158

<precedence relations>
1,15
2,16
3,17
4,18
5,14
5,19
5,34
6,22
7,497
8,39
9,20
10,21
11,23
11,305
11,348
12,118
12,128
13,19
13,24
14,25
15,26
16,27
17,28
18,30
19,29
19,31
20,32
20,127
21,35
21,38
22,37
22,40
22,66
23,36
23,39
23,42
23,280
24,33
24,34
24,41
24,43
25,52
26,44
27,46
28,48
29,50
30,49
31,45
31,51
31,54
32,47
32,52
32,55
33,473
34,309
34,339
36,286
37,310
38,213
39,201
39,212
39,306
40,396
41,53
44,58
45,56
46,59
47,57
48,60
49,61
50,63
51,62
52,70
53,73
54,67
54,69
54,71
54,72
55,64
55,65
55,66
55,68
55,457
56,74
57,75
58,76
59,77
60,78
61,84
62,80
63,79
63,81
64,186
64,229
64,400
66,82
66,83
67,87
68,86
70,229
71,458
72,88
72,89
72,160
73,85
73,199
73,306
73,378
74,90
75,100
76,94
77,92
78,95
79,96
80,98
81,99
82,91
82,97
82,101
82,279
82,322
83,93
83,105
83,397
83,424
84,199
85,102
85,103
85,104
87,173
88,396
88,493
89,106
89,333
90,107
91,108
92,109
93,110
94,111
95,113
96,114
97,112
98,115
99,116
100,296
100,442
101,173
101,303
102,118
103,120
103,202
103,212
103,243
104,119
106,117
107,121
108,123
109,126
110,125
111,122
112,125
113,124
114,128
114,131
115,127
115,132
117,129
117,398
118,186
119,130
120,294
121,135
122,134
123,136
124,138
125,133
125,296
125,415
126,146
127,137
127,380
128,143
128,229
129,141
129,325
129,424
130,139
130,144
131,140
131,145
131,147
132,142
132,146
133,149
134,150
135,151
136,157
137,152
138,156
139,148
139,153
139,154
139,155
140,207
142,161
142,311
143,160
145,159
145,162
146,158
146,217
146,473
147,283
147,396
148,164
149,163
150,172
151,165
152,167
153,169
154,170
155,171
156,168
157,175
157,321
157,486
158,166
158,320
159,349
159,370
160,174
160,286
161,336
162,173
162,176
163,177
164,178
165,180
166,181
167,179
168,183
169,182
170,184
171,185
172,186
172,457
173,184
173,190
174,189
174,191
175,187
175,355
175,401
176,188
176,227
177,193
178,195
179,192
180,197
181,198
182,194
183,199
184,196
185,202
185,332
186,201
186,301
189,400
189,472
190,203
191,200
191,262
191,295
192,207
193,204
194,206
195,215
196,205
196,214
196,216
197,213
198,208
198,210
198,212
198,305
200,443
201,209
201,211
201,217
202,337
203,475
204,218
205,219
206,222
207,221
207,223
207,225
207,232
208,220
208,226
209,224
209,231
211,444
212,229
213,227
213,230
215,232
216,228
216,249
218,243
219,238
220,235
221,236
222,240
223,237
224,239
225,241
226,233
226,493
227,234
227,242
228,245
228,250
229,246
229,250
231,247
231,248
232,244
232,249
232,383
233,251
234,255
235,252
236,254
237,256
238,258
239,257
240,260
241,261
242,253
242,263
243,265
243,281
244,259
246,279
247,262
248,264
249,266
249,442
250,353
251,267
252,268
253,269
254,270
255,271
256,272
257,273
258,275
259,274
260,276
261,277
262,281
262,285
262,350
263,278
263,279
263,283
263,286
264,284
266,280
266,282
267,287
268,288
269,289
270,294
271,290
272,294
273,294
274,291
275,292
276,293
277,294
278,333
278,381
279,324
279,380
282,295
282,497
283,340
285,296
286,297
287,299
288,301
289,298
290,300
291,303
292,304
293,305
294,307
294,308
294,310
294,312
295,302
295,309
295,368
297,306
297,311
298,313
299,314
300,317
301,316
301,318
301,319
301,324
302,315
302,326
302,382
303,321
303,431
304,320
304,323
305,474
306,322
310,325
311,440
311,442
313,327
314,334
315,328
316,329
317,330
318,331
319,333
319,337
319,338
320,338
320,340
320,341
321,335
321,336
323,366
324,339
325,332
325,336
326,470
326,473
327,344
328,345
329,347
330,346
331,348
332,342
332,351
333,343
333,353
333,439
335,379
335,415
336,351
336,397
337,352
337,354
337,472
341,349
341,350
341,355
342,356
343,357
344,358
345,362
346,364
347,359
347,360
347,361
347,363
347,459
348,424
348,425
349,365
349,369
350,366
351,368
351,459
352,367
352,370
356,371
357,372
358,376
359,373
360,374
361,375
362,379
363,377
364,378
365,400
366,381
366,383
366,385
367,384
368,382
368,386
370,380
371,387
372,395
373,390
374,389
375,397
376,391
377,394
378,388
378,392
378,393
378,398
378,400
380,402
381,401
382,429
382,456
384,396
384,399
387,404
388,405
389,406
390,403
391,408
392,409
393,410
394,411
395,500
396,407
397,488
398,414
399,415
400,417
401,412
401,413
401,416
402,416
403,418
404,419
405,420
406,423
407,421
408,422
409,425
410,423
411,423
412,487
413,430
414,424
414,427
415,432
416,431
417,426
417,428
417,429
418,433
419,435
420,434
421,437
422,440
423,438
423,492
424,436
424,439
424,444
424,448
425,443
427,447
427,479
429,445
429,446
431,442
432,441
433,455
434,456
435,449
436,450
437,452
438,453
439,451
439,454
440,457
441,461
444,456
445,458
446,460
446,462
447,459
449,464
450,463
451,465
452,466
453,468
454,469
455,467
455,470
455,478
456,475
456,476
457,472
457,473
459,474
460,471
460,479
461,480
462,477
462,480
463,482
464,481
465,484
466,486
467,485
468,486
469,486
470,483
472,491
472,492
475,488
475,490
476,489
476,493
477,487
481,494
482,496
483,495
484,496
485,496
489,500
490,498
492,497
492,499

<end>
