<number of tasks>
500

<cycle time>
1000

<order strength>
0.597


<task times>
1 242
2 210
3 143
4 182
5 124
6 120
7 119
8 98
9 151
10 149
11 63
12 24
13 125
14 100
15 32
16 124
17 67
18 127
19 125
20 119
21 62
22 44
23 62
24 91
25 82
26 95
27 133
28 99
29 171
30 203
31 148
32 154
33 45
34 107
35 70
36 202
37 63
38 141
39 135
40 130
41 87
42 96
43 149
44 77
45 84
46 73
47 167
48 92
49 85
50 202
51 176
52 68
53 119
54 78
55 103
56 98
57 157
58 223
59 112
60 44
61 55
62 164
63 41
64 86
65 35
66 166
67 148
68 138
69 74
70 177
71 301
72 54
73 252
74 181
75 60
76 120
77 204
78 208
79 107
80 43
81 172
82 99
83 273
84 139
85 50
86 238
87 27
88 69
89 244
90 116
91 89
92 66
93 32
94 201
95 58
96 139
97 81
98 267
99 21
100 24
101 118
102 74
103 50
104 106
105 115
106 56
107 20
108 147
109 80
110 313
111 265
112 74
113 142
114 66
115 108
116 207
117 23
118 90
119 21
120 157
121 76
122 73
123 84
124 151
125 65
126 108
127 371
128 61
129 210
130 103
131 150
132 76
133 66
134 48
135 302
136 169
137 143
138 167
139 263
140 378
141 100
142 33
143 31
144 89
145 23
146 145
147 122
148 144
149 179
150 238
151 74
152 129
153 42
154 57
155 209
156 132
157 117
158 179
159 139
160 73
161 75
162 278
163 68
164 33
165 270
166 148
167 234
168 66
169 124
170 88
171 232
172 233
173 29
174 292
175 107
176 186
177 144
178 239
179 30
180 104
181 230
182 60
183 24
184 99
185 94
186 170
187 113
188 84
189 293
190 39
191 178
192 91
193 154
194 76
195 148
196 189
197 213
198 44
199 150
200 157
201 56
202 141
203 113
204 131
205 152
206 375
207 49
208 38
209 263
210 292
211 276
212 195
213 190
214 173
215 71
216 126
217 39
218 41
219 42
220 133
221 76
222 124
223 97
224 203
225 86
226 247
227 152
228 213
229 45
230 100
231 57
232 104
233 263
234 101
235 187
236 177
237 175
238 192
239 117
240 239
241 154
242 252
243 149
244 145
245 190
246 76
247 198
248 147
249 149
250 122
251 45
252 221
253 112
254 113
255 141
256 120
257 30
258 140
259 150
260 97
261 90
262 102
263 34
264 226
265 138
266 56
267 82
268 230
269 121
270 128
271 249
272 127
273 84
274 370
275 178
276 130
277 137
278 88
279 142
280 204
281 97
282 267
283 194
284 243
285 77
286 125
287 53
288 62
289 183
290 150
291 88
292 194
293 76
294 284
295 37
296 35
297 61
298 189
299 46
300 127
301 121
302 136
303 111
304 432
305 231
306 310
307 126
308 207
309 96
310 151
311 125
312 126
313 45
314 72
315 76
316 47
317 70
318 365
319 71
320 121
321 168
322 91
323 22
324 187
325 208
326 221
327 156
328 123
329 213
330 84
331 119
332 239
333 157
334 24
335 222
336 110
337 251
338 60
339 40
340 296
341 72
342 67
343 79
344 63
345 113
346 143
347 140
348 165
349 195
350 83
351 107
352 250
353 152
354 124
355 121
356 109
357 146
358 183
359 96
360 66
361 128
362 25
363 140
364 68
365 189
366 68
367 176
368 22
369 199
370 62
371 133
372 174
373 123
374 93
375 244
376 146
377 110
378 74
379 165
380 43
381 187
382 55
383 114
384 366
385 75
386 143
387 29
388 109
389 159
390 119
391 205
392 87
393 32
394 42
395 210
396 60
397 106
398 43
399 140
400 74
401 167
402 214
403 85
404 63
405 171
406 24
407 104
408 165
409 131
410 47
411 285
412 23
413 70
414 167
415 121
416 163
417 29
418 46
419 107
420 270
421 96
422 143
423 74
424 135
425 62
426 40
427 31
428 38
429 108
430 270
431 83
432 189
433 82
434 100
435 319
436 74
437 23
438 101
439 128
440 32
441 22
442 155
443 93
444 64
445 30
446 70
447 29
448 421
449 210
450 291
451 198
452 248
453 138
454 95
455 91
456 155
457 239
458 62
459 80
460 143
461 101
462 227
463 47
464 172
465 214
466 161
467 125
468 83
469 147
470 114
471 50
472 45
473 182
474 125
475 98
476 81
477 68
478 274
479 111
480 265
481 112
482 75
483 196
484 157
485 96
486 188
487 186
488 70
489 184
490 121
491 160
492 88
493 163
494 164
495 87
496 80
497 115
498 138
499 119
500 94

<precedence relations>
1,114
1,233
2,13
3,77
3,138
3,168
4,13
4,20
5,124
5,338
6,13
6,17
6,18
7,13
7,14
7,16
8,19
8,28
8,91
9,13
9,14
9,15
9,21
10,55
11,15
12,256
12,356
13,28
14,261
14,350
15,22
15,24
15,46
15,89
16,25
17,23
17,26
17,27
17,82
18,22
19,29
19,30
20,22
20,194
21,39
21,112
21,276
22,34
22,90
22,123
22,208
23,31
23,116
24,32
24,35
24,53
25,31
25,32
25,36
26,67
26,194
26,204
26,215
27,31
27,116
28,31
28,33
28,53
28,82
28,96
29,31
29,106
30,31
30,106
31,40
31,64
32,44
32,123
32,208
33,42
34,39
34,81
35,37
35,38
36,41
36,43
37,49
38,80
39,212
40,48
40,60
41,45
41,47
41,52
41,53
41,116
42,45
42,50
42,57
42,106
43,45
43,46
43,47
43,51
44,223
44,229
45,54
45,55
45,62
45,64
45,103
46,54
46,55
46,56
46,57
46,59
46,61
47,273
47,357
48,57
48,63
48,67
49,65
49,93
50,54
50,55
50,60
50,63
51,56
51,67
51,68
52,54
52,55
52,86
53,58
53,66
53,277
54,75
54,105
54,122
54,125
55,69
55,70
56,69
56,70
56,74
56,196
56,201
58,124
58,239
59,75
60,69
60,72
61,69
61,70
61,71
62,69
62,100
63,69
63,70
63,71
63,152
64,69
64,70
64,73
64,75
64,130
65,69
65,140
66,231
66,255
67,77
68,76
68,170
69,88
70,84
70,118
70,133
70,204
71,78
71,86
72,112
72,199
73,89
73,143
73,168
73,229
74,78
74,85
74,91
75,78
75,79
75,81
75,83
75,87
76,78
76,82
76,90
76,214
76,240
76,268
77,78
77,80
77,132
77,178
77,238
78,97
79,94
79,95
79,99
79,100
80,231
80,260
83,92
83,93
83,180
84,151
85,96
85,185
86,101
87,92
87,93
87,165
88,92
88,98
88,212
89,234
89,323
90,160
91,430
92,102
93,258
93,444
94,353
95,222
95,277
95,280
96,106
96,240
97,210
97,244
97,255
97,301
98,105
99,356
99,407
100,104
101,103
101,113
102,107
102,111
102,114
103,115
103,117
103,129
104,107
104,108
104,109
104,110
104,111
105,107
105,108
105,112
106,113
106,116
106,202
106,218
107,216
107,245
108,147
109,123
109,124
110,120
111,118
111,119
111,129
112,408
113,189
113,270
114,126
115,121
115,150
117,118
117,119
117,122
117,125
117,153
118,127
118,131
118,134
119,128
119,133
120,129
120,136
120,159
120,220
120,229
121,256
121,357
122,130
123,127
123,128
123,135
124,237
124,384
125,127
125,245
126,132
126,170
126,192
127,144
128,158
128,330
129,142
129,191
129,218
130,137
130,220
131,355
132,166
132,193
132,220
133,137
133,138
134,137
134,138
134,141
135,137
135,140
135,143
136,139
137,145
137,146
137,150
137,156
137,197
137,229
138,151
138,155
139,154
139,235
140,146
140,152
140,153
140,211
141,145
141,149
142,145
142,146
142,147
142,148
143,145
143,147
143,218
144,154
145,157
146,160
146,161
146,238
146,279
147,157
148,157
148,158
148,188
149,159
150,157
150,158
151,157
151,162
152,195
152,333
153,158
153,165
154,210
154,216
155,163
156,164
156,234
157,174
159,166
159,171
159,175
160,232
160,264
161,278
161,321
162,166
162,173
163,167
163,169
163,210
164,166
164,168
165,170
165,172
165,176
166,177
166,182
166,183
167,186
168,428
169,184
169,185
169,256
169,261
170,177
170,353
170,361
171,182
171,338
172,179
172,180
173,181
174,187
175,188
175,439
176,178
177,267
178,197
178,201
179,196
179,210
180,192
180,265
181,413
181,453
182,262
183,190
183,199
183,280
184,240
184,366
185,349
185,492
186,189
186,191
186,193
186,194
186,195
186,278
187,198
187,200
188,341
188,375
188,498
190,210
190,498
191,248
191,282
192,205
192,207
192,301
193,305
193,330
194,208
195,230
195,326
196,204
196,212
197,205
197,209
197,231
197,280
198,203
198,206
199,211
200,202
200,203
200,207
200,235
201,202
202,260
203,216
205,218
205,354
205,473
206,214
206,253
207,215
207,372
208,213
208,287
209,344
210,339
210,463
211,217
212,213
213,219
213,220
213,229
214,228
214,266
216,224
216,225
216,226
216,227
216,230
217,221
217,222
217,223
217,231
218,219
218,329
219,292
219,366
220,256
220,334
221,232
221,242
221,297
222,287
222,298
223,235
223,309
224,234
224,236
225,251
225,266
226,233
226,238
226,239
227,237
228,232
228,303
229,232
230,240
230,242
230,410
231,241
231,284
232,243
232,245
232,288
232,307
233,250
234,293
234,399
235,244
236,247
236,248
237,243
237,246
238,249
238,349
239,259
241,243
241,251
241,373
242,433
243,252
244,271
244,314
244,319
245,462
246,253
246,254
246,258
247,255
247,260
248,319
249,256
250,251
250,257
250,259
250,299
251,262
251,265
252,261
252,300
252,354
253,261
253,263
255,398
256,264
257,268
257,285
257,298
259,261
259,267
260,261
260,264
260,266
261,270
262,269
262,274
262,278
263,272
263,276
263,280
263,292
263,310
264,271
264,277
264,370
265,279
265,385
266,275
266,429
267,273
268,269
268,333
269,295
269,365
270,285
271,281
273,312
274,281
274,283
274,429
275,318
276,367
277,284
277,347
278,282
278,286
278,288
278,289
278,366
279,287
280,345
281,296
281,300
281,302
281,317
283,301
283,333
284,298
284,299
285,290
285,292
286,290
286,297
287,290
287,291
287,294
287,295
288,291
288,355
289,293
290,304
290,305
291,404
293,464
294,306
295,307
295,346
296,310
297,303
297,462
298,308
298,309
298,329
300,335
301,303
302,460
303,313
303,320
304,314
304,319
305,312
305,351
306,317
306,318
307,311
307,313
307,378
307,401
308,316
308,401
309,311
309,315
310,321
310,390
310,426
311,485
312,322
312,390
313,410
314,323
315,326
316,430
317,324
318,334
319,325
319,327
319,328
320,348
321,329
322,331
322,332
322,334
322,339
323,329
323,330
323,333
324,333
325,496
326,335
326,338
327,336
327,337
327,397
329,340
329,479
330,342
330,344
330,390
332,341
332,347
332,349
333,355
333,434
334,346
334,427
335,348
335,383
335,396
336,343
337,345
338,350
339,485
340,367
341,482
342,352
342,386
342,441
343,352
343,357
344,361
344,429
345,356
345,358
345,388
346,382
346,423
347,355
347,395
347,439
348,351
348,359
350,353
350,354
350,360
351,367
352,370
352,371
352,408
354,362
354,363
355,362
355,363
355,369
355,400
356,422
356,466
356,478
358,369
359,364
359,365
359,397
360,362
360,366
360,368
361,386
361,497
362,376
362,381
363,372
364,375
364,379
364,476
365,380
366,378
367,374
367,391
368,373
368,382
368,387
368,428
369,424
370,377
370,500
371,482
372,468
373,383
374,431
375,454
375,497
376,386
377,389
377,422
377,447
378,384
378,464
379,385
379,398
380,385
380,388
380,390
380,391
381,387
381,392
381,393
381,413
382,402
382,415
383,395
383,453
383,459
384,414
385,404
386,397
386,448
387,451
387,476
388,400
389,399
390,394
390,398
390,441
391,422
392,494
393,396
394,408
394,409
395,444
396,404
397,407
399,403
399,406
400,401
400,402
400,405
401,413
402,410
402,412
404,415
404,417
406,414
407,449
408,416
409,411
411,419
412,426
413,425
413,451
414,424
414,429
415,418
415,422
416,420
416,427
416,467
416,468
417,421
417,423
417,428
418,433
418,435
418,491
419,431
419,439
420,471
422,432
422,436
424,437
424,440
425,438
429,430
429,434
429,435
430,449
430,450
430,483
431,443
431,446
431,495
432,445
432,453
432,465
433,444
433,447
433,500
434,452
436,444
436,448
438,441
439,442
439,451
441,456
441,457
442,454
442,461
444,457
445,458
448,459
448,460
449,459
450,455
450,462
452,463
454,466
455,465
456,464
458,467
458,470
461,468
461,469
461,471
462,487
464,478
464,480
465,477
466,473
466,479
467,472
467,474
467,475
467,481
469,476
472,484
472,492
472,495
473,482
474,488
475,489
475,490
476,491
477,485
478,493
478,494
480,486
480,487
480,496
481,483
483,497
484,498
493,496
494,500
495,499

<end>
