<number of tasks>
500

<cycle time>
1000

<order strength>
0.595


<task times>
1 122
2 111
3 161
4 196
5 74
6 76
7 27
8 104
9 114
10 153
11 129
12 83
13 140
14 206
15 119
16 96
17 49
18 166
19 75
20 192
21 59
22 117
23 176
24 105
25 249
26 108
27 244
28 211
29 71
30 82
31 175
32 120
33 33
34 233
35 129
36 101
37 158
38 111
39 137
40 97
41 149
42 49
43 69
44 308
45 231
46 99
47 206
48 90
49 21
50 220
51 66
52 145
53 83
54 72
55 153
56 130
57 124
58 296
59 118
60 128
61 28
62 192
63 228
64 210
65 80
66 119
67 76
68 166
69 22
70 233
71 243
72 170
73 172
74 151
75 165
76 171
77 183
78 138
79 42
80 178
81 147
82 180
83 162
84 77
85 139
86 167
87 134
88 104
89 272
90 69
91 142
92 181
93 101
94 217
95 187
96 161
97 224
98 143
99 133
100 255
101 198
102 131
103 105
104 158
105 184
106 44
107 68
108 211
109 172
110 203
111 171
112 209
113 54
114 199
115 220
116 58
117 33
118 104
119 139
120 119
121 29
122 124
123 50
124 203
125 143
126 283
127 46
128 338
129 25
130 50
131 164
132 64
133 105
134 196
135 30
136 27
137 48
138 60
139 184
140 111
141 169
142 233
143 67
144 102
145 90
146 137
147 82
148 43
149 139
150 148
151 119
152 145
153 47
154 113
155 174
156 104
157 103
158 212
159 81
160 208
161 115
162 86
163 234
164 114
165 80
166 90
167 153
168 132
169 190
170 99
171 79
172 259
173 117
174 129
175 337
176 125
177 242
178 98
179 40
180 191
181 94
182 100
183 43
184 193
185 78
186 30
187 82
188 168
189 153
190 168
191 136
192 54
193 37
194 244
195 65
196 64
197 126
198 268
199 115
200 22
201 238
202 184
203 104
204 190
205 168
206 117
207 52
208 225
209 70
210 142
211 125
212 333
213 296
214 279
215 118
216 108
217 106
218 280
219 101
220 196
221 34
222 167
223 162
224 65
225 134
226 60
227 128
228 78
229 120
230 251
231 61
232 169
233 177
234 91
235 165
236 104
237 144
238 25
239 112
240 55
241 127
242 234
243 132
244 176
245 40
246 161
247 176
248 210
249 149
250 69
251 111
252 179
253 85
254 213
255 32
256 99
257 123
258 198
259 100
260 59
261 142
262 126
263 145
264 95
265 133
266 387
267 123
268 39
269 67
270 161
271 124
272 118
273 160
274 36
275 181
276 269
277 107
278 133
279 57
280 177
281 81
282 58
283 45
284 170
285 279
286 236
287 135
288 183
289 31
290 101
291 35
292 177
293 166
294 220
295 165
296 135
297 152
298 154
299 263
300 257
301 151
302 57
303 243
304 285
305 46
306 74
307 152
308 200
309 146
310 239
311 56
312 274
313 222
314 133
315 109
316 40
317 146
318 146
319 79
320 183
321 157
322 267
323 108
324 104
325 193
326 49
327 90
328 129
329 117
330 221
331 57
332 370
333 162
334 168
335 90
336 132
337 174
338 284
339 125
340 153
341 179
342 72
343 231
344 30
345 150
346 202
347 37
348 90
349 69
350 116
351 31
352 58
353 39
354 257
355 158
356 69
357 44
358 112
359 256
360 112
361 139
362 51
363 223
364 194
365 23
366 126
367 114
368 156
369 92
370 55
371 184
372 68
373 177
374 46
375 191
376 104
377 205
378 40
379 127
380 267
381 203
382 37
383 129
384 122
385 233
386 79
387 109
388 56
389 130
390 171
391 59
392 90
393 49
394 39
395 83
396 211
397 190
398 161
399 133
400 152
401 193
402 112
403 96
404 206
405 198
406 69
407 248
408 248
409 25
410 151
411 151
412 148
413 281
414 46
415 166
416 62
417 86
418 311
419 40
420 41
421 80
422 24
423 80
424 105
425 183
426 138
427 81
428 77
429 141
430 27
431 211
432 81
433 303
434 153
435 61
436 369
437 153
438 147
439 171
440 307
441 73
442 178
443 175
444 59
445 40
446 109
447 217
448 182
449 64
450 181
451 109
452 165
453 52
454 124
455 36
456 153
457 55
458 55
459 119
460 122
461 124
462 235
463 26
464 102
465 120
466 261
467 210
468 142
469 284
470 143
471 118
472 173
473 232
474 32
475 128
476 221
477 97
478 83
479 170
480 136
481 204
482 81
483 87
484 134
485 265
486 304
487 30
488 88
489 105
490 66
491 128
492 66
493 83
494 121
495 160
496 72
497 188
498 72
499 155
500 214

<precedence relations>
1,14
1,21
1,22
2,114
3,162
3,211
4,15
4,20
5,14
5,91
6,16
6,24
6,61
6,63
7,14
7,18
7,90
7,91
8,14
9,15
9,17
10,271
10,310
10,351
11,19
11,82
11,93
12,14
12,15
12,23
13,14
14,28
14,86
15,25
15,30
15,31
16,25
16,26
16,32
17,25
17,26
17,33
17,85
18,27
18,283
19,142
19,156
19,217
20,27
20,262
21,25
22,104
23,25
23,26
24,25
24,29
24,32
25,34
25,35
25,37
26,39
26,69
26,77
26,110
27,120
27,273
28,38
28,169
29,34
29,77
30,35
30,36
31,34
31,41
32,34
32,35
32,40
33,34
34,44
35,45
36,236
37,43
37,46
37,49
38,123
38,137
39,48
39,50
39,99
39,185
40,44
40,51
40,71
41,42
41,43
41,47
41,52
42,53
42,55
42,56
42,95
42,145
43,53
43,58
43,62
44,60
45,53
45,57
45,185
46,53
46,162
47,54
47,63
47,72
47,153
48,53
48,54
48,125
49,82
50,53
50,164
51,59
51,64
51,106
52,53
52,54
52,55
52,61
52,88
52,95
53,103
53,119
53,207
54,65
54,67
54,115
54,173
55,65
55,149
56,159
56,229
57,68
58,65
58,66
58,72
58,183
59,238
60,65
60,69
60,110
61,311
61,382
61,443
62,70
62,73
62,74
63,66
63,71
63,138
63,169
64,65
64,66
64,169
64,219
65,158
66,75
66,79
67,75
67,212
68,76
68,81
68,173
69,78
70,75
70,81
70,83
70,191
71,84
71,85
72,75
72,77
73,75
73,80
73,86
74,82
74,90
74,91
75,120
75,135
76,87
76,96
77,236
77,285
78,89
78,91
79,333
79,462
80,88
80,90
81,166
81,214
81,230
81,256
82,87
82,88
83,87
84,220
84,246
84,260
84,340
85,167
86,87
86,88
86,89
87,92
87,94
87,95
87,193
88,96
88,97
88,98
88,99
88,100
89,379
89,426
90,93
90,173
91,92
91,93
91,94
91,180
92,101
92,102
93,103
94,101
94,106
94,113
94,115
95,248
95,308
95,309
95,345
95,348
95,360
95,374
96,102
96,110
96,135
97,101
97,102
97,103
97,104
97,105
97,106
98,107
98,195
99,101
99,109
100,101
100,108
101,111
101,140
101,219
102,161
103,112
103,116
104,111
104,114
104,115
104,117
104,122
104,159
105,111
105,118
106,481
107,142
107,151
107,154
108,116
109,111
109,119
109,219
110,113
110,160
110,215
111,143
111,249
112,122
112,193
113,126
113,129
113,207
114,120
114,125
114,153
115,121
116,120
116,124
116,129
116,159
116,161
116,191
117,180
117,229
118,123
118,127
119,120
119,128
120,182
120,214
121,130
121,131
121,137
121,138
121,190
123,132
123,134
123,135
123,136
124,131
125,133
125,248
126,165
126,300
127,130
127,137
128,130
129,155
129,202
129,298
129,335
130,143
130,144
131,140
132,246
134,467
135,139
135,148
135,149
136,146
136,147
137,139
137,141
137,183
137,219
138,139
138,142
138,145
139,150
139,217
140,150
140,152
141,151
141,197
142,150
142,158
143,154
143,157
143,160
144,150
144,156
144,225
145,155
145,171
145,223
146,150
146,229
147,153
148,159
148,333
148,349
149,363
150,165
150,166
150,167
150,168
151,164
152,165
152,307
153,161
153,162
153,163
154,161
154,169
156,171
156,263
157,163
158,161
159,327
159,352
159,364
159,500
160,170
160,171
160,388
160,404
161,176
161,177
162,173
162,180
162,185
163,183
164,179
164,181
164,184
165,172
165,182
165,256
166,172
166,175
167,174
167,186
167,197
167,215
168,172
168,178
168,337
168,378
169,172
172,308
172,324
172,338
172,374
172,383
173,206
174,274
175,222
176,187
176,188
176,192
177,241
177,285
178,187
179,189
179,192
180,191
180,193
181,388
182,268
182,331
183,187
183,226
184,188
185,187
185,190
186,301
187,202
188,196
189,194
189,211
189,271
190,195
190,199
190,200
191,194
191,433
192,198
192,201
192,203
193,197
194,280
195,312
196,205
196,208
197,206
197,209
197,210
198,208
198,212
199,207
199,214
200,308
201,211
201,213
201,274
202,204
203,261
204,312
205,216
207,219
208,223
209,222
210,223
211,431
212,220
213,218
213,220
213,221
213,224
214,215
214,217
214,321
215,299
216,225
218,353
218,363
218,393
219,316
219,416
220,228
220,229
220,358
221,225
221,226
222,226
222,227
222,231
223,230
223,232
223,233
225,370
226,276
226,307
226,362
226,374
227,237
227,258
228,411
229,414
230,236
230,445
230,479
231,235
232,234
232,235
232,238
232,240
233,234
233,239
234,245
234,252
234,253
235,243
235,322
236,331
236,416
237,242
237,249
238,247
238,251
238,254
238,273
239,241
239,244
239,246
239,261
239,320
239,326
240,241
240,242
240,248
240,250
241,274
242,255
242,257
243,259
244,464
245,430
246,256
246,360
246,389
248,304
250,258
252,274
253,386
253,444
254,257
255,260
255,263
255,265
255,267
256,460
257,262
257,264
257,351
258,268
258,277
258,317
258,351
259,261
259,266
259,372
260,272
260,277
261,273
261,278
262,275
263,346
264,269
264,276
265,274
265,279
265,280
265,343
266,378
266,379
266,413
267,271
267,278
268,270
268,290
268,313
269,283
269,341
269,391
270,281
271,288
271,290
271,353
271,374
272,457
273,289
274,286
274,446
275,281
275,285
275,288
275,341
276,282
277,284
277,400
279,287
279,401
279,445
279,450
281,292
282,297
282,299
283,295
284,417
284,459
285,423
286,291
286,300
286,349
286,374
287,419
287,480
288,295
288,296
288,300
289,293
290,294
290,298
290,314
290,349
290,372
290,385
291,331
291,435
291,447
292,304
292,309
292,310
292,378
293,306
293,307
293,359
294,301
294,303
294,350
294,360
294,373
295,305
295,314
295,364
296,302
296,311
296,324
296,387
297,354
298,379
299,308
299,369
300,301
301,396
301,449
302,473
304,322
305,318
305,383
306,316
306,319
306,427
306,471
307,313
307,323
307,342
307,379
308,314
308,317
308,320
310,312
310,315
310,316
310,321
310,346
311,482
312,324
312,330
312,333
313,334
313,385
314,336
314,389
315,470
315,488
316,374
316,394
316,432
319,331
319,390
319,451
321,325
321,477
322,326
322,332
323,327
323,328
323,329
323,335
324,486
325,342
325,399
326,342
326,349
327,337
327,344
327,346
327,348
327,390
328,390
328,428
329,341
329,491
330,347
330,408
331,499
332,338
333,340
333,345
334,339
335,356
335,413
336,343
337,398
337,419
339,358
339,389
340,356
340,357
340,397
343,354
344,351
344,401
344,418
345,353
345,356
346,350
346,450
347,350
347,355
347,358
347,359
347,393
348,350
349,352
349,361
350,423
351,360
352,365
353,364
353,367
354,366
355,363
355,466
356,361
357,362
358,366
359,493
360,369
360,371
361,368
361,373
362,389
363,374
364,493
365,428
366,370
366,375
366,376
367,372
367,422
368,383
368,387
369,378
370,384
370,487
371,462
372,379
372,421
373,392
374,385
374,494
375,377
375,380
375,382
376,381
376,493
378,388
378,391
378,451
379,407
379,463
379,464
380,387
380,392
380,429
380,456
382,392
383,386
383,389
384,390
386,394
387,428
389,393
390,395
390,397
390,398
390,399
391,442
392,396
393,404
393,407
393,409
393,418
394,406
394,408
394,454
394,469
395,401
395,430
396,402
396,405
397,412
398,400
398,403
398,492
399,410
399,480
400,413
400,417
401,415
402,410
404,410
404,412
404,414
405,416
405,448
406,418
407,411
407,481
411,428
412,429
412,430
413,464
414,427
414,451
415,420
415,421
415,422
415,423
416,424
416,426
416,440
417,425
417,432
417,448
418,419
419,435
419,440
421,431
421,440
422,434
423,439
423,497
426,437
426,458
427,432
427,436
427,441
427,442
427,479
428,482
429,465
430,433
430,438
430,464
431,479
433,445
433,447
433,449
434,443
435,467
435,493
436,444
437,450
438,465
439,446
439,448
444,455
446,456
447,454
448,457
449,452
449,490
450,451
450,453
450,459
452,459
452,468
453,461
453,465
454,483
454,490
455,458
455,460
455,467
455,472
456,462
456,469
457,463
457,464
457,466
458,469
458,473
458,474
460,477
460,487
461,471
461,477
463,475
463,476
464,482
465,470
466,475
466,478
468,472
470,481
470,486
472,488
472,489
474,480
474,483
474,487
475,484
476,479
476,485
477,482
477,488
478,489
479,490
480,494
482,495
482,498
483,495
485,491
485,499
486,490
487,493
487,496
487,500
488,492
488,497
489,496

<end>
