<number of tasks>
500

<cycle time>
1000

<order strength>
0.307


<task times>
1 154
2 171
3 106
4 428
5 64
6 67
7 48
8 121
9 195
10 483
11 111
12 203
13 35
14 514
15 165
16 143
17 456
18 368
19 163
20 53
21 243
22 255
23 502
24 328
25 232
26 126
27 170
28 571
29 437
30 247
31 70
32 481
33 347
34 288
35 236
36 224
37 59
38 126
39 244
40 190
41 201
42 21
43 129
44 66
45 299
46 128
47 45
48 284
49 222
50 314
51 151
52 145
53 391
54 244
55 170
56 572
57 52
58 171
59 130
60 298
61 217
62 158
63 127
64 162
65 464
66 81
67 216
68 487
69 135
70 246
71 72
72 101
73 24
74 456
75 240
76 106
77 113
78 147
79 129
80 118
81 556
82 33
83 593
84 283
85 534
86 72
87 183
88 199
89 455
90 436
91 429
92 91
93 356
94 186
95 266
96 197
97 113
98 271
99 104
100 292
101 217
102 141
103 542
104 168
105 138
106 217
107 539
108 309
109 149
110 103
111 230
112 185
113 156
114 372
115 129
116 114
117 50
118 100
119 39
120 191
121 138
122 167
123 112
124 114
125 399
126 33
127 46
128 595
129 139
130 260
131 232
132 345
133 300
134 142
135 217
136 213
137 204
138 54
139 121
140 94
141 273
142 258
143 380
144 401
145 127
146 497
147 500
148 66
149 116
150 107
151 269
152 307
153 569
154 489
155 55
156 465
157 210
158 421
159 329
160 45
161 115
162 247
163 167
164 360
165 482
166 82
167 122
168 277
169 264
170 307
171 190
172 30
173 109
174 226
175 88
176 410
177 294
178 132
179 110
180 205
181 42
182 95
183 512
184 124
185 475
186 452
187 111
188 111
189 21
190 426
191 52
192 211
193 193
194 70
195 96
196 430
197 492
198 87
199 508
200 187
201 137
202 249
203 190
204 40
205 477
206 175
207 46
208 53
209 413
210 485
211 184
212 530
213 144
214 275
215 25
216 44
217 543
218 33
219 490
220 368
221 93
222 524
223 115
224 507
225 73
226 259
227 581
228 88
229 388
230 172
231 164
232 556
233 66
234 148
235 53
236 60
237 331
238 96
239 226
240 129
241 320
242 292
243 183
244 196
245 23
246 516
247 168
248 265
249 88
250 289
251 158
252 124
253 73
254 37
255 61
256 216
257 587
258 28
259 99
260 57
261 258
262 489
263 211
264 292
265 79
266 173
267 166
268 87
269 483
270 96
271 581
272 331
273 469
274 119
275 61
276 94
277 276
278 476
279 407
280 162
281 583
282 53
283 163
284 191
285 49
286 212
287 39
288 413
289 226
290 261
291 358
292 215
293 102
294 129
295 146
296 107
297 383
298 24
299 31
300 28
301 536
302 121
303 538
304 57
305 131
306 94
307 486
308 170
309 290
310 76
311 450
312 39
313 59
314 535
315 85
316 110
317 166
318 472
319 162
320 20
321 202
322 285
323 111
324 397
325 150
326 282
327 132
328 156
329 90
330 182
331 175
332 118
333 516
334 66
335 525
336 240
337 515
338 203
339 21
340 469
341 175
342 108
343 119
344 332
345 326
346 515
347 169
348 209
349 158
350 107
351 512
352 355
353 308
354 264
355 465
356 360
357 324
358 234
359 561
360 22
361 214
362 75
363 485
364 313
365 228
366 355
367 121
368 43
369 302
370 388
371 243
372 54
373 171
374 44
375 179
376 97
377 140
378 133
379 175
380 208
381 306
382 245
383 180
384 424
385 135
386 528
387 62
388 146
389 155
390 133
391 216
392 225
393 440
394 160
395 330
396 274
397 318
398 219
399 264
400 181
401 490
402 428
403 136
404 141
405 236
406 43
407 57
408 316
409 246
410 71
411 32
412 479
413 249
414 26
415 142
416 189
417 213
418 249
419 459
420 200
421 44
422 208
423 101
424 434
425 440
426 427
427 73
428 495
429 95
430 76
431 116
432 101
433 411
434 330
435 202
436 57
437 161
438 57
439 227
440 239
441 332
442 159
443 111
444 127
445 222
446 441
447 134
448 246
449 148
450 122
451 111
452 343
453 24
454 252
455 508
456 26
457 145
458 118
459 185
460 177
461 312
462 113
463 244
464 63
465 198
466 148
467 95
468 30
469 178
470 231
471 475
472 91
473 175
474 68
475 32
476 70
477 83
478 245
479 300
480 363
481 155
482 289
483 139
484 53
485 191
486 94
487 527
488 234
489 178
490 582
491 172
492 54
493 129
494 184
495 147
496 74
497 525
498 515
499 271
500 469

<precedence relations>
1,62
2,62
3,103
4,402
5,31
6,31
7,31
8,31
9,31
10,31
11,31
12,31
13,31
14,156
15,156
16,156
17,156
18,35
19,36
20,37
21,24
21,25
21,28
21,29
21,30
21,32
21,39
22,33
22,40
22,41
23,26
23,27
23,34
23,38
24,62
25,62
26,62
27,62
28,62
29,103
30,103
31,46
31,47
31,48
31,49
31,50
31,51
31,52
31,60
32,156
33,156
34,237
35,42
36,42
37,56
38,53
38,55
39,45
40,43
40,44
40,54
40,57
40,59
41,58
42,62
43,62
44,103
45,308
46,68
46,70
46,72
48,61
49,73
51,63
51,74
51,79
52,66
53,156
54,237
55,69
56,71
57,64
58,77
58,78
59,65
59,75
59,76
60,67
61,482
62,80
62,81
62,82
62,83
62,84
62,85
62,86
62,89
62,90
62,101
63,103
64,402
65,156
66,156
67,106
68,106
69,97
70,92
71,99
72,95
73,93
73,94
73,100
74,88
74,91
74,96
77,102
78,87
78,98
80,103
81,103
82,352
83,106
84,111
84,113
85,105
87,103
88,237
89,343
90,106
91,106
92,112
93,108
94,109
95,104
96,110
97,114
97,115
98,107
99,117
100,116
102,118
103,119
103,120
103,121
103,122
103,142
104,352
105,156
106,124
106,125
106,126
106,127
106,128
106,129
106,130
106,143
107,134
108,133
109,138
110,139
111,137
112,140
113,135
114,131
114,132
114,136
116,141
118,123
119,352
120,156
121,156
122,146
122,149
123,156
128,152
130,154
131,297
132,297
133,147
134,148
135,150
136,151
137,144
140,153
141,145
144,156
145,156
146,157
147,155
148,161
149,158
150,159
151,155
152,162
152,163
153,160
153,166
153,167
153,168
154,164
154,165
154,169
155,352
156,170
156,171
156,172
156,173
156,174
156,175
156,182
156,183
156,184
157,176
158,178
159,179
160,177
162,180
162,181
167,185
170,237
171,194
174,191
176,343
177,188
178,186
179,192
180,190
181,187
181,196
182,189
182,193
182,195
183,197
184,198
186,343
187,202
188,206
189,204
190,203
191,200
191,201
192,208
192,211
193,205
194,210
196,199
197,207
197,209
198,212
199,308
200,297
201,218
202,219
203,220
204,213
205,221
206,216
206,223
206,224
208,217
208,225
209,215
209,226
210,214
210,222
210,227
213,308
214,402
215,254
216,254
217,297
218,228
219,228
220,230
221,228
222,234
222,235
224,229
224,232
225,231
225,233
226,236
228,237
229,237
230,240
231,241
231,242
231,243
231,246
232,244
234,238
234,239
235,245
236,247
237,249
237,250
237,251
237,252
237,253
237,264
238,254
239,254
240,258
241,256
242,248
242,257
242,259
243,260
245,262
246,261
246,263
247,255
248,402
249,275
254,267
254,268
254,269
254,270
254,271
254,272
254,273
254,274
255,297
256,276
257,277
259,278
260,279
263,265
264,266
265,308
266,402
267,282
267,284
267,285
267,291
268,280
269,289
269,294
270,293
271,290
271,292
274,281
274,287
275,283
276,288
277,286
280,352
281,297
282,298
283,302
284,299
285,301
286,303
287,295
287,296
287,300
289,304
290,305
292,307
294,306
295,482
296,308
297,311
297,312
297,313
297,314
297,315
297,320
298,309
299,316
300,317
301,309
302,321
303,319
303,322
304,310
304,318
306,323
308,324
308,325
308,326
308,327
308,328
308,329
308,330
308,331
309,402
310,343
314,332
316,335
317,336
318,333
318,338
318,340
319,334
319,337
319,339
324,352
327,346
329,347
330,341
331,351
332,343
333,344
334,345
335,350
338,348
338,349
340,342
341,352
342,402
343,353
343,354
343,355
343,356
343,357
343,358
343,359
343,360
343,361
343,362
344,365
345,364
346,363
346,366
346,368
349,369
350,367
351,370
352,371
352,372
352,373
352,374
352,375
352,376
352,377
352,378
352,379
352,380
352,381
352,387
353,382
353,389
361,385
361,388
363,383
364,386
367,384
371,394
373,399
374,401
375,397
379,400
381,398
382,392
383,395
384,391
384,396
385,393
388,390
390,402
391,403
392,404
393,405
394,409
395,406
395,407
395,413
395,415
395,418
396,408
396,417
397,412
397,414
399,416
401,410
401,411
402,421
402,422
402,423
402,424
402,425
402,435
403,433
404,427
405,434
406,429
407,430
408,432
409,419
410,420
410,426
411,428
412,431
415,436
415,437
417,438
419,482
420,482
421,446
423,447
424,449
426,439
427,445
428,440
429,441
430,442
431,443
432,444
433,448
439,452
440,452
441,452
442,452
443,452
444,453
445,450
446,451
447,456
447,460
448,454
448,455
448,457
448,459
449,458
450,461
451,462
452,463
453,466
457,464
457,465
458,467
460,468
461,470
462,469
463,472
464,474
467,471
467,473
469,476
470,475
471,479
472,477
472,481
474,478
474,480
475,482
476,483
478,484
479,485
479,486
480,487
482,488
482,489
482,490
482,491
482,492
482,493
482,494
482,495
482,496
482,497
482,498
482,499
482,500

<end>
