<number of tasks>
500

<cycle time>
1000

<order strength>
0.196


<task times>
1 65
2 90
3 142
4 111
5 116
6 60
7 78
8 154
9 200
10 231
11 63
12 77
13 80
14 242
15 160
16 33
17 139
18 138
19 121
20 102
21 113
22 193
23 77
24 262
25 25
26 150
27 180
28 28
29 66
30 198
31 146
32 45
33 203
34 158
35 267
36 263
37 145
38 70
39 252
40 246
41 192
42 87
43 57
44 33
45 117
46 71
47 61
48 155
49 48
50 67
51 176
52 70
53 174
54 45
55 245
56 108
57 125
58 88
59 107
60 219
61 55
62 117
63 24
64 204
65 250
66 46
67 104
68 50
69 135
70 255
71 108
72 100
73 196
74 227
75 94
76 165
77 94
78 29
79 189
80 111
81 260
82 100
83 69
84 164
85 84
86 209
87 151
88 158
89 159
90 45
91 228
92 156
93 122
94 129
95 184
96 84
97 161
98 112
99 131
100 120
101 114
102 26
103 296
104 189
105 394
106 323
107 150
108 87
109 20
110 185
111 42
112 285
113 53
114 43
115 270
116 190
117 270
118 83
119 156
120 201
121 69
122 59
123 78
124 73
125 277
126 93
127 216
128 79
129 198
130 76
131 77
132 113
133 280
134 137
135 58
136 134
137 301
138 140
139 25
140 86
141 236
142 33
143 120
144 85
145 65
146 196
147 232
148 52
149 72
150 44
151 107
152 112
153 205
154 131
155 183
156 167
157 251
158 82
159 121
160 142
161 267
162 59
163 179
164 107
165 255
166 92
167 216
168 24
169 113
170 28
171 35
172 65
173 166
174 124
175 128
176 166
177 228
178 125
179 92
180 210
181 110
182 185
183 85
184 111
185 186
186 182
187 113
188 209
189 129
190 121
191 86
192 146
193 171
194 296
195 193
196 211
197 143
198 74
199 73
200 70
201 113
202 244
203 48
204 64
205 181
206 93
207 117
208 162
209 143
210 370
211 156
212 66
213 231
214 109
215 157
216 303
217 196
218 63
219 43
220 161
221 121
222 40
223 73
224 200
225 196
226 105
227 215
228 87
229 55
230 36
231 127
232 269
233 123
234 47
235 243
236 122
237 185
238 67
239 54
240 129
241 132
242 112
243 209
244 47
245 84
246 55
247 155
248 97
249 206
250 283
251 84
252 96
253 92
254 176
255 43
256 204
257 150
258 160
259 89
260 206
261 54
262 51
263 124
264 40
265 173
266 225
267 160
268 52
269 108
270 126
271 165
272 219
273 120
274 150
275 138
276 105
277 359
278 70
279 192
280 198
281 203
282 42
283 162
284 167
285 34
286 66
287 168
288 96
289 167
290 120
291 200
292 74
293 187
294 122
295 52
296 148
297 156
298 248
299 141
300 116
301 101
302 24
303 132
304 119
305 94
306 81
307 269
308 166
309 132
310 65
311 110
312 72
313 92
314 169
315 73
316 216
317 126
318 94
319 192
320 92
321 71
322 176
323 272
324 185
325 27
326 139
327 170
328 156
329 49
330 134
331 50
332 82
333 84
334 117
335 142
336 63
337 247
338 184
339 297
340 281
341 218
342 32
343 54
344 244
345 42
346 22
347 109
348 91
349 272
350 258
351 112
352 155
353 127
354 202
355 80
356 115
357 111
358 159
359 171
360 69
361 122
362 52
363 133
364 160
365 169
366 103
367 40
368 95
369 48
370 43
371 167
372 146
373 196
374 120
375 85
376 104
377 55
378 167
379 107
380 239
381 345
382 48
383 229
384 264
385 74
386 160
387 230
388 176
389 87
390 125
391 236
392 144
393 150
394 39
395 129
396 238
397 51
398 51
399 94
400 217
401 155
402 225
403 178
404 159
405 207
406 224
407 134
408 240
409 63
410 159
411 221
412 43
413 121
414 147
415 143
416 123
417 284
418 78
419 219
420 223
421 151
422 220
423 59
424 124
425 56
426 119
427 24
428 191
429 151
430 87
431 234
432 245
433 244
434 157
435 97
436 52
437 59
438 87
439 98
440 273
441 168
442 186
443 159
444 134
445 228
446 193
447 28
448 174
449 92
450 67
451 154
452 254
453 92
454 106
455 164
456 168
457 37
458 85
459 118
460 173
461 208
462 156
463 74
464 68
465 103
466 78
467 25
468 37
469 69
470 150
471 255
472 76
473 139
474 66
475 175
476 135
477 62
478 43
479 186
480 220
481 120
482 44
483 71
484 60
485 239
486 134
487 93
488 92
489 58
490 124
491 57
492 234
493 116
494 174
495 49
496 131
497 198
498 156
499 181
500 207

<precedence relations>
2,286
3,203
3,309
5,27
5,60
6,24
6,25
6,31
7,19
8,373
11,22
11,28
12,29
12,30
13,384
13,409
14,21
15,26
15,376
16,23
18,20
18,44
19,45
20,144
20,166
20,438
22,43
23,33
23,38
24,42
25,35
25,37
25,46
26,39
27,36
27,41
27,44
28,34
28,47
29,32
30,40
30,179
30,251
33,50
33,56
34,59
35,60
36,52
36,118
37,48
37,265
37,356
38,49
38,54
39,55
39,58
40,268
41,53
42,439
42,461
43,487
44,51
45,61
45,156
46,450
47,57
47,445
48,76
49,148
49,395
50,63
50,72
51,67
51,220
52,495
53,64
53,70
53,479
54,68
55,71
55,77
56,66
57,202
57,288
58,69
59,290
60,62
60,65
60,75
60,242
61,73
61,74
61,121
62,82
63,196
64,339
64,434
65,79
65,87
65,108
66,78
67,81
67,86
67,279
68,83
68,88
68,139
69,80
69,84
70,87
71,104
72,140
74,475
75,85
76,159
77,154
78,92
78,103
78,104
79,94
79,97
79,99
79,101
79,252
80,96
80,186
80,268
81,212
81,345
82,264
83,89
83,355
84,225
86,90
86,98
86,139
87,95
87,102
87,326
87,358
88,91
88,93
88,100
89,115
90,108
90,113
91,105
91,106
92,356
93,496
95,134
96,111
96,116
96,119
97,110
97,203
98,208
99,117
100,106
100,112
101,107
101,114
101,120
102,109
103,312
104,118
105,174
105,242
106,123
106,124
107,121
107,146
110,125
112,129
112,323
112,380
113,122
113,131
114,127
114,130
114,316
114,407
115,250
116,126
116,132
117,177
118,128
119,133
119,371
120,276
120,281
121,145
121,212
122,198
123,134
123,137
123,409
124,141
124,381
125,135
125,140
125,148
126,138
127,417
128,139
128,146
128,148
129,136
129,143
130,144
130,147
131,142
131,148
131,263
132,427
132,449
133,140
135,151
136,162
136,353
136,409
137,485
138,243
139,149
139,152
139,161
140,157
141,154
141,159
142,156
143,155
143,301
144,150
144,437
145,153
147,160
148,158
149,233
150,170
152,164
153,167
153,169
154,171
155,168
157,275
158,165
159,251
161,166
162,163
162,236
163,172
163,189
164,174
164,181
165,183
166,180
167,177
167,185
167,188
167,190
167,332
168,172
168,175
168,179
169,176
169,184
169,186
170,173
170,178
170,182
170,187
172,458
174,209
175,192
176,374
177,203
177,206
177,255
178,195
178,282
179,204
179,207
180,194
180,197
180,318
181,201
182,208
183,193
183,205
184,196
185,191
185,198
185,200
186,332
188,199
189,202
191,220
191,357
193,213
193,219
193,230
195,222
196,224
197,212
197,344
198,214
198,216
198,267
203,223
205,215
205,218
205,228
206,211
206,227
206,239
207,210
207,217
207,221
207,229
209,225
209,226
210,241
211,271
213,232
213,237
214,247
216,238
218,240
219,246
220,243
221,235
222,236
222,459
223,244
224,315
225,234
225,436
226,239
226,473
227,231
227,245
227,335
227,351
228,233
228,405
229,242
231,259
231,261
231,262
232,257
233,260
234,349
235,303
236,255
237,259
237,265
237,341
238,249
239,250
239,254
239,258
239,260
239,263
240,251
241,252
243,264
244,253
245,248
246,256
247,333
248,269
248,270
248,290
249,274
249,329
251,268
253,267
253,279
254,275
254,276
254,438
255,493
256,268
256,277
258,280
259,271
259,273
259,281
259,456
259,459
260,272
261,278
263,433
264,266
266,286
266,289
267,284
268,282
268,291
269,309
273,290
274,288
274,363
275,385
277,283
277,315
278,293
279,285
279,287
282,296
284,292
284,294
284,298
285,295
285,300
287,293
287,301
287,310
289,483
290,390
290,423
291,297
291,299
292,302
292,308
292,310
294,311
294,316
294,480
296,306
297,307
298,304
298,314
298,317
298,340
299,305
299,309
299,315
300,303
301,312
301,313
302,327
304,329
305,323
305,340
306,319
306,397
307,330
308,331
308,408
309,321
309,322
309,325
309,411
309,426
310,326
310,328
313,320
315,318
315,324
318,339
318,342
318,498
321,387
322,334
322,343
322,455
323,332
323,333
323,336
325,341
326,335
326,337
326,344
326,447
327,340
328,419
328,456
328,469
329,364
329,429
330,451
331,338
332,441
333,345
333,351
334,346
335,350
336,387
337,421
338,345
338,347
338,349
338,353
341,348
341,355
344,352
345,358
345,361
346,365
346,404
347,356
347,360
348,362
348,364
349,355
351,363
352,354
353,357
353,359
353,366
354,380
355,367
355,377
355,385
355,440
356,373
356,376
357,372
357,374
357,381
358,375
359,368
359,382
360,369
360,371
360,379
361,383
361,494
362,384
365,391
366,370
366,378
367,386
368,398
369,480
370,391
370,393
370,396
373,388
374,390
374,500
375,397
377,492
378,392
379,394
380,387
380,395
384,389
384,413
386,450
387,399
388,400
388,401
388,406
389,407
389,408
389,410
390,412
390,414
391,405
392,404
394,403
394,409
396,402
396,413
398,411
398,415
398,416
399,425
399,428
400,419
405,423
407,425
408,421
408,429
409,427
410,433
411,417
411,422
411,424
411,430
412,420
415,431
416,418
416,426
416,432
421,434
422,440
425,437
429,436
430,444
431,438
431,441
432,435
433,439
434,450
435,445
435,451
436,446
437,449
437,452
439,443
439,447
439,448
440,453
441,442
441,444
442,469
443,464
443,466
446,463
446,471
448,455
449,454
449,456
449,459
449,467
449,470
449,472
450,465
450,468
451,457
451,461
453,458
453,460
453,462
456,477
456,484
457,478
458,487
461,479
461,480
461,486
462,474
462,479
462,481
465,475
466,476
467,488
468,482
469,485
470,473
471,483
473,496
476,495
476,500
477,493
477,498
482,497
485,489
485,490
485,494
486,492
487,491
487,499

<end>
