<number of tasks>
500

<cycle time>
1000

<order strength>
0.895


<task times>
1 108
2 32
3 100
4 132
5 85
6 70
7 117
8 90
9 167
10 118
11 83
12 265
13 61
14 104
15 151
16 138
17 174
18 276
19 297
20 199
21 82
22 133
23 74
24 80
25 211
26 185
27 184
28 175
29 97
30 195
31 91
32 140
33 256
34 132
35 95
36 107
37 148
38 124
39 311
40 198
41 154
42 39
43 156
44 29
45 165
46 136
47 136
48 177
49 84
50 208
51 65
52 219
53 185
54 56
55 68
56 35
57 166
58 198
59 118
60 48
61 52
62 131
63 351
64 204
65 127
66 103
67 232
68 194
69 192
70 198
71 140
72 97
73 166
74 160
75 101
76 62
77 185
78 87
79 127
80 323
81 72
82 98
83 200
84 208
85 175
86 52
87 159
88 307
89 77
90 283
91 43
92 99
93 28
94 85
95 190
96 101
97 177
98 69
99 54
100 43
101 146
102 129
103 87
104 126
105 106
106 156
107 180
108 128
109 96
110 231
111 143
112 49
113 54
114 148
115 79
116 51
117 74
118 118
119 328
120 45
121 224
122 89
123 111
124 162
125 173
126 56
127 60
128 43
129 30
130 305
131 92
132 28
133 120
134 142
135 143
136 96
137 78
138 231
139 77
140 197
141 204
142 77
143 92
144 220
145 146
146 166
147 111
148 270
149 116
150 105
151 180
152 232
153 150
154 111
155 133
156 147
157 249
158 47
159 65
160 86
161 215
162 110
163 192
164 248
165 174
166 63
167 91
168 45
169 256
170 39
171 67
172 299
173 160
174 155
175 36
176 175
177 122
178 225
179 78
180 253
181 127
182 163
183 39
184 60
185 161
186 201
187 38
188 146
189 20
190 175
191 151
192 251
193 80
194 343
195 261
196 279
197 226
198 141
199 239
200 32
201 24
202 72
203 160
204 94
205 237
206 88
207 163
208 96
209 96
210 237
211 155
212 105
213 103
214 125
215 57
216 161
217 22
218 294
219 165
220 140
221 161
222 210
223 232
224 142
225 317
226 48
227 51
228 140
229 176
230 34
231 196
232 96
233 95
234 145
235 88
236 146
237 230
238 156
239 83
240 157
241 42
242 164
243 191
244 25
245 64
246 44
247 154
248 21
249 363
250 195
251 32
252 132
253 235
254 98
255 250
256 177
257 71
258 106
259 233
260 212
261 144
262 150
263 20
264 159
265 119
266 140
267 184
268 207
269 199
270 62
271 37
272 38
273 204
274 143
275 160
276 108
277 163
278 317
279 348
280 123
281 213
282 267
283 28
284 141
285 30
286 139
287 170
288 33
289 179
290 185
291 181
292 89
293 120
294 99
295 147
296 99
297 101
298 144
299 114
300 98
301 120
302 176
303 98
304 82
305 241
306 73
307 39
308 236
309 84
310 132
311 102
312 76
313 24
314 127
315 115
316 201
317 254
318 101
319 110
320 124
321 192
322 52
323 49
324 31
325 145
326 194
327 107
328 315
329 174
330 112
331 165
332 91
333 55
334 132
335 238
336 80
337 128
338 95
339 100
340 39
341 143
342 83
343 114
344 180
345 36
346 248
347 149
348 45
349 246
350 62
351 74
352 56
353 133
354 45
355 134
356 43
357 101
358 109
359 44
360 130
361 324
362 111
363 199
364 138
365 278
366 129
367 29
368 125
369 163
370 260
371 244
372 51
373 86
374 80
375 65
376 196
377 230
378 29
379 147
380 83
381 159
382 115
383 183
384 136
385 89
386 167
387 25
388 193
389 119
390 158
391 199
392 122
393 28
394 159
395 30
396 105
397 51
398 40
399 34
400 110
401 201
402 74
403 38
404 248
405 263
406 46
407 156
408 119
409 277
410 113
411 70
412 157
413 105
414 228
415 133
416 149
417 76
418 164
419 55
420 70
421 172
422 140
423 134
424 71
425 101
426 179
427 112
428 70
429 115
430 53
431 124
432 177
433 118
434 36
435 168
436 93
437 133
438 150
439 88
440 32
441 140
442 112
443 133
444 48
445 117
446 52
447 221
448 85
449 221
450 205
451 24
452 439
453 198
454 270
455 136
456 203
457 201
458 247
459 73
460 244
461 114
462 230
463 86
464 61
465 116
466 130
467 131
468 70
469 254
470 223
471 214
472 147
473 32
474 99
475 178
476 136
477 96
478 314
479 69
480 148
481 128
482 123
483 93
484 114
485 178
486 88
487 181
488 373
489 39
490 53
491 112
492 192
493 25
494 176
495 99
496 58
497 57
498 110
499 71
500 81

<precedence relations>
1,8
1,12
1,13
2,8
2,9
2,10
2,11
2,13
3,9
3,11
4,8
4,9
4,10
4,11
5,56
5,57
5,58
6,8
6,9
6,12
6,13
7,8
8,16
8,20
9,14
9,15
9,16
9,18
9,19
9,20
10,14
10,15
10,16
10,17
10,18
10,19
10,20
11,14
11,15
11,16
11,17
11,18
11,19
11,20
12,14
12,16
12,17
12,18
12,19
12,20
13,14
13,15
13,16
13,17
13,18
13,19
13,20
14,21
14,22
15,21
15,22
16,21
16,22
17,21
17,22
18,21
18,22
19,21
19,22
20,21
20,22
21,23
21,24
21,25
21,26
21,27
21,28
21,29
22,23
22,24
22,25
22,26
22,27
22,28
22,29
23,30
23,31
23,32
23,33
23,34
24,30
24,31
24,32
24,33
24,34
25,30
25,31
25,32
25,33
25,34
26,30
26,31
26,32
26,33
26,34
27,30
27,31
27,33
28,30
28,31
28,32
28,33
28,34
29,30
29,31
29,32
29,33
30,35
31,35
31,36
31,39
31,41
32,35
32,36
32,38
32,41
33,35
33,36
33,40
33,41
34,35
34,36
34,37
34,38
34,39
34,40
34,41
35,42
35,43
35,44
35,45
35,46
35,47
36,42
36,43
36,44
36,52
37,42
37,43
37,44
37,47
38,42
38,45
38,50
38,51
38,52
39,42
39,43
39,44
39,45
40,42
40,43
40,44
40,45
40,46
41,42
42,53
43,48
43,49
43,50
43,51
44,48
44,49
44,53
45,48
45,49
46,48
46,49
46,50
46,52
46,53
47,48
47,49
47,50
47,51
47,52
48,55
48,58
48,62
49,54
49,55
49,56
50,54
50,55
51,57
51,58
52,54
52,55
52,56
52,57
52,58
53,54
53,55
53,56
53,57
53,58
54,59
54,60
54,61
54,62
54,63
55,61
56,59
56,60
56,63
56,67
57,59
57,60
57,61
57,62
57,63
58,59
58,60
58,61
58,63
59,64
59,65
60,64
60,65
60,66
60,68
61,64
61,66
61,67
61,72
61,73
62,64
62,65
62,73
63,64
63,65
63,66
63,73
64,69
64,70
64,71
65,69
65,71
66,69
66,70
66,71
67,69
67,70
68,69
68,70
68,72
68,73
69,74
69,75
69,87
69,89
70,74
70,75
70,76
70,77
70,80
71,74
71,75
71,78
71,79
71,86
71,87
72,74
72,75
73,74
73,76
73,77
73,85
73,89
74,154
74,167
75,81
75,82
75,88
76,81
76,82
76,83
77,81
77,82
77,83
77,86
77,87
78,84
78,88
78,89
79,81
79,83
80,81
80,82
80,83
80,84
80,85
80,86
80,87
80,88
80,89
81,90
81,91
81,92
81,93
81,94
82,90
82,91
82,92
82,93
82,94
83,90
83,91
83,92
83,93
84,90
84,102
85,212
85,220
86,90
86,91
86,102
87,90
87,91
87,92
87,93
88,93
88,96
88,98
88,99
88,100
88,101
89,90
89,91
89,92
89,93
89,94
90,95
90,96
90,97
90,98
90,99
90,100
91,144
91,145
92,95
92,101
93,95
93,97
93,102
93,111
94,100
95,103
96,103
96,104
96,105
96,112
97,103
97,113
98,103
98,104
98,105
98,106
99,103
99,104
99,105
100,103
100,104
100,105
100,112
101,103
101,104
101,105
102,103
102,106
103,107
103,108
103,109
104,107
104,108
104,109
104,110
104,113
105,111
106,107
106,110
106,112
106,117
106,118
107,114
107,119
107,120
108,114
108,115
108,116
108,117
109,114
109,115
109,118
110,116
110,119
110,138
110,139
111,114
111,115
111,116
111,124
112,114
112,115
112,116
112,119
112,120
113,114
113,115
113,116
114,121
114,125
114,131
115,123
116,316
117,222
118,121
118,122
118,123
118,124
119,134
120,121
120,122
120,123
120,124
121,126
121,127
121,128
121,129
121,132
122,126
122,127
122,128
122,129
122,130
122,139
123,126
123,127
123,128
123,129
123,132
124,126
124,127
124,128
124,131
125,127
125,132
125,138
126,133
126,134
127,135
127,137
128,133
128,134
128,135
128,136
128,137
128,138
129,133
129,134
129,135
129,145
130,133
130,138
131,133
131,134
131,135
132,139
133,140
134,140
134,141
134,144
135,143
136,140
136,141
137,140
137,141
137,142
137,143
137,144
137,145
138,140
138,141
139,140
139,141
139,142
139,143
139,144
139,145
140,146
140,147
140,149
140,150
140,151
141,146
141,147
141,148
141,149
141,150
141,151
142,146
142,147
142,148
142,149
142,151
143,146
143,147
143,149
144,146
144,147
144,148
144,150
144,151
145,150
145,155
145,157
146,152
146,153
146,154
146,163
147,152
147,153
147,154
147,155
147,156
147,157
148,152
148,153
148,154
148,155
149,152
149,153
149,161
149,163
150,152
150,153
150,154
150,156
151,152
151,157
152,158
152,159
152,167
153,160
153,162
153,164
154,158
154,159
154,160
154,161
154,173
155,158
155,159
156,158
156,160
156,163
156,164
157,164
157,199
158,165
158,166
159,307
160,175
161,165
161,166
162,165
162,166
162,167
163,165
163,166
163,167
164,208
164,241
165,168
165,169
165,170
165,171
166,172
166,177
167,168
167,169
167,170
167,171
167,173
168,174
168,176
169,174
169,175
170,174
170,175
170,176
170,177
171,175
171,177
171,178
172,174
172,175
172,178
173,174
173,175
173,176
173,177
173,178
174,179
174,180
174,181
175,179
175,180
175,181
175,182
175,183
176,242
177,180
177,181
178,225
179,184
179,185
179,186
179,187
180,184
180,186
181,184
181,185
181,188
182,192
183,184
183,253
184,304
185,190
185,191
185,202
186,189
186,226
186,227
186,231
187,189
187,190
187,202
188,189
188,190
188,191
188,192
189,228
190,193
190,194
190,195
190,196
191,193
191,194
191,201
192,193
192,194
192,195
192,196
192,197
193,198
193,200
194,198
194,199
194,200
195,198
195,199
196,198
196,199
196,203
197,198
197,199
197,201
197,202
198,209
198,227
199,204
199,210
200,204
200,205
201,204
201,205
202,204
203,204
203,206
203,207
203,208
204,211
204,212
204,213
205,211
205,215
205,227
206,211
206,212
206,213
207,211
207,214
208,211
208,314
209,212
210,211
210,212
210,213
210,214
210,216
211,409
212,218
213,219
213,221
214,220
215,217
215,218
215,219
216,217
216,218
216,222
216,225
217,284
218,223
218,224
218,228
219,293
220,223
220,225
221,223
222,224
222,226
222,227
223,229
223,230
223,231
223,232
224,229
224,230
224,233
225,229
225,230
225,231
225,232
225,233
226,229
227,229
228,229
228,230
228,232
228,233
229,237
229,250
230,234
230,235
230,236
230,237
230,238
230,239
231,234
231,235
232,234
232,236
233,234
233,238
233,244
233,245
234,394
235,240
235,244
236,240
236,241
236,242
236,243
236,245
237,245
238,240
238,241
238,242
238,243
239,240
239,241
239,242
239,243
240,246
240,248
241,246
241,247
241,248
241,249
241,250
241,251
241,252
242,246
242,247
242,267
243,246
243,251
244,252
244,306
245,246
245,249
245,251
245,252
246,253
247,253
247,254
248,254
248,256
248,260
248,267
249,253
249,254
249,255
249,256
250,253
250,255
251,334
252,425
253,258
254,257
254,258
254,261
254,272
255,257
255,258
255,259
255,260
255,261
256,412
256,413
257,264
257,342
257,348
258,262
258,263
259,262
259,263
259,264
259,265
259,266
259,267
260,262
260,263
260,264
261,262
261,265
261,266
262,268
262,269
262,270
262,271
263,268
264,373
264,395
264,396
264,410
265,269
265,270
265,278
265,279
265,280
266,268
266,269
267,268
267,269
267,270
267,272
267,278
268,273
268,279
269,273
269,276
269,277
270,274
270,275
270,284
271,273
271,274
271,275
271,276
271,277
271,278
271,279
271,280
272,273
272,274
272,280
273,281
273,282
273,283
273,284
273,285
274,282
274,285
275,281
275,282
275,283
276,361
276,368
277,281
277,329
278,400
278,405
279,285
280,349
281,316
282,286
282,287
282,288
282,289
283,286
283,287
283,304
284,286
284,287
284,304
285,286
285,288
286,296
287,290
287,291
287,292
287,293
287,324
288,290
288,291
288,294
289,295
289,324
290,481
290,489
291,298
292,297
292,325
292,333
293,299
293,335
294,297
294,298
294,299
294,300
295,297
295,318
296,301
296,313
296,315
297,305
297,308
298,302
298,306
298,308
299,307
299,315
299,336
299,339
300,302
300,303
300,304
301,303
301,312
302,309
302,312
303,309
303,311
304,309
304,310
304,322
305,309
306,309
306,310
306,313
307,322
307,338
307,355
308,350
309,314
309,316
310,315
311,317
312,314
312,318
313,421
313,447
314,352
315,397
315,404
316,320
317,319
317,324
318,319
318,321
318,322
318,323
318,325
319,329
320,326
320,327
320,336
321,382
322,334
323,407
324,326
325,328
326,330
326,331
326,332
326,334
327,330
327,331
327,335
328,330
328,336
328,349
328,350
329,330
329,331
329,332
329,333
329,336
330,338
331,352
332,339
332,348
333,337
333,391
334,337
334,340
335,342
335,423
335,432
336,388
336,405
336,412
337,342
338,341
338,343
339,344
340,341
340,342
341,345
341,347
341,348
341,356
342,474
342,480
343,345
343,346
344,349
344,350
345,351
345,352
345,354
345,359
346,352
346,353
347,351
348,384
348,391
349,351
349,354
349,355
349,356
350,351
350,352
350,353
351,357
351,358
351,360
352,357
352,358
352,360
353,476
354,357
355,360
355,374
356,357
356,358
356,359
356,360
357,361
357,362
357,363
357,364
358,363
359,362
359,364
360,361
360,362
360,378
361,366
361,367
361,369
361,370
362,365
362,384
362,388
362,427
363,410
364,365
364,368
364,371
364,380
365,372
366,447
366,450
367,373
367,376
367,396
367,424
368,408
368,441
369,372
369,375
370,377
371,372
371,374
371,453
371,468
371,476
371,484
372,385
372,474
373,417
373,471
374,378
374,427
375,380
376,381
377,379
378,384
378,385
379,382
379,386
380,382
380,383
382,389
382,394
382,431
383,387
383,389
383,391
384,493
386,387
386,388
386,390
387,445
387,449
388,464
389,395
390,450
390,453
390,479
391,392
391,393
391,394
392,396
392,456
393,399
393,400
394,397
394,398
394,404
394,437
395,459
395,480
396,458
397,401
397,405
398,411
399,403
399,421
400,402
400,404
401,406
402,406
402,407
403,416
403,437
404,408
404,409
404,425
405,468
405,470
405,496
406,411
406,413
407,410
407,411
407,412
407,413
407,414
407,415
408,416
408,461
409,414
409,457
410,418
410,421
410,433
411,418
411,439
412,417
412,418
412,419
412,421
412,422
413,455
414,435
416,420
417,427
418,423
418,425
418,447
419,424
419,454
420,428
421,426
421,453
421,467
422,427
423,442
423,454
425,429
425,443
426,495
427,431
427,485
428,430
429,432
429,436
430,433
430,434
430,438
430,463
430,464
431,435
431,437
432,441
433,439
433,442
433,443
434,440
436,484
437,475
438,462
438,484
439,447
439,475
440,458
440,469
441,446
442,445
442,488
443,444
443,473
444,470
444,476
444,479
444,498
445,448
445,490
446,450
446,451
446,452
447,449
447,453
448,497
450,455
451,454
452,453
452,456
452,457
454,458
454,500
455,460
457,459
457,485
458,465
459,461
459,462
459,464
460,463
460,477
461,467
461,469
463,466
464,470
465,468
465,471
466,471
466,472
466,473
467,499
468,498
469,474
469,488
470,475
471,481
472,480
473,476
473,478
474,479
475,477
476,483
477,486
477,487
478,482
478,485
481,484
482,488
484,498
485,489
486,490
488,490
488,491
488,494
488,495
489,492
489,493
491,496
491,497
491,500
494,498
495,499

<end>
