<number of tasks>
500

<cycle time>
1000

<order strength>
0.595


<task times>
1 616
2 632
3 540
4 605
5 738
6 481
7 389
8 619
9 601
10 525
11 569
12 314
13 515
14 595
15 265
16 632
17 572
18 556
19 463
20 476
21 477
22 506
23 539
24 603
25 496
26 652
27 484
28 469
29 524
30 582
31 179
32 582
33 357
34 467
35 526
36 606
37 343
38 713
39 423
40 605
41 317
42 682
43 493
44 583
45 509
46 304
47 497
48 506
49 424
50 576
51 432
52 605
53 707
54 708
55 310
56 418
57 467
58 532
59 444
60 545
61 481
62 591
63 388
64 496
65 457
66 413
67 496
68 639
69 496
70 557
71 564
72 577
73 512
74 595
75 626
76 713
77 587
78 456
79 547
80 432
81 521
82 566
83 531
84 523
85 567
86 595
87 569
88 449
89 594
90 504
91 530
92 517
93 317
94 244
95 500
96 381
97 730
98 365
99 628
100 773
101 350
102 183
103 414
104 736
105 567
106 604
107 586
108 636
109 484
110 505
111 427
112 409
113 702
114 536
115 496
116 560
117 355
118 596
119 539
120 522
121 396
122 524
123 713
124 577
125 616
126 375
127 583
128 432
129 391
130 276
131 441
132 492
133 554
134 514
135 463
136 744
137 428
138 579
139 526
140 551
141 474
142 557
143 505
144 439
145 746
146 570
147 384
148 516
149 474
150 434
151 529
152 544
153 458
154 539
155 308
156 473
157 625
158 661
159 463
160 525
161 523
162 360
163 464
164 359
165 468
166 354
167 430
168 543
169 671
170 722
171 422
172 517
173 599
174 740
175 203
176 419
177 594
178 422
179 348
180 683
181 424
182 533
183 649
184 478
185 419
186 442
187 450
188 286
189 606
190 548
191 665
192 726
193 586
194 322
195 209
196 503
197 420
198 556
199 545
200 371
201 421
202 593
203 502
204 542
205 447
206 731
207 332
208 458
209 420
210 344
211 363
212 462
213 515
214 542
215 480
216 706
217 424
218 601
219 519
220 541
221 651
222 537
223 475
224 648
225 444
226 539
227 644
228 460
229 577
230 411
231 396
232 456
233 474
234 498
235 410
236 534
237 672
238 562
239 592
240 360
241 615
242 345
243 406
244 530
245 560
246 544
247 547
248 600
249 504
250 526
251 623
252 479
253 486
254 515
255 482
256 512
257 545
258 506
259 539
260 770
261 399
262 498
263 531
264 394
265 347
266 477
267 538
268 394
269 451
270 629
271 516
272 474
273 517
274 472
275 532
276 375
277 642
278 614
279 755
280 320
281 594
282 495
283 583
284 459
285 181
286 571
287 755
288 699
289 406
290 437
291 452
292 520
293 449
294 595
295 616
296 718
297 567
298 287
299 452
300 276
301 539
302 484
303 453
304 433
305 595
306 544
307 422
308 453
309 379
310 526
311 542
312 372
313 444
314 345
315 338
316 339
317 573
318 596
319 494
320 477
321 522
322 256
323 414
324 456
325 402
326 549
327 470
328 490
329 501
330 477
331 524
332 399
333 420
334 300
335 498
336 574
337 457
338 583
339 673
340 693
341 518
342 508
343 709
344 354
345 567
346 484
347 717
348 664
349 533
350 586
351 445
352 477
353 343
354 475
355 594
356 515
357 543
358 540
359 258
360 427
361 574
362 519
363 509
364 769
365 434
366 491
367 577
368 493
369 599
370 526
371 671
372 462
373 484
374 394
375 361
376 430
377 390
378 491
379 736
380 613
381 303
382 625
383 521
384 474
385 522
386 638
387 404
388 549
389 448
390 426
391 502
392 600
393 511
394 608
395 550
396 539
397 571
398 522
399 461
400 326
401 553
402 442
403 398
404 379
405 584
406 582
407 441
408 452
409 470
410 557
411 590
412 453
413 475
414 427
415 482
416 552
417 547
418 468
419 347
420 806
421 410
422 333
423 474
424 534
425 568
426 383
427 447
428 585
429 700
430 810
431 655
432 445
433 494
434 364
435 618
436 736
437 696
438 523
439 312
440 626
441 602
442 246
443 412
444 404
445 574
446 634
447 323
448 553
449 355
450 603
451 487
452 501
453 555
454 527
455 358
456 578
457 656
458 326
459 267
460 567
461 515
462 750
463 549
464 598
465 448
466 427
467 264
468 387
469 407
470 552
471 414
472 501
473 602
474 364
475 678
476 456
477 613
478 548
479 463
480 482
481 633
482 423
483 646
484 493
485 452
486 660
487 487
488 226
489 697
490 418
491 558
492 661
493 333
494 523
495 586
496 644
497 319
498 845
499 502
500 476

<precedence relations>
1,25
2,25
3,88
4,88
5,437
6,437
7,233
8,483
9,144
10,198
11,59
12,251
13,14
13,15
13,16
13,17
13,18
13,19
13,20
13,21
13,22
13,23
13,24
14,25
15,25
16,25
17,25
18,437
19,273
20,273
21,439
22,59
23,251
24,26
24,27
24,28
24,29
24,30
24,31
24,32
24,33
24,34
24,35
24,36
24,37
24,48
25,38
25,39
25,40
25,41
25,42
25,43
26,321
27,88
28,437
29,144
30,439
31,59
32,59
33,295
34,131
34,154
35,44
35,45
35,123
35,190
35,192
35,200
36,46
36,53
37,121
37,171
37,176
37,188
37,203
37,316
38,423
39,59
40,47
40,55
40,60
40,97
40,124
41,47
41,49
41,53
41,54
41,56
41,58
41,60
41,62
42,51
42,61
43,47
43,48
43,50
43,55
43,57
44,198
45,251
46,47
46,52
47,166
48,213
49,423
50,423
51,386
52,67
53,67
54,67
55,67
56,273
57,198
58,439
59,63
59,66
59,69
59,70
59,71
59,72
59,73
59,74
59,75
59,76
59,77
59,78
59,79
59,80
59,81
59,82
59,83
59,84
59,85
59,86
60,68
60,115
60,145
60,152
60,170
60,191
61,63
61,64
61,65
61,68
61,86
62,170
62,193
62,258
62,267
63,323
64,88
65,88
66,386
67,90
67,91
67,92
67,93
67,94
67,98
68,314
69,466
70,97
70,141
70,189
70,271
70,274
71,87
71,88
72,87
72,88
72,108
73,87
73,88
74,95
74,97
74,185
75,87
75,88
76,87
76,89
76,122
76,165
77,87
77,121
77,129
77,130
77,135
77,188
77,191
78,87
78,88
78,89
78,147
79,87
79,191
80,95
80,106
80,124
80,135
81,183
81,189
81,319
81,323
82,87
82,142
82,144
83,96
83,154
83,188
83,191
84,117
84,127
84,152
84,155
84,165
85,87
85,112
85,168
86,87
86,123
87,166
88,99
88,100
88,101
88,102
88,103
88,104
88,105
88,107
89,437
90,483
91,204
91,281
92,108
93,145
93,188
93,191
94,106
94,122
94,129
95,445
96,445
97,151
97,217
97,237
98,106
98,107
98,119
98,128
99,251
100,109
100,110
100,111
100,112
100,113
100,114
100,129
100,150
100,168
100,216
101,121
101,167
101,169
101,230
101,231
102,109
102,110
102,111
102,112
102,113
102,114
102,118
103,109
103,115
103,172
103,187
104,111
104,116
104,117
104,118
105,114
105,236
106,123
106,130
106,137
106,191
107,109
107,131
108,109
108,110
108,119
108,140
109,213
110,445
111,314
112,273
113,273
114,439
115,295
116,295
117,122
117,123
117,125
118,121
118,124
118,128
119,120
119,126
119,127
119,129
120,213
121,483
122,144
123,314
124,439
125,439
126,295
127,130
127,131
127,134
127,138
127,154
128,133
128,135
128,137
129,132
129,136
129,214
129,217
129,236
130,323
131,437
132,233
133,233
134,144
135,198
136,439
137,139
137,140
137,142
137,145
137,146
137,148
138,141
138,143
138,147
138,267
138,317
138,326
139,410
140,386
141,437
142,437
143,445
144,149
144,150
144,151
144,153
144,156
144,157
144,158
144,159
144,160
144,161
144,162
144,163
144,164
145,165
146,152
146,154
147,324
147,375
147,411
148,149
148,155
148,170
149,321
150,410
151,410
152,166
153,166
154,166
155,166
156,166
156,169
156,170
157,282
157,317
157,326
158,166
158,167
158,172
159,183
159,212
159,295
160,175
160,186
160,188
160,193
161,166
161,167
161,168
161,169
161,171
161,173
161,191
162,166
162,167
162,168
162,169
162,170
162,185
163,166
163,188
163,191
164,166
164,167
164,168
164,173
164,174
165,166
166,176
166,177
166,178
166,179
166,180
166,181
166,182
166,183
166,186
167,213
168,371
169,273
170,439
171,439
172,295
173,176
173,233
174,184
174,185
175,190
175,203
175,204
176,321
177,190
178,193
178,261
178,325
179,187
179,277
179,314
180,189
180,202
181,187
181,295
182,233
183,361
184,241
184,251
184,311
185,187
185,188
185,189
185,191
185,198
186,192
186,194
186,214
187,386
188,386
189,273
190,198
191,439
192,439
193,295
194,195
194,196
194,197
194,199
194,200
194,201
195,240
196,240
197,233
198,205
198,206
198,207
198,208
198,209
198,210
198,211
199,439
200,203
200,388
200,469
201,202
201,204
202,213
203,437
204,233
205,295
206,240
206,296
206,302
206,316
207,388
207,425
208,212
208,218
208,236
208,310
209,212
209,213
209,214
209,215
210,212
210,216
210,279
210,311
210,355
211,212
211,213
211,214
211,217
212,323
213,219
213,220
213,221
213,222
213,223
213,224
213,225
213,226
213,227
213,228
213,229
214,240
215,439
216,439
217,230
217,231
217,275
218,313
218,374
218,375
219,273
220,439
221,234
221,235
221,237
222,259
223,236
224,239
224,313
225,270
225,316
226,232
227,232
227,251
228,232
228,236
228,238
229,233
230,235
231,277
231,316
231,317
232,240
233,241
233,242
233,243
233,244
233,245
233,246
233,247
233,248
233,249
233,250
234,273
235,439
236,251
237,251
238,241
238,302
239,240
239,252
239,316
240,253
240,254
240,255
240,256
240,257
240,261
240,279
240,312
241,437
243,253
244,267
245,260
245,417
245,463
246,253
247,253
247,268
247,278
248,259
248,274
248,313
249,325
249,349
250,366
251,262
251,263
251,264
251,265
251,266
251,276
252,258
253,323
254,314
255,323
256,269
256,274
256,320
256,355
257,269
257,365
258,386
259,273
260,439
261,439
262,269
262,282
263,269
263,270
264,269
264,272
264,324
265,277
266,269
266,438
267,270
267,271
268,275
268,276
268,280
268,311
269,423
270,445
271,314
272,314
273,278
273,279
273,282
273,283
273,284
273,285
273,286
273,287
273,288
273,289
273,290
273,291
273,292
273,293
273,294
273,296
273,297
273,298
274,466
275,295
276,295
277,279
277,280
277,281
277,320
277,350
278,321
279,410
280,437
281,483
282,314
283,310
284,320
285,361
286,467
287,312
288,302
289,369
290,300
290,410
291,366
292,301
292,362
292,403
293,299
293,407
293,408
293,413
294,311
294,355
295,303
295,304
295,305
295,306
295,307
295,308
295,309
296,301
296,318
297,316
297,317
297,355
298,299
298,300
298,301
298,316
298,358
298,401
299,410
300,437
301,445
302,314
303,326
303,423
304,404
304,411
305,317
306,318
307,313
307,326
308,312
308,313
308,349
309,312
309,315
309,316
309,319
310,312
310,320
311,312
312,321
313,323
314,321
314,327
314,328
314,329
314,330
314,331
314,332
315,322
315,366
315,372
316,326
316,376
316,386
316,388
317,321
317,324
317,333
318,321
318,322
319,355
319,368
320,321
320,325
321,334
321,335
321,336
321,337
321,338
321,339
321,340
321,341
322,410
323,342
323,343
323,344
323,345
323,346
323,347
323,348
323,354
323,369
324,371
325,437
326,437
327,466
328,349
328,415
329,349
329,409
329,437
330,349
331,349
331,350
332,375
333,351
334,410
335,437
336,388
336,463
337,351
337,415
338,403
339,354
340,353
340,362
341,358
342,351
342,352
342,372
343,408
344,352
346,359
347,423
349,352
350,355
351,423
352,439
353,357
353,359
353,440
354,356
354,360
355,358
355,361
356,386
357,439
358,362
358,364
359,365
359,405
359,453
360,361
360,363
361,371
362,370
362,372
363,366
363,368
363,372
363,376
363,387
364,367
364,369
365,401
365,475
366,371
367,386
368,439
369,372
369,376
370,373
370,374
370,375
370,408
371,377
371,378
371,379
371,380
371,381
371,382
371,383
371,384
371,385
371,388
372,386
373,466
374,439
375,387
375,466
376,405
376,438
377,408
379,402
379,406
379,417
379,461
380,402
382,408
382,452
383,401
383,466
383,475
384,401
385,403
385,424
385,467
386,389
386,390
386,391
386,392
386,393
386,394
386,395
386,396
386,397
386,398
386,399
386,400
389,404
389,413
390,406
391,405
391,407
391,409
392,404
392,416
393,468
393,477
394,482
394,495
395,405
395,409
396,423
397,408
397,463
399,423
400,404
401,437
402,462
402,463
402,467
403,496
404,410
405,445
406,445
407,411
407,414
407,416
408,412
408,415
408,417
408,461
409,412
409,413
409,415
410,418
410,419
410,420
410,421
410,422
410,423
411,423
412,439
413,439
414,424
414,426
415,427
416,451
416,464
417,425
418,437
419,437
420,439
421,440
421,465
422,467
423,428
423,429
423,430
423,431
423,432
423,433
423,434
423,435
423,436
423,440
424,439
427,438
428,453
430,451
431,485
432,461
432,462
433,495
434,451
434,452
435,445
435,451
437,441
437,442
437,443
437,444
437,480
438,445
439,446
439,447
439,448
439,449
439,450
441,482
442,479
442,481
444,477
445,454
445,455
445,456
445,457
445,458
445,459
448,480
448,496
450,478
451,461
451,466
451,478
452,460
452,463
453,460
453,462
455,478
457,484
458,482
459,464
459,465
460,466
462,464
464,466
465,467
465,468
465,469
465,479
466,470
466,471
466,472
466,473
466,474
466,476
468,475
469,477
473,479
473,482
474,480
474,481
477,478
478,483
479,483
482,484
482,485
483,486
483,487
483,488
483,489
483,490
483,491
483,492
483,493
483,494
486,495
490,496
491,496
495,497
495,499
496,498
496,500

<end>
