<number of tasks>
500

<cycle time>
1000

<order strength>
0.196


<task times>
1 181
2 81
3 69
4 92
5 237
6 84
7 123
8 86
9 222
10 126
11 120
12 95
13 92
14 55
15 236
16 110
17 34
18 138
19 73
20 89
21 38
22 175
23 237
24 279
25 324
26 118
27 253
28 94
29 132
30 189
31 66
32 133
33 40
34 201
35 242
36 79
37 190
38 37
39 147
40 315
41 225
42 74
43 164
44 142
45 143
46 136
47 141
48 159
49 149
50 96
51 200
52 27
53 229
54 113
55 185
56 224
57 202
58 112
59 192
60 67
61 140
62 178
63 261
64 219
65 55
66 133
67 33
68 221
69 37
70 102
71 98
72 103
73 128
74 60
75 127
76 25
77 149
78 28
79 64
80 192
81 67
82 48
83 158
84 203
85 99
86 82
87 274
88 98
89 168
90 53
91 63
92 138
93 23
94 69
95 47
96 137
97 199
98 306
99 213
100 176
101 183
102 210
103 78
104 199
105 42
106 107
107 170
108 247
109 167
110 179
111 135
112 68
113 164
114 144
115 140
116 255
117 189
118 88
119 69
120 91
121 180
122 132
123 177
124 60
125 157
126 147
127 142
128 147
129 56
130 68
131 74
132 176
133 203
134 112
135 105
136 144
137 148
138 74
139 82
140 27
141 133
142 192
143 69
144 61
145 158
146 83
147 193
148 101
149 34
150 127
151 174
152 118
153 60
154 119
155 186
156 106
157 233
158 44
159 180
160 105
161 136
162 95
163 88
164 156
165 236
166 171
167 29
168 137
169 122
170 211
171 203
172 178
173 239
174 241
175 268
176 182
177 174
178 148
179 27
180 166
181 154
182 136
183 129
184 154
185 253
186 36
187 110
188 22
189 40
190 52
191 159
192 89
193 111
194 270
195 27
196 88
197 48
198 25
199 173
200 71
201 88
202 109
203 42
204 72
205 139
206 101
207 28
208 251
209 175
210 83
211 73
212 86
213 58
214 89
215 273
216 213
217 413
218 74
219 105
220 228
221 32
222 241
223 136
224 278
225 134
226 97
227 59
228 110
229 95
230 105
231 92
232 123
233 159
234 219
235 265
236 154
237 274
238 254
239 192
240 57
241 157
242 223
243 95
244 91
245 170
246 141
247 110
248 144
249 152
250 59
251 147
252 197
253 154
254 93
255 135
256 31
257 129
258 202
259 51
260 284
261 180
262 278
263 78
264 106
265 258
266 152
267 84
268 87
269 190
270 197
271 91
272 187
273 108
274 93
275 155
276 75
277 219
278 157
279 259
280 186
281 234
282 86
283 165
284 64
285 119
286 153
287 31
288 108
289 151
290 39
291 334
292 64
293 160
294 65
295 75
296 228
297 69
298 77
299 32
300 59
301 140
302 99
303 216
304 83
305 211
306 198
307 132
308 147
309 364
310 86
311 60
312 304
313 137
314 112
315 120
316 236
317 131
318 323
319 49
320 40
321 129
322 244
323 129
324 36
325 304
326 65
327 185
328 52
329 92
330 64
331 102
332 101
333 34
334 99
335 156
336 23
337 236
338 244
339 46
340 92
341 286
342 240
343 98
344 113
345 50
346 104
347 205
348 182
349 156
350 100
351 163
352 31
353 82
354 60
355 144
356 64
357 82
358 32
359 28
360 208
361 88
362 71
363 115
364 215
365 102
366 70
367 152
368 193
369 192
370 76
371 186
372 55
373 85
374 60
375 166
376 94
377 140
378 113
379 341
380 80
381 58
382 36
383 28
384 183
385 29
386 269
387 226
388 68
389 279
390 113
391 197
392 51
393 146
394 131
395 40
396 135
397 114
398 52
399 193
400 156
401 89
402 31
403 34
404 88
405 70
406 185
407 162
408 245
409 144
410 196
411 130
412 130
413 164
414 121
415 187
416 103
417 127
418 52
419 166
420 127
421 138
422 312
423 63
424 75
425 166
426 205
427 66
428 99
429 33
430 140
431 167
432 203
433 83
434 296
435 76
436 85
437 275
438 215
439 255
440 137
441 155
442 323
443 213
444 94
445 125
446 156
447 70
448 190
449 143
450 163
451 128
452 137
453 81
454 118
455 154
456 218
457 200
458 223
459 108
460 128
461 80
462 102
463 279
464 149
465 274
466 87
467 23
468 33
469 261
470 85
471 184
472 92
473 99
474 56
475 127
476 85
477 123
478 50
479 93
480 137
481 126
482 35
483 187
484 131
485 221
486 161
487 245
488 125
489 401
490 74
491 206
492 147
493 64
494 146
495 48
496 99
497 179
498 275
499 224
500 134

<precedence relations>
1,13
2,14
3,16
4,15
4,21
5,17
5,20
5,22
5,23
5,415
7,133
7,263
8,380
10,24
10,246
11,76
11,195
12,18
12,19
13,25
14,29
15,30
16,27
17,31
18,26
18,28
18,32
18,129
18,133
20,33
20,35
20,131
20,323
21,49
22,36
23,98
23,406
24,34
25,37
26,38
27,39
28,40
29,43
30,44
31,42
32,41
32,404
33,48
34,46
34,47
35,45
35,49
35,50
35,421
37,55
38,56
39,57
40,58
41,51
42,54
43,52
43,53
43,59
43,61
43,62
45,111
45,497
46,60
46,63
46,64
47,258
48,485
49,161
49,245
49,294
50,148
50,233
51,67
52,68
53,70
54,65
55,69
55,71
55,74
55,77
56,81
56,257
57,76
57,324
58,381
59,66
59,73
60,345
61,75
61,79
61,80
61,125
63,78
63,357
64,72
65,83
66,84
67,85
68,88
69,87
70,88
71,82
71,96
71,210
72,86
72,89
72,96
72,112
72,125
73,97
74,93
75,95
75,98
75,434
76,91
76,92
77,94
77,95
79,88
80,105
80,456
81,90
82,99
83,105
84,106
85,101
86,102
87,108
88,100
88,377
89,103
89,107
89,179
90,455
90,459
91,104
92,208
92,287
93,110
94,111
95,389
95,458
96,109
97,112
97,178
97,296
97,299
97,470
98,422
99,113
100,118
101,114
102,120
103,122
104,115
104,116
104,117
104,121
104,123
104,342
105,126
105,132
105,234
106,125
106,127
106,422
107,119
107,124
107,129
107,133
109,128
110,130
112,131
113,144
114,134
115,135
116,136
117,138
118,140
119,139
120,144
121,141
122,142
123,143
124,137
124,150
124,381
125,274
125,345
125,405
125,442
126,468
127,145
128,148
129,147
129,151
130,149
131,418
132,146
134,159
135,155
136,161
137,154
138,157
139,162
140,156
141,158
142,163
143,164
144,165
144,167
145,152
145,325
145,378
146,153
146,453
148,433
149,160
149,169
149,170
150,166
150,326
151,168
152,172
153,173
154,175
155,176
156,178
157,177
158,171
159,179
159,390
160,174
160,232
161,297
161,474
162,312
162,361
163,181
163,421
164,343
165,182
165,183
165,373
166,212
166,248
167,312
167,341
168,180
169,268
170,284
170,309
171,184
172,185
173,188
174,189
175,186
176,187
177,190
178,191
178,195
178,199
179,193
179,194
180,194
180,196
180,208
181,197
182,192
182,198
183,342
184,200
185,209
186,201
187,202
188,203
189,211
190,204
191,205
192,206
192,312
193,207
193,214
193,415
193,456
194,216
194,218
195,208
195,213
195,217
196,210
196,310
196,343
197,212
198,215
199,356
200,219
201,222
202,225
203,226
204,228
205,221
206,229
207,231
208,220
208,224
208,394
209,233
210,223
210,232
211,391
212,227
213,230
213,486
215,497
216,234
216,247
219,243
220,235
221,236
222,244
223,237
224,238
225,245
226,239
227,240
228,246
229,247
230,242
231,243
232,241
232,251
233,250
233,393
234,248
234,249
235,254
236,257
237,255
238,258
239,252
240,253
241,256
242,260
243,259
244,261
244,453
245,263
245,270
245,328
247,259
248,374
251,262
252,265
253,268
254,266
255,267
256,272
258,271
258,275
258,276
259,264
259,269
259,273
259,274
260,270
261,359
264,277
265,278
266,281
267,284
268,283
269,279
269,285
269,287
270,280
271,282
273,286
273,288
273,392
275,376
275,433
277,294
278,289
279,290
280,291
281,294
282,292
283,293
284,298
284,299
285,300
285,301
285,418
286,295
287,296
287,297
288,432
289,302
290,307
291,308
292,303
293,304
295,309
295,310
295,313
295,315
295,316
296,314
296,445
299,306
299,312
299,469
300,305
301,311
302,317
303,319
304,324
305,318
306,320
306,329
306,414
309,321
309,325
309,327
309,432
310,322
312,421
312,446
314,323
314,326
315,326
316,328
317,330
318,331
319,332
320,334
321,335
322,336
323,333
323,337
323,338
324,339
324,342
324,345
325,340
326,344
327,343
328,341
328,500
330,346
331,356
332,348
333,347
334,349
335,351
336,352
337,353
338,354
339,350
339,355
339,358
339,362
341,360
341,460
342,357
344,361
345,359
345,402
346,372
347,363
348,364
349,365
350,366
351,368
352,369
353,370
354,372
355,371
357,367
357,377
357,379
359,373
359,375
359,380
360,374
360,376
360,381
361,389
362,378
363,389
364,382
365,385
366,388
367,384
368,386
369,389
370,387
371,389
372,391
372,392
373,383
373,395
374,396
375,393
376,397
378,390
380,394
382,400
383,398
384,402
385,399
386,403
387,402
388,401
389,500
391,405
391,407
394,404
396,441
397,406
398,409
399,410
400,412
401,411
402,408
402,416
402,418
402,420
402,423
403,420
404,415
404,419
405,413
405,414
405,421
406,417
406,422
408,424
409,425
410,426
411,428
412,427
413,429
413,432
414,430
416,431
418,433
419,434
420,453
424,435
425,441
426,442
427,438
428,441
429,439
430,440
431,436
431,444
431,447
431,448
432,437
432,443
434,445
434,446
435,453
436,449
437,450
438,451
439,452
440,455
441,457
443,454
444,458
444,495
446,456
446,459
446,460
449,462
450,461
451,464
452,465
453,471
453,473
453,475
454,463
454,467
454,472
455,468
455,472
456,466
456,500
457,469
457,470
458,474
461,476
462,479
463,477
464,478
465,484
466,482
467,480
467,483
467,488
468,481
468,487
473,486
473,487
474,485
475,489
476,495
477,490
478,496
479,491
480,492
481,493
482,495
483,494
485,499
487,500
488,497
488,498

<end>
