<number of tasks>
500

<cycle time>
1000

<order strength>
0.597


<task times>
1 406
2 231
3 274
4 332
5 181
6 450
7 125
8 504
9 137
10 571
11 151
12 62
13 160
14 425
15 94
16 83
17 382
18 362
19 138
20 231
21 520
22 189
23 223
24 60
25 392
26 162
27 151
28 209
29 115
30 125
31 489
32 231
33 40
34 471
35 203
36 155
37 218
38 140
39 114
40 490
41 216
42 494
43 157
44 338
45 61
46 168
47 538
48 450
49 132
50 172
51 476
52 315
53 258
54 60
55 385
56 80
57 101
58 100
59 273
60 271
61 107
62 533
63 231
64 342
65 198
66 430
67 42
68 50
69 495
70 538
71 292
72 258
73 300
74 478
75 267
76 107
77 278
78 31
79 225
80 69
81 137
82 129
83 150
84 116
85 304
86 80
87 214
88 205
89 447
90 133
91 524
92 223
93 206
94 111
95 263
96 146
97 128
98 295
99 180
100 81
101 478
102 210
103 210
104 51
105 37
106 458
107 251
108 42
109 76
110 498
111 401
112 596
113 265
114 483
115 490
116 339
117 238
118 53
119 240
120 533
121 220
122 94
123 165
124 336
125 364
126 110
127 533
128 186
129 256
130 93
131 291
132 46
133 60
134 180
135 145
136 88
137 177
138 71
139 115
140 84
141 204
142 46
143 232
144 80
145 441
146 510
147 99
148 190
149 41
150 124
151 104
152 169
153 245
154 95
155 206
156 183
157 147
158 527
159 70
160 41
161 120
162 425
163 43
164 153
165 39
166 448
167 126
168 429
169 494
170 210
171 272
172 283
173 291
174 121
175 388
176 184
177 150
178 144
179 537
180 545
181 79
182 131
183 536
184 557
185 213
186 259
187 317
188 172
189 189
190 269
191 33
192 205
193 120
194 70
195 146
196 455
197 50
198 230
199 190
200 29
201 114
202 487
203 29
204 216
205 538
206 27
207 154
208 136
209 106
210 339
211 217
212 21
213 172
214 552
215 31
216 79
217 73
218 46
219 246
220 87
221 35
222 150
223 23
224 264
225 231
226 124
227 506
228 475
229 244
230 162
231 188
232 356
233 469
234 226
235 92
236 97
237 283
238 224
239 55
240 509
241 35
242 80
243 63
244 491
245 40
246 44
247 134
248 201
249 45
250 55
251 48
252 403
253 523
254 216
255 464
256 77
257 585
258 34
259 153
260 116
261 362
262 214
263 521
264 85
265 94
266 329
267 21
268 54
269 99
270 83
271 259
272 246
273 154
274 337
275 494
276 209
277 311
278 295
279 171
280 131
281 263
282 212
283 296
284 21
285 74
286 473
287 244
288 178
289 73
290 258
291 220
292 41
293 38
294 98
295 126
296 267
297 89
298 67
299 200
300 198
301 236
302 185
303 255
304 78
305 143
306 63
307 468
308 544
309 518
310 205
311 113
312 177
313 468
314 453
315 31
316 22
317 128
318 47
319 322
320 57
321 65
322 174
323 374
324 499
325 420
326 154
327 135
328 160
329 443
330 100
331 270
332 163
333 190
334 55
335 87
336 210
337 194
338 545
339 40
340 31
341 164
342 295
343 345
344 244
345 124
346 162
347 468
348 45
349 271
350 147
351 336
352 243
353 165
354 140
355 385
356 220
357 94
358 226
359 104
360 261
361 186
362 103
363 74
364 475
365 105
366 39
367 120
368 146
369 27
370 186
371 83
372 454
373 332
374 362
375 178
376 308
377 336
378 153
379 262
380 186
381 79
382 231
383 189
384 155
385 555
386 321
387 250
388 238
389 68
390 250
391 139
392 288
393 532
394 283
395 143
396 238
397 429
398 176
399 126
400 250
401 224
402 259
403 193
404 504
405 276
406 580
407 134
408 158
409 452
410 331
411 264
412 233
413 107
414 152
415 272
416 291
417 355
418 49
419 204
420 173
421 470
422 448
423 279
424 218
425 561
426 152
427 228
428 170
429 517
430 278
431 545
432 27
433 186
434 235
435 104
436 75
437 498
438 67
439 90
440 257
441 147
442 182
443 93
444 147
445 253
446 88
447 504
448 179
449 45
450 566
451 63
452 34
453 402
454 151
455 111
456 144
457 72
458 280
459 142
460 380
461 76
462 249
463 250
464 140
465 223
466 112
467 232
468 42
469 22
470 131
471 49
472 206
473 568
474 278
475 539
476 99
477 131
478 85
479 429
480 24
481 299
482 64
483 130
484 234
485 539
486 38
487 472
488 106
489 189
490 431
491 252
492 137
493 272
494 207
495 76
496 135
497 217
498 69
499 488
500 121

<precedence relations>
1,14
1,16
1,19
1,116
2,13
2,14
3,13
3,14
4,16
5,13
5,21
6,15
6,17
6,20
6,112
7,13
7,304
9,99
9,167
10,18
11,23
12,68
13,187
14,22
14,29
14,111
15,22
15,23
15,25
15,29
15,55
16,23
16,81
17,26
17,28
18,22
18,23
18,24
18,25
18,27
19,121
20,77
21,30
21,39
21,43
21,44
22,32
23,31
23,33
24,31
24,88
24,116
25,31
25,32
25,35
26,31
26,32
26,33
26,34
27,31
27,34
27,36
28,38
28,39
29,101
29,153
29,162
30,37
31,40
31,41
31,42
32,44
33,40
33,41
34,197
34,316
34,321
34,343
35,41
36,43
36,45
37,42
38,42
39,40
39,41
39,42
39,116
40,46
40,61
41,46
41,50
41,124
42,51
42,52
43,46
44,47
45,46
45,48
45,49
46,53
46,72
47,53
47,61
47,84
48,55
48,62
49,57
49,59
49,60
50,56
50,128
51,53
51,58
52,53
52,54
53,63
53,70
54,66
54,71
54,73
54,75
54,150
54,153
55,90
56,65
56,66
56,67
56,76
57,63
57,69
58,170
59,63
59,64
59,68
59,72
59,74
60,230
60,242
61,66
61,115
61,120
62,257
62,425
63,79
63,80
64,77
64,78
64,79
64,80
65,77
66,77
67,77
68,77
68,88
68,94
69,77
69,82
70,157
70,426
71,91
72,479
73,301
73,332
73,385
73,440
74,81
74,83
74,127
75,79
75,84
75,85
76,77
77,86
77,114
77,157
78,91
78,94
78,95
78,96
78,150
79,146
79,218
80,86
80,87
80,90
81,97
82,86
82,89
82,92
83,88
83,95
83,179
83,210
84,86
84,93
85,104
85,162
86,99
86,100
86,104
87,489
88,166
89,98
89,102
90,101
90,130
91,98
91,99
91,162
92,98
92,103
92,110
93,189
93,274
94,153
95,99
95,411
97,133
97,298
97,387
98,111
98,114
99,366
99,407
100,107
100,162
101,105
101,108
101,110
101,114
102,105
102,106
102,109
102,115
103,112
103,116
103,213
104,105
104,106
104,113
105,119
106,117
106,122
106,123
106,165
107,117
107,165
108,117
108,118
109,117
110,179
111,196
112,118
112,258
113,164
113,206
114,121
115,117
115,118
115,124
116,120
117,125
117,126
117,127
117,146
118,252
118,260
119,132
120,127
121,125
121,126
121,127
121,129
121,165
122,125
122,126
122,133
122,194
123,125
123,130
123,131
124,125
124,128
125,134
125,144
126,134
126,142
127,138
127,140
127,179
128,135
129,134
129,205
130,134
130,139
130,213
130,232
130,236
130,308
131,141
131,188
131,224
132,136
132,137
132,143
132,189
133,134
133,270
133,304
134,152
135,150
135,153
135,197
135,292
136,145
136,146
136,155
137,145
137,241
137,301
137,307
137,369
138,147
138,149
138,154
139,151
139,193
139,304
140,460
141,273
141,382
142,148
143,145
143,146
143,187
143,297
144,172
145,158
146,330
146,429
147,467
148,159
148,160
148,163
148,164
149,164
150,156
150,157
150,162
150,199
151,156
151,291
152,197
153,156
153,271
154,156
154,161
155,165
155,210
158,326
158,405
159,169
159,175
159,218
160,166
160,172
161,167
161,170
162,168
162,228
163,166
163,167
163,168
163,171
163,179
164,173
164,174
164,190
165,166
165,167
166,181
166,184
166,209
166,216
167,176
168,225
169,176
169,177
169,242
170,185
170,263
171,176
172,179
172,312
173,176
173,183
174,182
175,176
175,178
175,180
176,214
176,310
177,236
177,288
178,192
178,202
178,236
179,233
179,253
179,351
179,375
180,189
180,192
180,259
181,186
181,193
182,186
182,189
182,191
183,188
184,186
184,187
184,190
184,195
185,187
185,194
186,200
186,201
186,202
186,207
187,196
187,197
187,205
188,197
188,208
188,209
188,210
189,346
190,303
191,199
191,204
192,196
192,198
193,283
194,203
194,311
195,203
195,206
195,290
196,215
197,228
197,295
198,211
198,212
199,283
200,437
201,217
202,243
202,261
203,256
204,216
204,230
205,214
206,213
207,235
207,434
208,498
209,211
209,212
209,278
209,282
210,257
210,404
211,220
211,222
212,221
213,279
214,219
214,223
214,228
215,221
216,218
217,218
218,224
218,228
219,231
219,232
219,234
219,261
220,268
220,298
221,226
221,230
222,225
222,227
222,233
223,229
223,291
223,329
224,234
224,235
224,236
224,237
224,269
225,235
225,237
225,297
227,238
227,242
228,234
228,244
228,356
228,449
229,238
229,305
229,313
230,240
230,241
231,290
231,330
231,404
232,239
232,243
233,447
233,455
233,497
235,479
236,248
236,249
237,245
237,254
237,255
238,247
238,420
239,250
240,389
241,253
241,268
241,344
242,246
242,342
242,359
243,251
243,252
244,475
245,257
245,263
245,267
245,364
246,315
246,376
246,454
247,261
247,403
248,335
249,259
249,260
249,264
249,268
249,289
249,341
250,288
250,375
251,413
251,449
252,256
252,265
253,257
254,256
254,262
254,266
255,258
255,304
255,326
255,475
256,274
257,271
258,276
259,275
259,343
260,282
261,269
262,415
263,270
263,345
263,355
263,477
264,471
266,272
266,273
267,350
267,454
268,387
269,277
269,280
271,279
272,371
272,482
273,281
273,344
274,283
274,284
275,278
275,282
276,277
276,310
277,287
277,335
277,342
277,368
278,291
278,297
279,285
279,291
279,293
279,295
279,356
280,290
280,292
280,444
281,286
281,396
281,401
282,342
283,288
283,296
284,289
284,294
284,357
285,314
285,316
286,304
286,347
287,299
287,482
287,499
288,302
288,348
289,303
289,429
289,444
290,393
290,477
291,298
291,305
292,301
292,308
293,306
293,491
294,323
294,346
294,474
295,335
295,345
295,357
296,300
296,307
298,311
298,313
300,312
300,367
300,409
301,372
302,309
302,391
303,359
303,428
303,433
304,328
304,373
304,444
304,446
305,316
306,310
306,453
307,315
307,388
308,314
308,471
308,477
309,321
309,351
309,447
310,468
310,487
311,338
312,317
312,319
312,324
313,316
313,320
313,322
313,372
313,413
313,426
314,402
315,318
315,323
315,325
315,326
316,337
317,328
317,331
317,334
317,335
317,336
318,330
319,349
319,379
320,336
320,448
321,332
322,327
323,328
323,329
323,424
324,417
324,480
325,333
326,458
328,345
328,449
328,489
329,341
330,340
330,343
331,338
331,344
331,346
331,347
331,348
332,363
333,339
334,371
335,399
335,437
336,339
336,384
336,497
337,342
337,349
338,355
338,357
339,419
340,400
340,442
341,350
341,352
343,457
344,414
346,481
347,351
347,353
347,385
347,429
348,354
348,356
348,440
349,443
349,481
350,358
350,368
350,400
351,363
352,367
352,368
353,369
353,398
353,408
354,364
354,366
354,374
356,359
356,361
356,393
356,466
357,360
357,361
357,362
357,365
357,366
357,372
358,375
358,377
358,378
358,382
358,384
360,381
360,392
360,410
361,479
362,370
362,371
362,373
362,380
363,376
364,372
365,374
366,420
367,383
367,397
368,379
370,411
371,386
372,388
372,390
372,454
373,417
373,485
374,389
375,455
377,409
377,443
378,387
380,391
380,428
381,393
381,394
382,470
382,491
383,385
383,392
383,415
384,461
384,495
385,400
385,441
386,411
387,395
387,404
387,406
388,398
388,456
389,457
390,397
390,447
391,399
391,402
391,403
391,491
392,396
392,401
395,405
395,426
396,408
398,412
398,419
399,465
400,410
401,406
401,413
403,414
404,407
404,409
404,411
405,422
405,459
407,417
407,425
407,447
408,418
410,416
411,420
412,415
413,419
413,421
414,423
414,424
416,427
416,462
416,470
418,428
418,432
421,430
421,431
423,429
423,476
423,490
424,426
426,436
427,433
427,435
427,439
429,440
430,439
431,438
431,451
431,466
432,434
432,437
435,444
435,446
436,441
436,484
436,493
437,442
437,447
439,443
439,444
440,445
441,452
442,453
442,455
443,448
443,451
443,497
444,452
445,449
445,454
445,498
447,450
448,460
448,466
450,456
450,462
451,461
452,457
452,464
453,467
454,458
455,457
455,459
455,463
455,464
455,465
456,472
456,476
457,471
458,474
460,475
460,498
461,468
462,469
462,473
464,477
464,478
467,470
468,490
469,488
470,481
470,483
470,484
471,489
472,479
472,480
473,482
473,485
473,486
474,494
475,493
476,485
477,487
478,481
479,495
480,493
483,497
485,494
486,491
486,499
487,500
488,492
488,498
489,496

<end>
