<number of tasks>
500

<cycle time>
1000

<order strength>
0.595


<task times>
1 601
2 383
3 726
4 612
5 670
6 514
7 632
8 581
9 395
10 714
11 451
12 722
13 530
14 506
15 523
16 504
17 308
18 543
19 482
20 445
21 527
22 591
23 269
24 414
25 533
26 355
27 315
28 689
29 449
30 429
31 452
32 310
33 477
34 542
35 622
36 530
37 587
38 397
39 605
40 559
41 327
42 692
43 526
44 652
45 575
46 824
47 507
48 420
49 415
50 525
51 579
52 526
53 701
54 550
55 633
56 532
57 502
58 637
59 685
60 573
61 589
62 491
63 454
64 658
65 527
66 469
67 487
68 608
69 558
70 604
71 416
72 359
73 466
74 429
75 383
76 432
77 304
78 570
79 574
80 628
81 599
82 372
83 681
84 362
85 480
86 678
87 546
88 573
89 676
90 485
91 340
92 445
93 377
94 575
95 486
96 530
97 460
98 454
99 353
100 569
101 564
102 396
103 373
104 564
105 576
106 588
107 437
108 438
109 617
110 536
111 402
112 434
113 475
114 659
115 306
116 369
117 355
118 246
119 652
120 434
121 369
122 536
123 223
124 337
125 388
126 560
127 700
128 484
129 349
130 564
131 329
132 278
133 517
134 555
135 270
136 614
137 524
138 443
139 495
140 401
141 544
142 383
143 295
144 491
145 483
146 598
147 384
148 611
149 516
150 305
151 680
152 578
153 511
154 591
155 529
156 565
157 527
158 449
159 352
160 545
161 591
162 416
163 360
164 471
165 662
166 545
167 519
168 503
169 457
170 639
171 550
172 606
173 347
174 529
175 343
176 439
177 496
178 585
179 409
180 403
181 304
182 344
183 419
184 695
185 484
186 388
187 466
188 436
189 280
190 527
191 769
192 523
193 320
194 551
195 483
196 369
197 431
198 576
199 524
200 702
201 606
202 391
203 333
204 533
205 689
206 522
207 639
208 486
209 523
210 596
211 482
212 462
213 529
214 457
215 501
216 507
217 589
218 648
219 671
220 535
221 546
222 445
223 360
224 453
225 397
226 469
227 566
228 368
229 512
230 603
231 411
232 533
233 511
234 569
235 593
236 577
237 621
238 507
239 436
240 558
241 504
242 615
243 497
244 397
245 475
246 500
247 400
248 447
249 470
250 388
251 651
252 532
253 472
254 624
255 645
256 385
257 574
258 444
259 461
260 721
261 351
262 701
263 626
264 227
265 584
266 596
267 537
268 307
269 502
270 506
271 510
272 655
273 462
274 588
275 506
276 412
277 582
278 463
279 541
280 398
281 443
282 593
283 594
284 234
285 486
286 588
287 458
288 602
289 662
290 737
291 632
292 518
293 605
294 497
295 548
296 476
297 527
298 462
299 474
300 472
301 432
302 742
303 506
304 607
305 457
306 625
307 653
308 735
309 354
310 577
311 353
312 551
313 333
314 555
315 328
316 319
317 556
318 653
319 326
320 730
321 339
322 594
323 460
324 505
325 597
326 494
327 464
328 333
329 538
330 585
331 369
332 440
333 367
334 547
335 674
336 623
337 582
338 613
339 422
340 600
341 543
342 445
343 451
344 461
345 419
346 560
347 577
348 649
349 580
350 650
351 524
352 589
353 463
354 474
355 283
356 614
357 325
358 451
359 346
360 570
361 558
362 675
363 555
364 658
365 437
366 590
367 430
368 454
369 537
370 280
371 509
372 579
373 673
374 604
375 382
376 507
377 477
378 348
379 528
380 671
381 595
382 390
383 512
384 493
385 489
386 268
387 452
388 644
389 674
390 390
391 475
392 364
393 390
394 472
395 581
396 467
397 588
398 607
399 311
400 316
401 633
402 413
403 479
404 591
405 505
406 560
407 576
408 626
409 491
410 407
411 540
412 417
413 498
414 484
415 202
416 508
417 685
418 429
419 360
420 734
421 368
422 442
423 306
424 337
425 433
426 463
427 408
428 457
429 692
430 348
431 708
432 450
433 413
434 502
435 534
436 693
437 625
438 429
439 513
440 677
441 571
442 566
443 695
444 616
445 597
446 512
447 501
448 469
449 466
450 516
451 636
452 470
453 428
454 379
455 360
456 750
457 590
458 420
459 591
460 581
461 495
462 793
463 387
464 447
465 510
466 648
467 540
468 346
469 452
470 543
471 819
472 656
473 526
474 547
475 487
476 461
477 439
478 490
479 225
480 444
481 542
482 479
483 457
484 492
485 601
486 344
487 494
488 478
489 167
490 551
491 440
492 380
493 557
494 579
495 713
496 671
497 547
498 502
499 649
500 687

<precedence relations>
1,11
1,164
1,196
2,116
2,185
2,205
3,8
3,9
4,10
4,30
5,9
5,12
5,14
5,15
6,8
6,9
6,13
7,8
7,67
8,25
8,371
9,16
10,16
10,17
10,18
10,19
10,21
10,23
12,22
12,69
13,19
13,20
14,16
14,17
14,18
14,19
14,24
15,16
15,17
15,18
16,25
16,26
16,27
16,29
17,25
17,26
17,27
17,32
19,85
20,25
20,27
20,30
21,25
21,26
21,27
21,28
21,32
21,79
22,25
22,104
22,205
23,28
23,31
24,25
24,120
25,45
25,164
25,312
26,33
26,42
27,33
27,36
27,40
28,43
28,102
28,105
29,35
29,75
30,34
30,37
30,38
30,44
31,33
31,39
31,41
32,33
33,50
33,53
33,78
34,49
35,46
35,47
36,57
36,153
37,46
37,159
38,269
39,52
40,46
40,47
40,48
40,51
40,58
41,46
42,444
43,56
44,46
44,54
44,55
45,384
46,66
46,70
46,169
47,59
47,60
47,71
48,274
49,70
49,71
50,171
51,491
52,113
53,59
53,62
53,154
54,60
54,67
54,68
55,59
55,63
55,172
56,65
56,106
57,59
57,60
57,69
58,59
58,61
58,64
58,83
58,100
59,350
60,151
61,72
61,139
62,76
63,379
64,75
65,72
65,74
66,72
66,363
66,413
66,418
67,78
67,79
67,82
67,92
68,72
68,103
69,73
69,77
69,149
70,72
70,106
70,120
71,72
71,73
71,74
72,450
73,87
73,169
74,81
74,82
74,85
74,86
74,114
75,80
75,82
76,84
77,95
77,106
77,126
78,80
78,83
79,117
80,97
81,88
81,89
81,94
82,88
82,89
82,96
82,113
82,123
83,88
83,122
84,90
84,91
84,92
84,93
85,88
85,95
85,101
85,123
86,88
86,98
86,152
87,88
88,99
88,125
89,99
89,101
90,99
90,102
91,175
92,333
92,472
92,500
93,106
94,103
94,170
95,113
96,99
97,105
97,210
97,319
98,100
98,104
98,136
99,111
99,117
99,159
100,109
100,116
100,135
100,199
101,108
101,110
101,112
101,115
101,143
102,107
102,108
102,114
103,120
104,107
104,226
104,363
105,316
106,113
107,477
108,122
108,124
108,133
108,216
109,177
110,118
110,119
110,120
110,133
111,281
112,121
113,119
113,152
114,123
114,165
114,177
115,120
116,121
117,118
117,119
118,344
118,403
118,456
119,127
119,129
119,131
120,125
121,125
121,132
122,125
123,125
123,128
123,133
123,210
124,125
124,126
124,130
124,169
125,145
126,134
126,165
127,135
128,143
128,247
129,141
129,220
130,137
130,140
131,134
131,135
131,136
131,142
131,144
132,138
132,139
133,134
134,146
134,147
134,148
135,146
135,147
136,239
137,474
137,475
137,488
138,149
138,153
138,154
138,208
139,155
140,147
140,152
140,220
141,146
142,148
142,151
142,156
143,461
144,258
144,261
145,146
145,150
146,162
146,224
147,157
147,158
147,160
147,161
147,170
147,194
147,223
147,225
148,157
148,164
148,179
149,169
149,225
150,166
150,265
151,163
151,165
151,167
151,168
151,177
152,321
152,323
152,474
152,481
152,490
153,201
154,157
154,158
154,159
155,157
155,158
155,159
156,158
156,234
157,171
157,188
157,271
158,176
158,235
158,297
159,177
160,171
160,172
160,193
160,231
161,174
162,171
163,242
164,224
164,288
165,315
165,326
166,173
167,172
168,171
168,175
169,171
171,192
171,211
172,186
172,187
173,178
174,178
174,183
174,184
175,179
175,182
175,184
175,185
176,180
176,181
176,241
176,324
177,188
177,189
177,212
178,190
178,191
179,191
179,194
180,359
181,190
181,260
182,196
182,199
183,407
184,197
184,198
184,226
184,331
185,192
185,193
185,313
186,301
186,335
186,337
187,196
187,244
187,247
187,248
188,190
188,191
188,275
189,195
190,261
190,307
191,200
191,201
192,468
194,202
195,203
195,204
196,200
196,205
196,209
197,485
198,475
198,489
199,201
199,275
200,206
200,211
200,270
201,207
201,230
202,206
202,208
203,209
203,213
203,214
203,278
204,210
204,215
204,216
204,217
204,235
205,206
205,207
205,212
206,293
206,334
207,224
207,229
207,283
207,284
208,218
209,222
210,218
211,221
212,219
212,227
213,218
213,220
213,223
213,225
213,274
214,218
214,246
216,226
217,455
218,238
218,272
219,233
220,230
220,332
221,229
221,232
221,234
221,235
224,361
225,231
225,245
226,228
226,236
226,237
226,287
227,256
227,263
227,437
228,246
228,248
228,347
229,243
229,245
229,293
229,312
230,276
230,327
230,384
231,260
231,282
232,242
233,265
234,240
234,251
234,359
235,259
235,296
236,239
237,244
237,374
237,437
237,484
238,241
239,248
239,475
240,249
240,252
240,253
240,255
240,258
241,247
242,246
242,257
242,258
242,260
243,246
243,250
243,251
243,349
244,256
245,254
245,259
246,263
247,265
248,392
249,264
250,353
250,411
251,385
251,386
252,282
253,267
253,289
254,261
255,266
256,375
257,262
257,321
258,457
259,334
260,409
261,269
261,273
262,277
263,274
264,268
264,279
264,357
265,270
265,271
265,275
265,320
265,379
266,272
266,276
266,278
267,280
267,403
269,281
269,288
270,279
271,282
271,283
272,284
273,279
273,287
273,292
274,286
275,280
275,322
276,285
276,396
276,458
277,305
277,394
277,422
279,295
279,296
279,323
279,385
280,293
281,294
281,354
282,328
283,289
283,292
284,290
284,291
284,364
284,372
284,373
285,297
286,295
286,387
290,298
290,299
290,303
290,338
290,450
291,303
291,306
292,308
292,412
292,415
292,425
293,300
293,305
293,307
293,321
294,301
294,302
294,305
296,304
297,388
298,446
298,488
299,317
299,369
299,464
300,311
301,309
301,315
301,352
302,314
302,318
302,319
304,326
305,310
306,312
306,313
306,316
306,384
307,399
308,309
309,325
310,328
311,326
312,338
312,374
312,431
313,321
313,346
314,411
316,322
316,323
316,425
317,320
317,324
318,327
319,350
321,341
321,486
322,328
322,339
322,367
324,367
324,408
324,478
324,485
326,330
326,331
326,332
326,333
326,335
326,336
326,337
326,338
326,339
327,328
327,329
327,334
328,342
328,418
329,344
330,397
330,423
331,349
331,447
331,472
333,429
334,341
334,346
335,348
336,340
336,411
337,347
339,343
339,345
339,350
340,355
341,357
343,399
344,359
346,352
346,358
347,351
347,353
347,356
348,354
349,355
349,423
350,397
350,476
351,361
351,362
351,364
352,360
352,361
352,365
353,436
354,415
355,436
356,463
357,363
358,418
360,366
361,366
361,369
361,389
362,372
362,373
363,367
363,392
364,450
365,368
365,370
365,371
365,374
365,380
366,378
366,381
366,386
366,446
367,380
367,385
368,382
368,383
368,494
369,468
370,379
370,383
370,404
370,411
371,375
371,376
371,387
372,384
372,459
373,391
373,456
374,377
374,379
375,500
376,392
376,393
376,394
379,396
381,390
382,391
384,389
384,408
386,387
386,388
386,395
386,397
387,398
387,404
388,435
389,433
390,402
390,405
394,399
394,495
395,400
395,493
396,401
396,403
397,422
397,465
398,408
398,414
398,415
398,454
399,407
399,411
399,412
400,406
402,409
402,410
402,421
403,443
404,413
405,416
405,481
407,420
408,419
408,421
409,422
409,424
409,434
412,417
413,460
413,495
414,417
414,425
414,449
414,458
416,418
416,423
416,437
417,429
417,431
417,434
417,435
417,438
417,472
418,470
419,426
419,427
419,428
419,436
419,455
419,475
420,432
420,437
420,497
420,499
421,430
421,456
421,460
422,471
423,433
424,451
426,476
428,453
428,466
428,477
429,444
430,500
431,441
431,443
431,447
432,446
432,483
432,488
433,448
434,442
434,468
435,480
436,439
436,440
437,445
438,477
439,456
439,460
439,499
441,450
441,452
442,459
444,455
444,457
444,460
445,458
446,451
446,456
448,449
448,453
448,454
449,470
451,461
451,469
452,465
452,466
452,467
452,468
454,479
455,463
457,464
459,481
460,462
461,472
462,497
465,485
465,488
466,473
467,477
467,478
468,471
470,474
470,475
470,476
472,481
472,489
472,490
474,483
474,484
474,485
474,487
475,480
475,486
476,482
476,499
477,479
477,484
478,488
478,489
479,494
479,499
480,500
481,491
482,490
483,493
486,496
487,495
487,497
487,498
488,492
488,496

<end>
