<number of tasks>
500

<cycle time>
1000

<order strength>
0.595


<task times>
1 363
2 88
3 294
4 84
5 22
6 59
7 576
8 23
9 558
10 132
11 183
12 47
13 189
14 448
15 182
16 283
17 108
18 337
19 196
20 101
21 510
22 297
23 153
24 136
25 233
26 503
27 268
28 362
29 122
30 72
31 291
32 559
33 107
34 504
35 38
36 72
37 450
38 21
39 44
40 197
41 289
42 75
43 34
44 494
45 240
46 190
47 132
48 44
49 518
50 160
51 122
52 142
53 130
54 86
55 149
56 199
57 413
58 227
59 173
60 226
61 290
62 410
63 485
64 38
65 169
66 224
67 232
68 129
69 92
70 61
71 315
72 126
73 541
74 304
75 521
76 520
77 151
78 121
79 283
80 165
81 20
82 391
83 557
84 464
85 294
86 50
87 160
88 53
89 312
90 211
91 581
92 483
93 94
94 109
95 480
96 186
97 39
98 539
99 242
100 445
101 186
102 514
103 109
104 194
105 99
106 237
107 532
108 518
109 476
110 209
111 517
112 154
113 236
114 164
115 208
116 357
117 477
118 532
119 62
120 553
121 280
122 487
123 293
124 111
125 90
126 334
127 163
128 174
129 527
130 21
131 267
132 473
133 330
134 83
135 159
136 286
137 205
138 267
139 35
140 119
141 480
142 81
143 78
144 228
145 250
146 478
147 259
148 492
149 172
150 274
151 185
152 402
153 40
154 47
155 331
156 128
157 103
158 67
159 274
160 560
161 87
162 254
163 196
164 96
165 210
166 383
167 132
168 132
169 235
170 124
171 525
172 244
173 486
174 156
175 88
176 171
177 50
178 64
179 29
180 299
181 286
182 184
183 277
184 167
185 173
186 244
187 87
188 492
189 208
190 74
191 606
192 538
193 157
194 139
195 286
196 218
197 123
198 103
199 136
200 495
201 189
202 433
203 93
204 38
205 353
206 97
207 80
208 121
209 331
210 281
211 69
212 51
213 173
214 71
215 346
216 191
217 194
218 178
219 240
220 53
221 115
222 444
223 262
224 203
225 42
226 193
227 421
228 211
229 242
230 238
231 165
232 513
233 26
234 261
235 308
236 112
237 157
238 134
239 148
240 510
241 93
242 214
243 421
244 81
245 503
246 116
247 243
248 64
249 147
250 418
251 41
252 558
253 219
254 276
255 181
256 347
257 64
258 184
259 46
260 213
261 189
262 27
263 103
264 83
265 159
266 33
267 30
268 427
269 25
270 204
271 190
272 89
273 168
274 149
275 226
276 120
277 560
278 45
279 279
280 270
281 141
282 95
283 58
284 210
285 92
286 345
287 98
288 229
289 635
290 153
291 181
292 493
293 41
294 198
295 399
296 45
297 282
298 417
299 150
300 274
301 222
302 110
303 116
304 201
305 185
306 549
307 519
308 494
309 57
310 113
311 539
312 329
313 167
314 261
315 525
316 302
317 197
318 81
319 104
320 109
321 526
322 346
323 420
324 257
325 363
326 286
327 178
328 210
329 537
330 288
331 577
332 434
333 349
334 164
335 115
336 136
337 302
338 182
339 523
340 105
341 126
342 194
343 48
344 92
345 502
346 58
347 66
348 84
349 152
350 212
351 95
352 500
353 97
354 142
355 181
356 143
357 212
358 492
359 79
360 541
361 261
362 374
363 143
364 50
365 484
366 489
367 121
368 93
369 122
370 29
371 490
372 63
373 30
374 130
375 138
376 393
377 24
378 162
379 241
380 491
381 125
382 204
383 358
384 465
385 157
386 102
387 440
388 356
389 281
390 41
391 294
392 298
393 269
394 54
395 69
396 90
397 246
398 134
399 88
400 527
401 515
402 41
403 97
404 272
405 79
406 166
407 332
408 106
409 84
410 272
411 509
412 121
413 106
414 118
415 35
416 217
417 249
418 81
419 168
420 274
421 533
422 309
423 37
424 295
425 416
426 175
427 57
428 93
429 42
430 189
431 56
432 30
433 276
434 228
435 105
436 426
437 333
438 463
439 20
440 322
441 102
442 472
443 110
444 230
445 551
446 271
447 109
448 89
449 281
450 137
451 31
452 273
453 251
454 92
455 213
456 219
457 216
458 162
459 133
460 149
461 227
462 269
463 216
464 205
465 342
466 433
467 94
468 106
469 187
470 284
471 529
472 175
473 223
474 189
475 118
476 173
477 576
478 148
479 82
480 387
481 96
482 254
483 532
484 353
485 106
486 55
487 547
488 140
489 225
490 214
491 189
492 122
493 113
494 127
495 124
496 133
497 446
498 167
499 213
500 385

<precedence relations>
1,450
2,44
3,86
4,309
5,177
6,41
7,41
8,12
8,13
8,15
8,19
8,21
9,18
9,20
9,22
9,24
10,14
10,17
10,23
10,41
11,16
11,264
11,265
12,44
13,44
14,86
15,86
16,442
17,110
18,70
19,41
20,41
21,262
21,268
22,25
22,26
22,27
22,29
22,31
24,28
24,30
24,32
25,86
26,86
27,86
28,147
29,489
30,41
31,41
32,33
32,34
32,35
32,36
32,37
32,38
32,39
32,40
32,42
32,43
33,44
34,44
35,44
36,110
37,70
38,70
39,177
40,177
41,45
41,46
41,49
41,50
41,51
41,53
41,56
41,57
41,58
41,59
41,60
41,89
42,47
42,53
42,54
42,61
43,48
43,49
43,52
43,55
44,62
44,63
44,64
44,65
44,66
44,82
45,86
46,110
47,309
48,182
49,182
50,262
51,147
52,70
53,70
54,177
55,177
56,67
56,73
56,136
56,155
56,166
57,143
58,66
58,67
58,69
58,74
58,125
59,66
60,66
60,67
60,68
61,71
61,72
62,147
63,300
64,315
65,133
65,135
66,110
67,226
68,147
69,300
70,75
70,76
70,77
70,78
70,79
70,80
70,81
70,82
70,83
70,85
71,83
71,84
72,82
72,88
72,106
73,75
73,81
74,292
74,449
75,154
76,86
77,306
77,368
78,412
79,87
79,91
80,88
80,90
81,177
82,489
83,92
83,94
83,189
84,86
84,87
84,89
84,93
85,95
86,97
86,98
86,99
86,100
86,101
86,102
86,103
86,104
86,105
86,106
87,378
88,147
89,177
90,489
91,107
91,125
91,180
92,147
93,96
93,265
93,316
94,108
94,193
95,96
95,106
95,107
95,125
96,450
97,360
98,300
99,177
100,109
101,229
102,113
102,222
102,255
102,266
103,111
103,115
103,126
103,136
104,109
104,221
104,268
105,191
105,288
105,338
105,364
106,110
107,112
107,117
108,109
108,114
108,116
108,215
109,442
110,118
110,119
110,120
110,121
110,122
110,123
110,124
111,182
112,147
113,315
114,123
114,124
114,256
114,295
115,255
116,125
116,149
117,126
118,134
118,135
118,136
119,133
120,127
120,128
121,305
121,357
122,132
123,300
124,458
125,134
126,127
126,128
126,129
126,130
126,131
127,450
128,154
129,467
130,182
131,147
132,177
133,136
133,137
133,138
133,140
133,142
134,139
134,142
134,145
135,141
135,143
135,144
135,175
136,154
137,262
138,147
139,300
140,300
141,338
142,177
143,145
143,146
143,150
143,151
144,148
144,149
144,152
144,153
145,450
146,154
147,156
147,157
147,158
147,159
147,160
147,161
147,162
147,165
148,315
149,177
150,164
150,263
150,334
151,163
151,178
152,253
153,155
153,166
154,167
154,168
154,169
154,170
154,171
154,172
154,173
154,178
155,384
156,177
157,177
158,177
159,179
160,403
160,431
161,174
161,176
162,174
162,182
163,177
164,174
164,181
165,175
165,221
166,174
166,180
166,189
167,467
168,262
169,489
170,181
170,182
170,189
171,181
171,193
171,215
172,181
172,214
173,210
173,294
174,378
175,182
176,182
177,183
177,184
177,185
177,186
177,187
177,188
178,284
179,181
179,231
179,259
180,181
180,182
180,221
181,368
182,190
182,191
182,193
182,194
182,195
182,196
182,197
182,198
182,199
182,200
183,190
184,201
185,228
185,283
186,190
186,202
186,214
186,216
187,405
187,445
188,192
188,203
189,190
189,294
189,297
190,226
191,309
192,309
193,309
194,300
195,208
195,225
196,449
197,332
197,333
197,409
198,307
198,318
198,361
200,206
201,204
201,205
201,256
201,262
202,205
202,207
202,212
203,208
203,306
204,384
205,300
206,209
206,214
206,215
206,216
206,217
207,211
207,213
207,217
208,210
208,212
208,256
208,319
209,226
210,300
211,338
212,218
212,219
213,218
213,221
213,301
214,222
214,251
214,268
215,223
215,244
216,218
216,220
216,244
216,263
217,219
217,224
218,368
219,226
220,412
221,418
221,492
222,225
222,227
223,229
224,225
224,228
224,230
224,231
225,442
226,232
226,233
226,234
226,235
226,236
226,237
226,238
226,239
226,264
226,278
226,303
227,300
228,240
228,242
228,334
228,340
229,240
229,337
230,241
230,244
231,243
231,245
231,246
231,247
232,248
232,491
233,439
234,334
235,301
236,248
236,485
237,255
237,332
238,251
238,437
240,309
241,315
242,385
243,252
244,250
245,302
245,315
245,332
246,248
246,249
247,267
247,292
248,368
249,253
249,254
249,256
249,258
249,260
249,261
250,254
250,257
251,255
251,259
251,363
251,457
252,418
253,442
254,262
255,458
256,489
257,268
257,316
258,265
260,264
260,266
260,316
261,262
261,263
261,267
261,268
262,269
262,270
262,271
262,272
262,273
262,274
262,275
262,276
262,277
262,278
263,338
264,299
267,278
268,293
268,306
269,315
270,279
270,282
270,308
270,318
271,286
272,467
272,493
273,437
274,300
275,376
276,281
276,287
277,283
277,284
277,287
278,280
278,285
279,368
280,300
281,315
282,315
283,315
284,289
284,290
284,291
284,292
284,297
284,343
285,288
285,298
286,295
286,407
286,440
286,445
287,293
287,294
287,296
287,359
288,368
289,384
290,360
291,300
292,458
293,299
293,300
293,303
293,305
294,299
294,307
297,306
297,320
298,301
298,302
298,304
299,309
300,308
300,310
300,311
300,312
300,313
300,314
300,318
300,320
301,315
302,338
303,308
303,331
304,334
305,319
306,440
307,316
307,317
307,376
308,412
309,321
309,322
309,323
309,324
309,325
309,360
310,342
311,364
312,332
312,360
313,334
314,364
315,320
315,326
315,327
315,328
315,329
315,330
315,333
316,334
317,437
318,409
318,412
318,418
319,331
319,338
320,378
321,405
321,440
321,444
322,358
322,369
323,401
323,486
324,484
325,341
325,361
325,486
326,363
326,367
328,413
329,378
330,334
330,335
331,449
334,338
335,336
335,337
335,339
335,340
335,341
335,342
335,343
336,360
337,458
338,346
338,347
338,348
338,349
338,350
338,351
338,352
338,353
338,354
338,355
339,344
339,345
339,361
342,446
343,356
343,357
344,378
345,360
346,363
346,486
348,358
348,433
348,457
349,362
350,429
351,360
352,418
352,440
354,367
354,377
355,365
355,366
356,361
356,365
357,359
357,364
357,367
358,368
359,412
360,370
360,371
360,372
360,373
360,374
360,375
360,377
361,489
362,489
363,488
364,366
364,376
365,367
365,369
365,400
366,378
367,378
368,379
368,380
368,381
368,382
368,383
369,384
370,489
371,386
371,412
371,445
372,410
372,429
372,491
373,385
376,434
376,445
378,387
378,388
378,389
378,390
378,391
378,392
378,393
379,447
383,401
384,394
384,395
384,396
384,397
384,398
384,399
384,402
385,418
385,438
385,449
386,400
387,492
388,405
388,406
389,404
390,411
390,493
391,405
392,407
393,417
394,415
396,403
397,430
397,491
398,416
401,490
402,404
403,407
404,408
404,410
404,411
405,409
405,442
405,443
406,418
407,412
408,467
409,413
409,416
410,415
410,417
410,418
410,432
411,414
412,419
412,420
412,421
412,422
412,423
412,424
412,425
412,426
412,427
412,428
413,459
413,460
414,429
415,441
416,434
417,430
417,458
417,476
418,431
419,489
420,432
420,439
422,437
424,435
425,437
426,435
428,433
428,436
429,434
429,447
430,438
432,450
433,442
434,489
436,443
436,446
436,447
437,441
437,444
437,448
438,440
438,445
439,443
439,449
440,450
441,450
442,451
442,452
442,453
442,454
442,455
442,456
442,459
443,458
446,457
447,460
448,457
450,461
450,462
450,463
450,464
450,465
450,466
450,475
450,492
454,476
455,491
457,467
458,468
458,469
458,470
458,471
458,472
458,473
458,474
461,500
462,488
463,487
466,485
466,490
467,477
467,478
467,479
467,480
467,481
467,482
467,483
469,484
470,488
471,492
472,484
473,488
474,486
475,500
479,491
480,490
481,492
484,489
486,493
489,494
489,495
489,496
489,497
489,498
489,499
491,500

<end>
