<number of tasks>
500

<cycle time>
1000

<order strength>
0.199


<task times>
1 141
2 85
3 293
4 171
5 91
6 182
7 440
8 201
9 56
10 180
11 127
12 108
13 172
14 52
15 74
16 323
17 155
18 170
19 83
20 60
21 52
22 59
23 55
24 245
25 104
26 52
27 26
28 67
29 68
30 110
31 24
32 246
33 199
34 57
35 197
36 109
37 175
38 126
39 142
40 193
41 260
42 108
43 47
44 145
45 114
46 188
47 46
48 30
49 260
50 196
51 255
52 163
53 156
54 277
55 132
56 78
57 147
58 65
59 52
60 249
61 65
62 34
63 123
64 107
65 248
66 162
67 29
68 192
69 195
70 210
71 139
72 24
73 177
74 49
75 69
76 46
77 28
78 242
79 93
80 191
81 152
82 194
83 52
84 162
85 136
86 70
87 123
88 100
89 305
90 114
91 20
92 358
93 222
94 174
95 286
96 119
97 78
98 269
99 207
100 160
101 191
102 126
103 202
104 123
105 129
106 57
107 103
108 237
109 99
110 165
111 110
112 147
113 209
114 51
115 21
116 97
117 274
118 74
119 207
120 102
121 38
122 166
123 206
124 64
125 78
126 24
127 66
128 90
129 250
130 73
131 220
132 119
133 119
134 151
135 47
136 226
137 46
138 44
139 198
140 185
141 337
142 148
143 111
144 263
145 149
146 161
147 159
148 138
149 122
150 122
151 103
152 147
153 62
154 30
155 140
156 73
157 122
158 43
159 114
160 31
161 186
162 307
163 114
164 113
165 157
166 69
167 164
168 79
169 60
170 175
171 113
172 35
173 99
174 136
175 264
176 128
177 202
178 159
179 171
180 21
181 196
182 33
183 118
184 50
185 151
186 252
187 171
188 143
189 78
190 158
191 276
192 39
193 324
194 187
195 282
196 21
197 44
198 107
199 220
200 66
201 76
202 141
203 219
204 64
205 114
206 132
207 185
208 189
209 76
210 119
211 202
212 83
213 40
214 147
215 142
216 112
217 116
218 63
219 187
220 112
221 118
222 137
223 87
224 28
225 85
226 46
227 65
228 210
229 86
230 332
231 67
232 110
233 98
234 242
235 62
236 174
237 236
238 106
239 52
240 70
241 182
242 241
243 81
244 108
245 112
246 151
247 150
248 94
249 251
250 258
251 187
252 44
253 40
254 185
255 148
256 131
257 226
258 69
259 272
260 120
261 176
262 184
263 57
264 121
265 69
266 201
267 195
268 270
269 226
270 165
271 53
272 271
273 191
274 134
275 190
276 42
277 117
278 159
279 188
280 157
281 88
282 303
283 105
284 40
285 240
286 253
287 73
288 102
289 99
290 210
291 132
292 133
293 49
294 278
295 101
296 91
297 177
298 119
299 98
300 124
301 190
302 165
303 30
304 174
305 142
306 134
307 106
308 103
309 46
310 36
311 49
312 113
313 108
314 162
315 112
316 117
317 98
318 42
319 264
320 71
321 111
322 248
323 179
324 71
325 81
326 59
327 255
328 71
329 162
330 239
331 205
332 132
333 52
334 126
335 200
336 118
337 105
338 184
339 77
340 37
341 67
342 53
343 242
344 235
345 100
346 361
347 148
348 207
349 28
350 128
351 120
352 73
353 222
354 193
355 67
356 97
357 145
358 39
359 309
360 284
361 102
362 33
363 172
364 57
365 253
366 157
367 161
368 131
369 120
370 162
371 87
372 239
373 160
374 95
375 206
376 89
377 85
378 205
379 100
380 58
381 135
382 109
383 142
384 227
385 52
386 184
387 164
388 206
389 99
390 150
391 180
392 121
393 263
394 76
395 254
396 225
397 76
398 177
399 380
400 355
401 73
402 100
403 56
404 22
405 229
406 92
407 210
408 46
409 92
410 210
411 95
412 158
413 57
414 150
415 186
416 143
417 109
418 80
419 107
420 123
421 392
422 120
423 65
424 182
425 253
426 24
427 86
428 187
429 102
430 212
431 215
432 202
433 38
434 105
435 124
436 76
437 135
438 149
439 84
440 111
441 131
442 201
443 76
444 259
445 84
446 78
447 104
448 123
449 206
450 66
451 105
452 38
453 106
454 188
455 246
456 270
457 68
458 186
459 73
460 42
461 130
462 84
463 240
464 68
465 55
466 36
467 55
468 179
469 64
470 38
471 64
472 234
473 286
474 173
475 101
476 101
477 58
478 221
479 29
480 220
481 43
482 210
483 229
484 256
485 63
486 56
487 67
488 115
489 310
490 20
491 69
492 165
493 116
494 262
495 184
496 23
497 126
498 164
499 41
500 282

<precedence relations>
1,14
2,16
3,17
4,12
4,53
5,13
5,186
5,391
6,15
6,21
6,22
7,19
7,20
8,86
8,236
8,269
8,499
10,302
11,18
11,58
11,139
12,23
13,24
14,32
15,28
16,26
17,29
18,25
18,27
19,39
19,40
20,33
20,36
21,31
21,35
21,41
22,30
22,34
22,37
22,38
23,43
24,53
25,44
26,48
27,50
28,51
29,46
30,42
30,364
31,45
31,56
32,58
32,75
33,47
33,208
34,49
35,52
36,321
36,496
37,109
39,54
40,55
41,57
42,59
43,60
44,61
45,63
46,64
47,66
48,62
49,67
50,70
51,71
52,68
53,317
54,65
54,69
54,279
55,74
56,72
57,72
57,73
57,75
57,76
59,83
60,78
61,87
62,79
63,81
64,88
65,80
66,82
67,82
68,82
69,77
70,90
70,91
70,103
71,92
72,144
72,232
72,336
73,89
73,224
73,499
74,84
74,86
74,284
75,212
76,85
76,89
76,93
77,95
78,103
79,99
80,100
81,101
82,94
82,109
82,224
82,498
83,107
83,138
84,96
84,106
84,167
85,97
85,108
86,98
86,285
89,102
89,166
89,260
90,104
90,137
90,187
91,104
91,105
91,110
92,349
94,111
95,121
96,112
97,113
98,114
99,118
100,117
101,122
102,119
103,126
103,476
104,115
104,127
105,116
105,124
106,120
107,125
108,123
109,209
109,226
109,272
109,481
111,136
112,129
113,128
114,130
115,131
116,132
117,133
118,134
119,139
120,135
121,299
122,144
123,137
123,141
124,138
124,142
124,145
125,140
125,464
126,224
126,289
126,297
127,143
127,415
128,148
129,146
130,152
131,151
132,152
133,154
134,150
135,152
137,147
137,157
138,149
138,303
139,352
139,407
140,378
141,156
142,153
145,155
146,158
147,159
148,165
149,160
150,161
151,164
152,163
153,162
154,212
156,167
156,168
156,169
157,166
157,176
158,173
159,174
160,175
161,170
162,171
163,172
164,174
165,178
165,179
165,180
165,182
167,283
168,176
168,177
168,181
168,208
170,183
171,188
172,190
173,184
174,193
174,199
175,196
175,266
175,276
176,185
176,186
178,189
178,194
178,197
179,191
179,195
180,187
182,192
182,198
182,209
182,237
182,447
183,203
184,201
185,207
186,200
186,205
186,206
187,202
187,210
189,204
190,212
190,378
192,211
192,323
193,353
195,213
196,208
197,209
197,242
198,283
200,214
201,216
202,217
203,218
204,219
205,220
206,221
207,222
208,215
208,223
208,346
208,486
209,225
209,434
211,301
212,224
212,226
212,227
214,228
215,229
216,232
217,232
218,230
219,232
220,232
221,231
223,237
223,238
223,253
223,321
224,239
225,235
225,236
226,233
226,234
227,289
227,484
228,240
229,241
230,242
231,242
232,246
233,260
233,379
235,243
235,244
235,248
236,245
236,247
236,303
237,378
240,250
241,249
242,252
242,254
242,257
242,258
243,251
244,253
244,255
244,259
244,260
246,256
246,268
249,264
250,261
251,262
252,263
253,267
253,269
253,271
254,266
254,273
255,268
255,270
255,276
255,277
255,432
256,267
256,275
257,265
257,272
257,274
257,278
257,279
261,284
262,282
263,285
264,307
265,280
265,485
266,281
266,289
266,290
267,301
267,449
269,395
269,407
271,288
274,286
275,349
276,283
277,287
280,291
281,293
282,295
283,292
283,294
283,296
283,305
284,303
284,415
285,307
288,300
289,306
289,335
290,297
290,298
290,299
290,301
290,302
290,304
291,315
292,309
293,316
294,310
295,312
296,313
297,308
297,319
297,321
298,311
298,392
299,314
299,318
299,368
300,324
301,320
303,317
304,323
304,365
305,476
306,322
308,326
309,325
310,327
311,328
312,329
313,331
314,330
316,448
317,405
318,337
318,338
318,339
319,334
319,335
319,336
320,333
321,483
322,332
325,340
326,341
327,342
328,343
329,345
330,346
331,344
332,353
333,349
334,350
334,351
335,348
335,428
337,352
337,363
337,477
338,347
339,381
340,355
341,354
342,357
343,358
344,360
345,356
345,359
345,364
346,366
347,362
348,363
348,376
349,365
350,368
351,361
351,367
351,368
351,379
353,432
354,369
355,370
356,372
357,371
358,373
359,374
360,375
360,381
361,378
361,394
364,379
365,377
368,376
368,380
368,407
369,384
370,382
371,383
372,391
373,388
374,386
375,389
376,385
376,387
376,395
376,479
377,394
379,390
380,392
380,393
382,396
383,398
384,399
385,401
386,402
387,403
388,404
389,404
390,397
390,405
391,407
392,400
392,406
394,408
396,409
397,410
398,411
399,415
400,412
401,413
402,414
403,415
404,417
405,416
406,418
407,419
407,420
409,423
410,421
411,422
412,425
413,424
414,426
415,430
416,428
417,433
418,427
418,429
418,431
418,434
420,432
421,436
422,437
423,439
424,441
425,443
426,438
427,435
427,440
427,447
427,449
428,442
428,450
431,446
431,452
432,445
432,451
433,444
434,448
435,453
436,454
437,455
438,456
439,463
440,458
441,457
442,459
443,461
444,460
444,462
444,464
444,466
446,467
449,465
453,468
454,469
455,470
456,476
457,471
458,477
459,472
460,474
461,473
462,475
463,478
463,482
463,483
463,486
464,480
465,500
466,479
466,485
467,481
467,484
468,491
469,487
470,488
471,492
472,489
473,490
474,493
475,494
476,499
478,500
481,496
484,498
485,497
486,495

<end>
