<number of tasks>
500

<cycle time>
1000

<order strength>
0.895


<task times>
1 64
2 62
3 85
4 147
5 123
6 186
7 144
8 295
9 257
10 30
11 122
12 79
13 134
14 54
15 132
16 197
17 98
18 48
19 223
20 155
21 128
22 114
23 30
24 116
25 118
26 54
27 185
28 181
29 208
30 135
31 80
32 187
33 124
34 31
35 150
36 131
37 262
38 115
39 312
40 233
41 29
42 165
43 57
44 225
45 223
46 255
47 111
48 83
49 126
50 288
51 112
52 38
53 147
54 38
55 99
56 41
57 38
58 93
59 135
60 118
61 116
62 31
63 58
64 61
65 67
66 119
67 107
68 260
69 207
70 124
71 45
72 381
73 206
74 285
75 179
76 261
77 51
78 125
79 136
80 77
81 235
82 87
83 124
84 73
85 42
86 159
87 52
88 121
89 108
90 40
91 50
92 51
93 126
94 161
95 151
96 67
97 134
98 160
99 77
100 176
101 170
102 180
103 154
104 134
105 120
106 84
107 75
108 155
109 121
110 177
111 70
112 154
113 175
114 105
115 280
116 109
117 89
118 169
119 73
120 138
121 53
122 61
123 98
124 68
125 312
126 99
127 92
128 51
129 140
130 258
131 135
132 206
133 109
134 151
135 84
136 45
137 88
138 137
139 123
140 153
141 242
142 353
143 74
144 25
145 58
146 142
147 30
148 215
149 188
150 281
151 97
152 109
153 189
154 122
155 256
156 144
157 137
158 165
159 198
160 213
161 173
162 281
163 134
164 62
165 107
166 35
167 114
168 206
169 189
170 201
171 172
172 200
173 289
174 90
175 232
176 150
177 177
178 51
179 172
180 300
181 44
182 32
183 68
184 25
185 94
186 29
187 104
188 45
189 197
190 47
191 206
192 23
193 199
194 136
195 75
196 138
197 55
198 164
199 261
200 136
201 126
202 101
203 91
204 101
205 200
206 187
207 138
208 242
209 215
210 192
211 157
212 35
213 219
214 218
215 166
216 238
217 82
218 304
219 59
220 119
221 68
222 148
223 187
224 43
225 202
226 190
227 283
228 139
229 209
230 173
231 30
232 228
233 130
234 109
235 144
236 153
237 95
238 249
239 76
240 92
241 46
242 160
243 76
244 110
245 138
246 30
247 190
248 200
249 113
250 162
251 43
252 98
253 70
254 52
255 177
256 106
257 52
258 191
259 270
260 225
261 167
262 110
263 106
264 140
265 23
266 168
267 79
268 277
269 59
270 96
271 31
272 258
273 204
274 159
275 164
276 159
277 83
278 52
279 66
280 284
281 269
282 161
283 357
284 232
285 250
286 46
287 263
288 62
289 38
290 374
291 39
292 201
293 129
294 180
295 154
296 162
297 40
298 129
299 315
300 80
301 185
302 186
303 282
304 86
305 22
306 84
307 145
308 254
309 25
310 51
311 100
312 48
313 82
314 28
315 187
316 192
317 154
318 152
319 206
320 152
321 112
322 79
323 246
324 137
325 84
326 85
327 190
328 179
329 149
330 27
331 132
332 83
333 67
334 222
335 61
336 159
337 39
338 55
339 27
340 245
341 143
342 28
343 67
344 174
345 94
346 128
347 133
348 178
349 202
350 69
351 111
352 149
353 86
354 78
355 270
356 111
357 111
358 107
359 70
360 84
361 151
362 57
363 193
364 286
365 129
366 217
367 66
368 116
369 78
370 159
371 124
372 181
373 293
374 254
375 168
376 163
377 54
378 37
379 225
380 327
381 176
382 48
383 104
384 59
385 112
386 29
387 55
388 104
389 115
390 31
391 139
392 63
393 56
394 216
395 290
396 40
397 171
398 77
399 180
400 130
401 248
402 67
403 272
404 107
405 105
406 108
407 47
408 190
409 88
410 184
411 244
412 41
413 188
414 191
415 38
416 144
417 149
418 228
419 30
420 58
421 168
422 38
423 261
424 45
425 164
426 24
427 165
428 250
429 195
430 160
431 69
432 164
433 128
434 214
435 158
436 205
437 97
438 183
439 41
440 120
441 116
442 82
443 174
444 59
445 94
446 153
447 38
448 442
449 91
450 163
451 100
452 213
453 217
454 74
455 42
456 172
457 52
458 50
459 183
460 102
461 148
462 40
463 47
464 200
465 216
466 85
467 161
468 112
469 154
470 181
471 184
472 143
473 208
474 255
475 237
476 126
477 266
478 44
479 190
480 114
481 122
482 145
483 130
484 250
485 95
486 272
487 190
488 126
489 100
490 194
491 249
492 113
493 125
494 233
495 38
496 112
497 70
498 109
499 182
500 197

<precedence relations>
1,10
1,13
2,33
2,43
3,10
3,23
4,10
4,13
4,14
4,15
5,10
5,11
5,12
5,13
5,14
5,15
5,16
6,10
6,11
6,12
6,13
6,16
7,10
7,11
7,12
7,13
7,14
8,10
8,11
9,179
10,17
10,18
10,19
10,20
10,24
11,84
11,101
12,17
12,18
12,19
12,20
13,17
13,18
13,19
13,20
13,21
13,22
13,23
13,24
14,17
14,18
14,19
14,23
14,24
14,31
15,17
15,18
15,19
15,21
15,22
15,23
15,24
15,31
16,17
16,18
17,25
17,26
17,27
17,28
17,29
18,29
19,25
19,26
19,27
19,28
19,29
19,30
20,25
20,26
20,30
20,31
20,35
21,25
21,26
21,28
22,27
22,35
22,36
23,25
23,45
24,25
25,90
26,32
26,33
26,34
26,36
27,32
27,33
27,34
28,32
28,36
29,33
29,35
30,34
31,32
32,37
32,38
32,39
32,40
33,37
33,38
33,39
34,37
34,38
34,39
35,37
35,38
35,40
35,45
36,37
36,38
36,39
37,41
38,41
38,42
38,46
39,41
39,42
39,44
39,45
39,47
40,41
40,43
40,47
41,48
41,49
41,51
41,52
42,48
42,49
42,50
42,51
42,52
42,53
42,54
43,48
43,49
43,50
43,51
43,58
44,48
44,49
44,50
44,53
45,48
45,49
45,50
46,48
46,49
46,50
47,48
47,49
47,50
47,51
47,53
47,54
48,55
48,59
48,60
48,61
49,55
49,56
49,57
50,55
50,61
51,55
51,59
52,55
52,56
52,57
52,60
52,61
53,55
53,56
53,57
53,58
53,59
53,60
53,61
54,55
54,56
54,57
54,58
54,59
54,60
54,61
55,62
55,63
55,64
56,62
56,63
56,64
57,62
57,63
57,64
58,62
59,62
59,64
60,62
60,63
60,64
61,62
61,63
61,64
62,65
62,66
62,67
62,68
62,69
62,70
62,71
63,65
63,66
63,67
63,68
63,69
63,70
63,71
64,65
64,66
64,67
64,68
64,70
64,71
65,72
65,73
65,74
65,75
65,76
66,72
66,73
66,74
66,75
66,76
67,72
67,75
67,76
68,72
68,73
68,74
69,72
69,73
69,75
69,76
70,72
70,73
71,72
71,73
71,74
71,75
71,76
72,77
72,78
72,79
72,80
72,81
73,77
73,78
73,80
74,77
74,78
74,79
75,109
76,77
76,78
76,88
77,82
77,83
77,84
77,85
77,86
77,87
78,158
79,82
79,83
79,84
79,85
79,86
79,87
80,82
80,85
80,86
80,88
80,95
81,82
81,83
81,84
81,85
81,86
81,88
81,95
82,89
82,90
82,91
82,92
83,89
83,124
84,89
84,90
84,91
84,92
85,89
85,121
85,122
85,124
86,89
86,90
86,91
86,92
86,93
86,94
87,90
87,95
88,89
88,94
89,123
89,125
90,96
90,100
91,114
92,96
92,97
92,98
92,99
93,96
93,97
93,98
93,99
93,100
93,101
94,96
94,97
94,100
94,101
95,96
95,97
95,98
95,99
95,100
95,101
96,102
96,103
96,104
96,105
97,102
97,103
97,104
97,105
98,102
98,103
98,104
98,105
99,102
99,103
99,104
99,105
100,102
100,103
100,105
101,170
102,106
102,108
102,110
103,106
103,107
103,108
103,109
103,110
103,111
104,106
104,107
105,109
106,112
107,112
107,113
108,125
109,112
109,113
110,112
110,114
111,112
111,113
112,115
112,117
112,118
112,121
112,123
113,119
114,116
115,124
115,125
116,120
116,123
116,125
117,120
117,122
117,124
117,125
118,178
119,120
119,121
119,125
120,386
120,455
120,458
120,460
121,126
122,142
123,126
123,127
123,128
123,129
124,126
124,127
124,128
124,129
125,126
126,130
126,131
126,133
126,135
127,130
128,130
128,132
128,134
128,154
129,130
129,153
129,154
130,138
131,136
131,137
131,138
131,139
131,140
131,141
132,136
133,136
133,137
133,139
133,140
134,160
135,136
136,142
136,148
137,142
137,143
137,148
138,147
138,149
139,142
139,143
139,144
139,145
139,146
139,151
140,142
140,145
140,146
141,144
142,150
142,166
143,250
143,270
144,150
145,153
145,154
146,150
146,152
146,154
146,155
147,150
148,150
149,150
149,151
149,152
149,155
150,156
150,157
150,158
151,156
151,157
151,160
151,165
151,166
152,156
152,157
152,158
152,159
152,160
153,156
153,157
153,159
154,257
155,156
155,158
155,166
156,161
156,162
156,163
156,172
157,161
157,164
158,161
158,162
158,163
158,164
158,165
159,161
159,165
159,166
160,161
161,167
161,178
162,167
162,168
162,169
162,174
163,167
163,168
164,167
164,170
165,167
165,168
165,169
165,171
165,172
166,182
166,183
167,202
168,175
168,176
168,177
168,178
169,173
169,177
170,173
171,173
171,174
171,176
172,173
172,174
173,179
173,182
173,183
174,249
175,179
175,180
175,183
176,182
177,213
178,181
178,182
178,183
179,184
179,185
179,186
180,184
180,185
180,186
181,184
181,185
181,186
182,184
182,185
182,186
183,184
183,185
184,251
184,266
185,187
185,189
186,188
186,190
187,191
187,202
188,191
188,192
188,193
188,194
189,191
189,192
189,193
189,194
190,232
190,233
191,196
191,197
192,195
192,198
192,199
192,213
193,195
193,196
193,199
193,200
193,201
194,202
194,206
194,208
195,203
196,204
196,206
196,213
197,203
197,204
197,208
198,203
198,204
198,214
199,203
199,204
199,205
200,203
200,214
201,203
201,204
201,213
201,214
202,205
202,207
202,213
202,214
203,209
203,210
203,211
204,209
205,211
206,209
206,210
206,214
207,209
207,210
207,211
208,209
208,212
208,213
209,217
209,219
209,231
209,233
210,215
210,216
210,217
210,218
210,219
211,217
211,226
212,215
212,216
213,215
213,216
213,217
213,218
213,219
214,215
214,216
214,217
215,220
215,221
215,222
215,223
216,220
216,221
216,224
217,220
218,220
218,221
218,223
218,227
219,220
220,225
221,228
222,347
222,362
222,373
223,226
223,229
223,230
223,231
224,225
224,227
224,230
225,234
226,232
226,233
227,232
227,233
228,232
229,233
229,251
230,425
230,430
230,475
231,232
232,234
232,235
232,236
232,237
232,238
232,239
233,236
233,237
233,238
234,240
234,241
234,242
234,245
234,248
234,250
235,308
235,361
235,388
236,244
237,240
237,259
237,264
238,242
239,240
239,241
239,243
240,249
240,252
240,281
241,247
241,251
242,246
243,246
244,246
244,248
244,250
245,246
246,253
246,254
248,343
249,283
250,268
251,253
252,374
253,257
253,258
253,260
254,255
254,256
254,259
254,278
255,418
255,422
256,263
256,265
256,266
257,263
257,264
258,262
258,311
260,261
261,267
261,268
261,269
261,270
262,368
262,412
263,321
263,331
264,267
264,268
265,267
266,267
267,271
267,272
267,273
267,280
268,271
268,272
268,273
268,274
269,275
270,273
270,291
271,276
272,277
273,279
273,289
274,276
274,277
274,278
274,279
274,280
275,276
275,277
275,278
276,283
277,281
277,282
277,283
277,284
278,338
278,347
279,281
279,285
280,284
280,286
281,287
281,290
282,287
282,288
283,297
284,287
284,291
285,287
285,288
286,289
286,336
287,292
287,293
287,294
287,295
288,292
288,293
289,309
290,293
290,295
291,319
292,296
292,297
292,299
292,328
293,300
293,301
293,305
294,296
294,298
295,296
295,386
295,449
295,474
297,302
297,303
298,305
298,411
299,441
300,358
300,383
301,302
301,304
301,309
302,306
302,310
302,311
302,314
303,306
303,309
303,341
304,307
304,316
304,322
305,308
306,319
307,313
307,315
307,317
308,358
309,314
310,312
310,313
310,319
310,320
311,316
312,322
314,319
314,324
314,346
315,318
315,320
315,323
316,318
316,319
317,318
317,319
317,321
317,324
317,328
318,325
318,326
318,329
319,342
320,325
320,327
321,325
321,326
321,334
322,325
322,326
322,334
323,328
324,325
325,330
325,333
325,335
326,330
326,332
326,336
327,330
327,334
328,330
329,330
329,331
329,346
330,342
331,337
331,338
332,337
332,338
332,340
332,347
333,337
333,338
333,339
333,340
334,494
335,337
335,386
336,341
337,345
337,379
338,343
338,344
339,343
340,344
341,343
341,344
341,345
341,346
341,347
342,343
342,347
343,350
344,348
344,349
344,351
345,433
345,446
345,452
347,349
347,384
348,352
348,353
348,354
349,355
349,386
350,352
350,353
351,352
352,356
352,377
352,378
353,357
353,358
354,359
355,364
356,360
356,361
357,362
357,363
357,366
357,370
358,365
359,364
359,386
360,367
360,372
362,392
362,400
363,367
363,368
363,369
363,371
363,373
363,374
364,367
364,368
364,370
364,374
365,367
366,367
366,373
367,375
367,401
367,425
368,408
369,380
369,403
370,375
370,377
370,379
371,375
371,452
372,381
373,378
374,376
376,404
377,383
378,402
378,430
379,382
379,388
379,389
380,382
380,396
381,382
381,384
382,387
382,429
383,385
383,406
383,457
384,385
384,386
384,388
384,389
385,391
385,445
385,462
386,454
386,477
386,494
386,497
387,418
387,426
388,390
388,391
388,392
388,393
388,394
389,475
389,477
390,395
390,399
392,434
392,449
393,396
394,397
394,398
394,446
395,400
395,403
395,405
396,401
396,402
396,404
397,421
398,460
399,423
401,418
402,408
404,406
404,409
405,407
405,409
406,414
406,440
407,410
407,415
408,410
408,413
408,415
409,410
409,411
409,412
410,416
410,432
411,416
411,418
411,419
412,420
413,442
413,470
414,419
415,417
416,422
416,424
416,425
416,435
417,466
418,421
418,423
418,424
419,426
419,499
420,427
421,430
421,431
421,432
422,437
423,448
424,427
425,428
425,429
425,444
427,433
427,434
427,436
429,460
430,435
430,437
431,437
433,439
433,481
434,438
434,442
435,444
436,440
436,441
437,439
437,472
438,443
438,444
438,445
438,446
438,448
439,447
439,488
440,459
441,448
441,449
443,488
444,450
445,454
445,461
446,493
447,470
448,451
449,465
450,452
450,453
451,454
451,455
451,456
451,473
453,457
453,458
455,461
455,462
456,459
456,460
457,464
459,468
460,474
461,463
461,465
461,466
462,498
464,469
464,478
465,467
465,468
465,476
466,470
466,471
468,475
469,473
469,474
470,476
471,472
472,482
473,481
473,483
474,477
475,478
476,479
476,480
477,488
477,495
478,487
479,484
479,490
480,499
481,489
482,485
482,486
485,492
485,493
486,491
487,495
489,493
490,494
491,497
491,499
491,500
492,498
494,499
495,496

<end>
