<number of tasks>
500

<cycle time>
1000

<order strength>
0.195


<task times>
1 121
2 96
3 223
4 91
5 231
6 99
7 140
8 142
9 231
10 53
11 224
12 194
13 84
14 105
15 170
16 216
17 278
18 80
19 76
20 128
21 195
22 232
23 25
24 168
25 81
26 84
27 54
28 64
29 287
30 56
31 196
32 84
33 134
34 78
35 108
36 195
37 145
38 178
39 258
40 255
41 89
42 70
43 25
44 173
45 49
46 292
47 139
48 99
49 138
50 154
51 132
52 163
53 46
54 136
55 218
56 86
57 185
58 107
59 221
60 104
61 122
62 132
63 140
64 149
65 88
66 86
67 136
68 45
69 200
70 47
71 211
72 168
73 278
74 56
75 268
76 40
77 77
78 125
79 79
80 21
81 114
82 62
83 148
84 133
85 41
86 110
87 187
88 70
89 157
90 150
91 149
92 114
93 63
94 179
95 129
96 261
97 97
98 175
99 157
100 164
101 175
102 94
103 144
104 263
105 35
106 190
107 210
108 126
109 135
110 203
111 153
112 145
113 118
114 195
115 124
116 47
117 90
118 181
119 65
120 161
121 198
122 118
123 86
124 67
125 219
126 118
127 145
128 241
129 161
130 232
131 227
132 181
133 115
134 192
135 52
136 104
137 196
138 250
139 154
140 68
141 268
142 148
143 125
144 97
145 166
146 50
147 55
148 140
149 42
150 169
151 45
152 147
153 167
154 206
155 69
156 201
157 101
158 157
159 28
160 188
161 110
162 137
163 76
164 99
165 73
166 239
167 122
168 131
169 110
170 100
171 66
172 235
173 104
174 270
175 97
176 106
177 69
178 117
179 72
180 285
181 44
182 61
183 180
184 141
185 248
186 54
187 101
188 31
189 282
190 178
191 193
192 353
193 73
194 172
195 31
196 254
197 166
198 132
199 144
200 333
201 78
202 69
203 42
204 147
205 38
206 302
207 235
208 56
209 168
210 59
211 252
212 89
213 107
214 168
215 155
216 67
217 101
218 20
219 120
220 110
221 62
222 125
223 141
224 210
225 74
226 169
227 44
228 42
229 177
230 350
231 137
232 239
233 34
234 242
235 58
236 35
237 32
238 138
239 204
240 83
241 53
242 215
243 56
244 95
245 171
246 296
247 114
248 136
249 237
250 106
251 66
252 72
253 99
254 206
255 32
256 294
257 84
258 141
259 348
260 186
261 29
262 70
263 33
264 88
265 84
266 226
267 184
268 114
269 23
270 143
271 233
272 45
273 35
274 166
275 82
276 142
277 265
278 190
279 279
280 212
281 314
282 211
283 107
284 169
285 177
286 284
287 126
288 58
289 104
290 168
291 21
292 109
293 223
294 59
295 71
296 131
297 70
298 61
299 196
300 84
301 205
302 38
303 89
304 129
305 27
306 41
307 233
308 39
309 83
310 90
311 137
312 31
313 123
314 148
315 89
316 57
317 268
318 81
319 68
320 88
321 45
322 121
323 123
324 42
325 54
326 153
327 236
328 162
329 155
330 124
331 188
332 169
333 49
334 44
335 78
336 97
337 317
338 237
339 288
340 126
341 258
342 215
343 63
344 129
345 80
346 261
347 304
348 72
349 156
350 138
351 200
352 140
353 91
354 125
355 59
356 175
357 47
358 153
359 64
360 148
361 216
362 41
363 144
364 134
365 214
366 125
367 121
368 106
369 108
370 117
371 68
372 215
373 71
374 82
375 276
376 30
377 62
378 158
379 217
380 68
381 146
382 64
383 161
384 81
385 133
386 170
387 268
388 148
389 26
390 248
391 268
392 46
393 90
394 155
395 215
396 73
397 171
398 92
399 151
400 34
401 95
402 124
403 242
404 116
405 99
406 151
407 303
408 137
409 115
410 122
411 88
412 20
413 80
414 61
415 61
416 215
417 77
418 70
419 115
420 55
421 107
422 141
423 178
424 220
425 150
426 102
427 23
428 257
429 55
430 94
431 81
432 202
433 176
434 165
435 190
436 111
437 204
438 135
439 274
440 217
441 147
442 78
443 30
444 278
445 282
446 71
447 253
448 247
449 174
450 154
451 158
452 321
453 95
454 130
455 71
456 115
457 69
458 175
459 56
460 119
461 132
462 223
463 142
464 106
465 223
466 118
467 22
468 117
469 44
470 244
471 24
472 236
473 120
474 251
475 196
476 38
477 96
478 56
479 43
480 183
481 204
482 73
483 139
484 216
485 300
486 50
487 76
488 296
489 134
490 212
491 59
492 53
493 94
494 162
495 129
496 214
497 147
498 62
499 20
500 28

<precedence relations>
1,25
2,17
2,26
3,15
3,16
4,15
5,19
5,225
6,229
7,27
7,403
8,20
8,23
9,18
9,24
10,58
10,386
11,21
11,28
11,29
12,378
13,22
13,421
14,28
15,233
15,311
16,41
16,270
16,338
17,31
17,38
19,219
22,30
23,32
24,103
24,478
25,33
25,39
25,90
26,40
26,486
28,35
28,318
29,34
29,36
29,37
30,47
30,97
30,247
31,53
31,65
32,45
32,180
33,116
34,42
34,44
34,51
34,52
35,44
35,48
35,126
36,42
36,54
36,55
37,46
39,50
39,284
40,43
40,49
41,177
41,247
42,60
42,64
42,65
42,73
45,65
45,68
45,71
45,297
46,61
46,86
47,63
47,73
47,82
48,56
48,58
48,64
48,72
50,70
50,290
51,422
52,57
52,62
52,69
53,59
53,67
53,149
53,244
55,66
55,176
55,419
56,83
57,78
57,263
58,81
59,75
59,76
59,128
59,314
60,74
60,75
60,77
62,80
64,84
64,487
66,79
66,82
66,482
67,347
68,186
68,259
68,439
69,363
70,106
70,130
72,132
73,255
73,354
73,457
74,86
74,97
74,101
74,102
74,157
75,99
75,230
76,87
76,88
76,93
76,95
77,92
77,100
77,137
77,315
78,85
78,90
78,94
81,88
81,355
81,394
82,98
82,280
82,402
83,91
83,96
83,257
84,89
84,286
85,119
87,484
88,103
88,109
88,152
88,175
89,112
89,274
91,490
92,105
92,117
92,316
92,338
93,110
93,136
94,116
94,421
95,370
95,421
95,436
95,471
96,104
96,121
96,127
96,193
96,492
97,120
99,111
99,114
99,115
99,124
100,106
100,107
101,108
102,113
102,118
103,359
106,129
107,134
108,128
108,132
108,167
111,468
112,144
113,124
115,133
115,265
115,448
116,127
116,130
117,126
117,135
118,131
118,421
119,123
119,327
119,394
120,122
120,125
121,148
121,422
122,141
122,143
122,144
123,142
124,137
124,140
125,270
126,145
126,382
130,383
131,146
131,241
133,139
134,136
134,159
135,138
135,299
135,397
136,148
136,151
136,371
137,346
138,362
139,252
140,153
140,160
140,161
141,147
141,152
141,155
141,324
142,157
142,158
142,299
142,405
145,156
145,159
145,162
145,357
146,149
146,150
146,154
147,263
147,265
148,175
149,173
149,306
149,485
150,395
151,169
151,204
152,167
153,172
153,274
154,170
154,171
155,168
155,176
156,163
157,177
157,418
158,174
159,282
160,166
162,164
162,165
162,347
163,263
165,259
166,184
166,289
167,265
168,180
168,192
168,296
168,371
169,189
170,183
170,188
171,181
171,186
171,191
172,182
172,187
172,394
177,178
177,179
177,185
177,190
179,196
181,201
182,193
182,205
182,426
183,195
183,204
183,322
183,356
184,194
184,197
184,198
184,202
184,203
184,206
186,199
186,327
187,200
188,429
190,207
193,307
194,210
194,220
194,221
195,215
196,208
196,460
197,399
198,214
198,216
198,411
199,213
200,472
201,212
202,209
203,218
204,219
204,354
205,217
206,211
206,457
207,219
208,222
208,446
210,251
211,418
211,465
212,232
213,228
214,419
215,224
215,231
215,331
216,226
216,394
217,423
218,229
218,291
219,230
220,223
220,239
220,253
220,488
221,225
221,227
221,435
222,243
223,235
223,385
224,447
225,241
226,233
227,240
228,236
228,237
228,246
228,300
229,238
229,439
230,242
230,245
231,244
232,234
232,237
232,239
233,248
233,472
233,477
234,252
234,406
235,260
235,331
235,367
236,257
237,249
237,255
237,325
238,247
238,250
238,251
238,253
238,261
239,256
240,259
241,408
242,253
242,262
242,264
242,279
244,247
244,263
244,285
245,254
246,258
247,268
251,266
253,285
255,270
255,272
255,350
255,464
256,486
257,265
257,267
259,456
261,273
262,447
262,473
263,271
264,269
265,277
265,286
265,323
266,281
266,295
267,276
267,280
267,293
268,275
268,279
268,284
268,290
269,285
269,288
269,289
269,294
270,274
270,282
270,343
271,283
271,291
271,292
272,287
272,316
273,278
275,296
277,301
277,377
277,393
278,313
279,298
279,302
281,307
281,435
282,314
282,358
283,299
283,486
285,300
286,312
288,310
289,304
289,449
290,306
290,309
291,464
291,495
292,305
293,303
294,308
294,311
295,297
296,327
296,332
297,330
298,326
299,399
299,417
300,316
300,320
300,321
300,325
300,329
300,450
301,322
301,353
304,428
304,432
306,383
307,440
309,323
310,319
311,385
311,398
312,315
313,317
313,318
313,328
314,324
314,331
315,335
315,337
316,344
318,338
318,340
319,334
323,333
323,336
324,339
325,342
325,343
326,341
328,387
328,419
330,393
330,460
332,412
333,354
333,362
334,348
334,357
334,358
335,344
335,345
335,485
336,350
336,464
337,353
337,363
337,455
337,468
338,355
338,361
338,398
339,346
340,352
340,356
340,359
340,364
343,347
343,349
343,351
343,360
343,438
344,369
346,376
346,404
347,476
348,373
348,374
348,400
350,370
352,367
352,375
352,380
354,366
354,426
355,365
355,443
356,371
359,372
361,403
362,368
363,477
366,380
366,385
366,499
367,472
369,383
370,377
371,381
373,391
374,382
374,384
374,387
374,388
375,379
375,389
375,390
376,378
376,386
376,499
377,392
377,398
377,402
377,405
379,397
380,396
380,406
381,394
381,492
382,409
384,395
385,393
385,407
385,408
386,400
386,401
389,486
390,399
390,403
390,404
394,417
396,419
397,413
397,444
398,415
398,422
399,423
402,412
403,421
404,418
405,410
406,411
407,495
408,414
408,484
409,416
409,420
411,425
411,429
411,437
412,428
414,478
416,431
416,433
417,426
417,434
418,432
419,435
419,436
420,424
420,460
421,491
422,430
423,427
426,480
428,441
428,444
428,447
429,438
430,442
430,450
431,449
433,439
433,446
433,448
434,440
434,443
434,451
434,495
435,445
435,483
436,452
438,454
438,465
439,455
439,460
439,467
440,453
441,456
441,469
442,466
443,459
446,464
446,466
446,468
447,458
447,460
448,461
448,462
448,494
449,463
449,470
449,480
450,463
450,476
451,457
454,493
454,497
455,471
456,475
456,477
457,474
462,480
464,476
464,479
466,472
468,473
469,478
471,482
471,485
472,481
474,487
474,490
475,480
476,486
476,489
477,483
477,484
478,491
479,488
480,496
481,495
481,499
484,491
484,492
486,493
486,500
489,499
490,494
490,497
490,498

<end>
