<number of tasks>
500

<cycle time>
1000

<order strength>
0.253


<task times>
1 497
2 470
3 495
4 335
5 652
6 579
7 232
8 532
9 384
10 479
11 504
12 582
13 474
14 434
15 547
16 684
17 437
18 553
19 512
20 538
21 270
22 286
23 547
24 413
25 341
26 655
27 908
28 667
29 549
30 490
31 448
32 681
33 264
34 710
35 498
36 462
37 458
38 403
39 511
40 484
41 414
42 431
43 427
44 507
45 507
46 296
47 429
48 661
49 442
50 521
51 456
52 539
53 525
54 684
55 550
56 697
57 539
58 587
59 194
60 655
61 400
62 577
63 260
64 336
65 572
66 647
67 467
68 575
69 590
70 474
71 538
72 274
73 296
74 457
75 392
76 492
77 518
78 550
79 512
80 505
81 271
82 566
83 476
84 509
85 368
86 576
87 448
88 467
89 491
90 541
91 513
92 541
93 360
94 429
95 394
96 238
97 637
98 816
99 486
100 433
101 386
102 536
103 563
104 722
105 282
106 673
107 570
108 484
109 557
110 677
111 642
112 576
113 462
114 627
115 589
116 579
117 585
118 670
119 738
120 322
121 465
122 561
123 436
124 464
125 389
126 434
127 609
128 706
129 499
130 710
131 529
132 368
133 334
134 531
135 467
136 617
137 734
138 514
139 331
140 382
141 667
142 509
143 591
144 715
145 577
146 695
147 523
148 449
149 349
150 610
151 611
152 345
153 573
154 454
155 327
156 420
157 360
158 787
159 720
160 648
161 436
162 606
163 379
164 470
165 362
166 410
167 542
168 397
169 572
170 445
171 392
172 432
173 651
174 509
175 428
176 221
177 414
178 412
179 489
180 519
181 466
182 512
183 770
184 451
185 507
186 613
187 433
188 501
189 455
190 355
191 591
192 466
193 561
194 409
195 193
196 582
197 634
198 528
199 436
200 437
201 611
202 294
203 512
204 600
205 456
206 661
207 608
208 467
209 479
210 440
211 464
212 426
213 258
214 622
215 287
216 494
217 642
218 512
219 595
220 526
221 495
222 634
223 402
224 594
225 458
226 457
227 289
228 584
229 582
230 457
231 458
232 538
233 573
234 416
235 610
236 550
237 482
238 594
239 476
240 510
241 341
242 523
243 240
244 485
245 436
246 562
247 427
248 720
249 474
250 447
251 396
252 664
253 611
254 480
255 257
256 326
257 646
258 403
259 464
260 503
261 458
262 632
263 560
264 442
265 492
266 534
267 423
268 290
269 377
270 580
271 448
272 354
273 498
274 555
275 400
276 411
277 760
278 498
279 655
280 493
281 508
282 610
283 461
284 517
285 338
286 534
287 489
288 531
289 491
290 781
291 556
292 502
293 371
294 407
295 520
296 323
297 835
298 456
299 524
300 508
301 625
302 433
303 413
304 717
305 302
306 486
307 420
308 630
309 714
310 427
311 393
312 509
313 504
314 211
315 579
316 625
317 519
318 519
319 544
320 647
321 425
322 645
323 639
324 597
325 704
326 659
327 382
328 414
329 466
330 543
331 336
332 310
333 491
334 334
335 469
336 722
337 403
338 497
339 641
340 431
341 518
342 469
343 473
344 555
345 599
346 589
347 367
348 793
349 622
350 433
351 628
352 591
353 479
354 618
355 241
356 156
357 564
358 422
359 452
360 227
361 372
362 315
363 427
364 485
365 436
366 609
367 451
368 470
369 555
370 641
371 592
372 409
373 589
374 489
375 410
376 399
377 464
378 583
379 345
380 488
381 401
382 535
383 479
384 833
385 458
386 541
387 555
388 521
389 589
390 408
391 539
392 314
393 288
394 570
395 376
396 438
397 478
398 643
399 571
400 354
401 497
402 419
403 600
404 575
405 631
406 477
407 393
408 821
409 512
410 611
411 545
412 260
413 565
414 514
415 335
416 511
417 405
418 372
419 244
420 574
421 554
422 377
423 566
424 464
425 598
426 638
427 513
428 277
429 445
430 591
431 642
432 525
433 289
434 565
435 502
436 680
437 517
438 455
439 514
440 500
441 600
442 495
443 528
444 281
445 579
446 679
447 370
448 269
449 487
450 491
451 468
452 311
453 435
454 408
455 207
456 547
457 619
458 412
459 364
460 474
461 533
462 537
463 287
464 488
465 532
466 484
467 353
468 602
469 500
470 815
471 458
472 237
473 440
474 522
475 538
476 561
477 692
478 586
479 431
480 438
481 573
482 407
483 466
484 722
485 692
486 529
487 720
488 467
489 432
490 424
491 382
492 563
493 467
494 348
495 370
496 578
497 359
498 505
499 663
500 767

<precedence relations>
1,124
2,38
3,38
4,38
5,38
6,449
7,57
8,57
9,57
10,313
11,313
12,18
12,19
12,25
12,27
12,30
12,32
12,35
13,21
13,22
13,29
13,33
14,23
14,28
14,31
15,17
15,24
15,36
16,20
16,26
16,34
17,369
18,124
19,124
20,38
21,38
22,359
23,359
24,177
25,177
26,177
27,242
28,57
29,57
30,46
33,37
33,40
33,47
34,43
35,41
35,45
35,48
35,49
36,39
36,42
36,44
36,50
36,51
37,124
38,52
38,53
38,54
38,55
38,65
39,449
40,359
41,57
42,57
43,57
44,57
45,57
46,61
47,56
47,59
47,64
48,58
48,60
48,62
48,63
50,66
52,242
53,76
53,80
54,68
56,156
57,69
57,70
57,71
57,72
57,73
58,313
59,74
60,75
61,77
62,67
65,79
66,78
67,177
68,329
69,90
69,96
71,86
72,82
72,87
73,91
73,93
74,88
75,92
76,89
77,81
77,95
78,83
78,94
79,85
80,84
80,97
81,369
82,124
83,124
84,449
85,177
86,435
87,313
88,105
89,102
90,104
91,101
91,103
92,100
93,106
94,99
94,107
95,98
98,369
99,359
100,156
101,313
102,115
103,116
104,118
105,108
105,110
105,117
105,122
105,123
106,114
106,119
107,109
107,111
107,112
107,113
107,120
107,121
108,124
109,449
110,156
111,177
112,401
113,435
114,242
115,125
116,125
117,133
118,131
119,129
119,132
119,136
120,128
120,130
120,138
121,134
121,137
122,126
122,127
122,135
124,139
124,140
124,141
124,142
124,143
125,449
126,401
127,242
128,242
129,146
130,148
131,149
132,150
133,151
134,144
134,147
137,145
137,152
137,153
138,154
139,156
140,435
141,242
142,313
143,161
144,156
145,329
146,155
147,162
148,163
149,164
150,165
151,157
151,159
151,166
152,160
152,169
153,168
154,158
154,167
155,369
156,171
156,172
156,173
156,174
156,175
156,176
156,181
157,177
158,177
159,329
160,435
161,313
162,170
163,178
163,184
163,186
164,182
165,179
167,183
167,185
167,187
168,180
170,449
171,194
171,197
176,198
177,188
177,189
177,190
177,191
177,192
177,193
178,196
179,195
181,199
188,435
189,200
189,204
190,201
190,202
191,208
191,210
194,203
195,205
196,207
197,206
198,211
199,209
200,369
201,449
202,435
203,212
204,216
205,212
206,218
207,222
208,214
208,217
208,223
208,224
209,213
210,215
210,220
210,221
211,219
211,225
211,226
212,369
213,369
214,369
215,313
216,233
217,231
218,227
219,230
221,235
222,229
223,236
224,228
224,234
224,237
224,238
226,232
226,239
226,240
227,369
228,401
229,242
230,245
231,241
232,243
234,244
234,249
234,253
235,246
235,248
235,255
236,251
236,252
239,247
239,250
240,254
241,401
242,256
242,259
242,261
242,262
242,263
242,264
242,265
242,266
242,273
243,268
244,270
245,272
246,271
247,267
247,269
249,257
251,275
252,258
252,274
253,260
256,449
257,359
258,401
259,401
260,329
261,279
261,281
262,285
262,287
263,282
263,284
267,313
268,276
269,277
270,278
271,280
273,283
275,286
276,288
277,294
278,291
279,292
280,288
281,289
282,290
283,293
283,296
285,295
288,449
289,300
290,301
291,299
292,302
293,303
294,305
294,309
294,310
295,298
295,304
295,307
296,297
296,306
296,308
296,311
297,313
298,313
299,314
300,312
301,320
302,321
303,319
304,315
304,323
304,327
305,316
306,317
306,326
307,318
307,324
308,322
309,325
311,328
312,329
313,330
313,331
313,332
313,333
313,334
314,339
315,335
316,336
317,337
318,338
319,340
322,343
323,341
328,342
329,347
329,348
329,349
329,350
329,351
329,352
329,353
330,354
332,357
335,344
336,344
337,355
338,344
339,345
339,356
343,346
344,449
345,359
346,359
347,435
348,360
348,361
348,363
350,367
353,368
354,362
355,366
357,358
357,364
357,365
358,369
359,370
359,371
359,372
359,373
359,374
360,375
361,376
362,377
363,379
364,378
364,384
365,383
366,380
366,381
367,382
367,385
369,386
369,387
369,388
369,389
369,400
372,396
374,397
375,390
376,395
377,390
378,394
379,390
380,392
381,391
381,393
384,399
385,398
387,406
388,412
390,449
391,401
392,402
393,403
394,404
395,407
395,408
395,409
396,405
398,410
398,411
401,414
401,415
401,416
401,417
401,418
401,419
401,420
401,421
401,422
401,423
401,424
401,425
402,429
403,430
404,427
405,428
406,426
409,413
409,431
411,432
412,433
413,449
414,435
415,437
415,438
418,447
419,434
421,443
421,445
423,442
423,446
425,444
426,436
427,439
428,441
429,448
433,440
434,449
435,450
435,451
435,452
435,453
435,454
435,455
435,456
436,461
437,458
438,459
439,457
440,460
440,463
441,466
442,465
445,464
448,462
449,467
449,468
449,469
449,470
449,471
449,472
449,473
449,474
449,475
449,476
449,477
451,483
454,482
456,484
457,478
458,480
459,481
460,479
472,489
476,490
478,485
479,487
480,488
481,486
483,491
485,494
486,492
487,494
488,493
489,497
490,495
490,496
490,498
490,499
491,500

<end>
