<number of tasks>
500

<cycle time>
1000

<order strength>
0.597


<task times>
1 155
2 49
3 181
4 113
5 225
6 153
7 258
8 30
9 103
10 151
11 112
12 108
13 152
14 84
15 248
16 148
17 229
18 158
19 123
20 112
21 167
22 258
23 151
24 152
25 21
26 105
27 181
28 116
29 153
30 144
31 50
32 234
33 48
34 132
35 39
36 204
37 67
38 163
39 168
40 54
41 154
42 289
43 344
44 257
45 37
46 198
47 160
48 66
49 94
50 51
51 204
52 394
53 36
54 231
55 187
56 146
57 30
58 121
59 292
60 30
61 182
62 83
63 54
64 204
65 132
66 298
67 101
68 223
69 144
70 152
71 111
72 180
73 151
74 136
75 156
76 69
77 146
78 33
79 307
80 91
81 144
82 59
83 197
84 171
85 247
86 232
87 93
88 107
89 78
90 136
91 262
92 331
93 153
94 124
95 98
96 59
97 80
98 52
99 160
100 58
101 295
102 99
103 178
104 64
105 106
106 103
107 116
108 129
109 169
110 287
111 191
112 211
113 111
114 76
115 119
116 129
117 98
118 78
119 132
120 101
121 228
122 124
123 241
124 432
125 273
126 69
127 66
128 191
129 43
130 140
131 31
132 157
133 97
134 195
135 95
136 167
137 123
138 147
139 59
140 271
141 130
142 301
143 55
144 40
145 69
146 124
147 128
148 128
149 170
150 135
151 85
152 110
153 65
154 55
155 173
156 80
157 93
158 61
159 154
160 58
161 55
162 122
163 122
164 30
165 71
166 215
167 185
168 262
169 222
170 143
171 73
172 36
173 181
174 34
175 96
176 253
177 63
178 89
179 157
180 288
181 83
182 141
183 175
184 90
185 228
186 148
187 98
188 175
189 155
190 242
191 219
192 83
193 179
194 116
195 258
196 215
197 157
198 158
199 195
200 320
201 213
202 213
203 164
204 194
205 162
206 243
207 183
208 177
209 75
210 191
211 273
212 149
213 123
214 213
215 189
216 68
217 166
218 120
219 179
220 137
221 235
222 96
223 286
224 188
225 140
226 296
227 289
228 205
229 174
230 102
231 87
232 110
233 63
234 214
235 93
236 94
237 72
238 166
239 202
240 55
241 63
242 128
243 90
244 35
245 65
246 37
247 257
248 125
249 112
250 127
251 158
252 217
253 90
254 141
255 182
256 75
257 37
258 113
259 82
260 42
261 130
262 116
263 126
264 210
265 95
266 88
267 61
268 92
269 200
270 135
271 38
272 316
273 134
274 65
275 210
276 209
277 123
278 107
279 155
280 174
281 294
282 237
283 134
284 164
285 43
286 23
287 175
288 83
289 105
290 85
291 29
292 158
293 196
294 78
295 82
296 94
297 204
298 88
299 292
300 160
301 30
302 156
303 245
304 67
305 94
306 24
307 33
308 184
309 152
310 113
311 154
312 235
313 104
314 137
315 30
316 96
317 58
318 125
319 92
320 109
321 303
322 155
323 169
324 198
325 181
326 212
327 120
328 193
329 78
330 91
331 69
332 92
333 37
334 27
335 40
336 189
337 163
338 125
339 113
340 179
341 348
342 60
343 53
344 42
345 36
346 37
347 67
348 46
349 46
350 214
351 40
352 333
353 99
354 156
355 212
356 228
357 184
358 184
359 181
360 139
361 122
362 33
363 41
364 54
365 54
366 163
367 195
368 88
369 116
370 107
371 104
372 49
373 43
374 49
375 151
376 266
377 131
378 126
379 130
380 32
381 141
382 196
383 135
384 143
385 89
386 202
387 201
388 34
389 206
390 174
391 132
392 53
393 66
394 261
395 372
396 108
397 146
398 108
399 56
400 48
401 92
402 74
403 142
404 174
405 26
406 204
407 171
408 65
409 92
410 191
411 105
412 198
413 157
414 158
415 85
416 199
417 74
418 68
419 174
420 64
421 164
422 104
423 123
424 87
425 129
426 207
427 124
428 63
429 110
430 145
431 169
432 103
433 91
434 115
435 56
436 100
437 130
438 102
439 226
440 50
441 116
442 40
443 92
444 120
445 182
446 84
447 164
448 26
449 33
450 143
451 117
452 220
453 197
454 104
455 88
456 89
457 116
458 114
459 125
460 199
461 225
462 244
463 110
464 298
465 43
466 49
467 27
468 22
469 127
470 175
471 251
472 276
473 123
474 179
475 60
476 24
477 245
478 77
479 264
480 199
481 170
482 196
483 65
484 73
485 98
486 51
487 51
488 104
489 50
490 144
491 115
492 108
493 150
494 264
495 115
496 63
497 155
498 172
499 100
500 217

<precedence relations>
1,17
2,10
2,25
3,10
3,11
4,11
4,85
5,18
6,10
6,11
6,12
6,13
6,14
6,15
7,10
7,15
7,19
7,86
8,10
8,12
8,16
8,19
8,21
9,10
9,12
10,23
10,24
10,43
12,25
13,20
13,27
13,28
14,20
14,21
14,22
15,26
15,50
15,99
16,20
17,20
18,44
18,48
19,37
19,142
19,188
20,38
21,29
21,30
22,29
22,31
23,36
24,29
24,34
24,36
24,37
25,32
25,39
26,194
27,30
27,164
27,181
27,189
28,33
28,35
28,65
29,40
29,41
29,42
29,49
29,94
30,43
30,64
31,41
31,52
32,236
33,44
33,46
33,146
35,52
36,40
36,48
36,51
36,66
37,303
37,422
38,40
38,47
39,42
39,45
39,50
39,69
40,53
40,54
40,55
40,56
41,53
41,58
42,106
42,264
43,138
43,210
44,93
44,158
44,190
44,193
44,199
44,210
45,273
45,326
46,55
47,53
47,54
47,57
47,59
48,53
49,53
50,56
51,54
51,63
52,112
52,133
52,156
52,198
53,60
53,61
53,63
53,69
55,68
56,60
56,64
57,66
58,60
58,62
59,61
59,65
59,67
59,96
60,77
61,70
61,197
61,493
62,74
62,79
63,78
64,80
65,72
66,70
66,75
66,76
66,81
67,175
68,71
68,73
69,88
69,217
71,176
71,205
72,82
72,83
72,86
73,82
73,95
74,82
74,83
75,87
75,113
76,237
77,82
77,85
78,82
78,83
78,84
79,84
80,163
80,188
81,82
81,83
81,84
81,88
82,91
82,97
83,89
83,90
84,96
84,98
84,99
84,147
85,89
85,90
85,107
85,109
86,93
86,94
86,115
87,89
87,95
88,92
88,282
89,102
89,103
89,105
89,106
90,100
90,108
91,101
91,191
92,107
93,227
94,100
95,147
95,226
95,277
96,280
97,104
97,109
97,147
98,100
98,120
99,260
99,337
99,340
99,415
100,111
101,144
101,176
102,112
102,114
102,116
102,120
103,110
103,111
103,144
104,180
105,114
105,115
106,180
107,341
107,363
108,113
108,271
108,287
108,312
109,110
109,113
110,117
110,118
110,119
110,120
110,153
111,117
111,118
112,386
113,173
114,117
114,119
114,122
114,124
115,273
115,368
116,121
116,123
116,141
117,125
117,126
117,130
117,131
117,134
117,135
118,374
118,473
119,127
119,155
119,182
120,125
120,126
120,127
120,133
121,125
121,126
121,127
121,129
122,125
122,126
122,127
122,128
122,132
122,133
123,482
123,484
124,376
125,140
125,179
126,137
126,139
127,135
127,138
127,142
127,145
128,135
129,147
129,173
129,358
130,136
130,142
131,141
131,148
132,135
132,144
132,146
132,164
133,341
134,143
134,312
134,402
135,179
135,231
135,343
136,148
137,150
137,226
138,328
139,148
139,151
140,154
141,149
141,155
142,269
142,333
143,422
144,255
145,151
145,152
147,153
148,158
148,162
148,163
148,164
148,188
149,157
150,210
150,238
151,174
152,156
153,401
153,489
154,159
154,160
155,161
155,246
155,250
156,165
156,167
156,168
156,169
157,201
158,173
159,170
160,165
160,174
160,190
161,273
161,327
162,166
162,172
163,165
163,171
163,198
164,170
165,175
165,180
166,178
166,207
167,181
169,293
170,182
171,179
172,189
173,177
173,309
174,175
174,176
175,187
175,191
175,197
176,189
177,184
178,341
178,463
179,190
179,241
179,300
179,339
180,183
180,185
180,186
181,183
181,188
181,208
181,276
182,183
182,184
182,185
183,193
183,194
184,194
184,195
184,299
184,308
185,199
185,412
186,196
186,197
187,193
188,192
188,193
188,261
189,192
189,198
190,452
191,200
191,201
191,202
192,376
193,205
193,215
194,209
195,315
195,329
195,347
195,375
196,204
197,468
198,208
199,286
199,321
199,384
201,207
201,208
202,203
202,204
202,206
203,211
203,214
203,218
204,214
204,219
205,217
206,212
206,213
206,215
206,335
206,400
207,210
207,216
207,220
208,210
209,340
209,381
210,225
210,249
211,231
211,257
212,221
213,309
213,423
214,297
214,462
215,262
215,381
215,423
216,224
216,265
217,233
218,222
218,227
218,230
218,238
219,223
219,226
219,228
219,229
219,232
219,233
219,246
220,221
221,238
221,384
222,234
222,282
223,240
223,311
224,240
224,243
225,234
225,236
225,237
225,261
226,234
227,235
227,239
227,245
227,246
228,347
228,453
229,342
230,400
230,445
231,242
231,492
232,316
233,234
233,241
233,244
233,245
233,279
234,248
234,254
234,267
235,249
236,281
237,247
237,255
237,340
237,365
238,302
238,410
238,414
238,434
239,250
239,258
240,256
240,257
240,327
241,256
242,293
242,475
244,247
244,252
244,280
245,247
245,251
246,253
247,266
247,268
248,259
248,275
249,268
250,263
250,264
250,267
251,265
251,476
252,260
252,303
252,371
252,422
253,355
253,475
254,377
255,294
255,496
256,260
256,262
256,354
256,412
257,259
258,261
259,286
260,320
260,403
260,484
261,271
261,275
262,272
262,273
262,357
262,385
262,430
263,268
264,274
265,301
265,450
265,489
266,332
266,358
267,269
267,270
267,288
267,344
268,278
268,376
268,409
269,453
270,283
270,415
271,280
272,492
273,278
273,282
273,284
273,305
274,276
274,277
274,279
274,345
275,281
275,308
276,431
277,362
278,293
279,286
280,285
280,290
280,334
281,288
282,287
282,409
282,467
283,291
283,292
283,469
284,289
284,322
285,294
285,367
285,379
285,412
285,415
285,435
286,295
286,299
287,341
287,474
288,297
288,298
288,301
288,330
289,309
289,379
289,388
290,296
290,300
291,364
291,426
293,302
293,377
294,311
294,475
295,313
295,406
296,309
296,310
297,314
297,346
298,306
298,357
298,369
299,303
299,305
299,357
300,303
300,304
300,305
301,307
302,308
302,312
302,433
303,316
303,317
303,323
304,315
305,322
306,318
306,321
306,332
306,345
307,346
308,480
309,318
309,437
310,315
310,319
311,498
312,324
312,341
314,320
314,327
314,434
315,326
315,330
316,328
316,335
317,418
317,428
318,324
318,331
319,325
319,329
320,333
320,350
320,407
320,451
320,490
321,327
321,334
322,332
322,355
322,387
323,336
324,427
325,339
325,414
326,337
326,340
328,342
329,337
329,341
329,357
329,361
330,337
330,420
332,439
332,448
333,461
334,338
334,343
334,472
337,345
337,353
339,351
339,352
339,355
340,362
342,344
342,347
342,349
342,350
343,346
343,348
343,354
344,365
344,374
345,364
346,359
346,361
347,362
347,484
350,367
351,357
351,412
351,418
351,458
353,356
353,382
353,411
354,358
354,363
354,367
354,368
355,360
355,366
356,372
357,371
357,377
360,486
361,374
362,370
362,379
362,385
363,376
363,434
364,406
365,375
366,369
367,373
367,419
367,430
368,487
369,383
369,454
369,482
370,378
371,386
371,409
372,380
372,384
372,424
374,411
375,387
376,379
376,381
376,382
376,385
376,468
377,388
378,391
379,392
380,397
380,429
380,467
381,404
381,405
381,417
381,424
382,394
384,398
384,482
385,389
385,390
385,489
386,410
387,396
388,389
388,393
388,395
389,473
390,402
390,462
391,407
392,401
392,405
392,466
394,404
394,432
396,399
396,406
397,400
397,403
397,428
399,409
399,415
400,412
401,413
401,414
401,417
401,420
402,410
402,411
402,461
402,479
402,497
403,419
404,408
404,471
404,485
405,416
405,418
407,474
408,422
409,420
409,428
409,429
409,476
410,424
412,486
413,426
413,447
414,421
414,497
415,427
415,431
415,498
418,465
419,423
419,425
419,474
420,437
421,433
422,430
423,431
424,432
424,436
424,449
425,491
427,453
428,434
429,435
430,447
430,479
431,441
432,445
433,448
434,439
434,447
435,444
435,445
436,438
436,440
436,442
436,490
437,443
437,446
439,449
439,470
440,454
441,492
442,473
444,453
444,455
445,457
446,450
446,451
446,456
446,492
447,452
448,458
449,483
450,462
450,465
451,461
452,459
452,460
452,478
453,464
454,466
454,467
455,468
457,463
460,475
460,480
461,470
461,475
462,471
462,474
462,478
462,479
463,477
464,472
464,490
465,473
465,483
466,480
467,476
468,469
469,484
469,489
470,491
471,490
472,482
474,485
474,486
476,481
477,483
478,488
479,487
481,492
483,493
483,496
483,500
484,498
486,497
488,494
488,499
489,495
489,499

<end>
