<number of tasks>
500

<cycle time>
1000

<order strength>
0.198


<task times>
1 193
2 347
3 173
4 238
5 133
6 393
7 65
8 552
9 106
10 65
11 326
12 263
13 87
14 212
15 58
16 76
17 393
18 241
19 78
20 182
21 47
22 72
23 197
24 181
25 124
26 289
27 63
28 40
29 535
30 286
31 22
32 47
33 295
34 474
35 486
36 221
37 179
38 338
39 485
40 503
41 239
42 116
43 363
44 71
45 141
46 66
47 511
48 148
49 249
50 186
51 247
52 286
53 267
54 367
55 460
56 154
57 399
58 113
59 39
60 53
61 53
62 379
63 515
64 479
65 65
66 194
67 312
68 368
69 111
70 550
71 91
72 84
73 284
74 94
75 151
76 193
77 106
78 91
79 169
80 182
81 73
82 481
83 176
84 48
85 584
86 506
87 287
88 173
89 237
90 119
91 426
92 140
93 24
94 153
95 399
96 37
97 100
98 208
99 126
100 245
101 287
102 62
103 129
104 104
105 40
106 206
107 254
108 501
109 158
110 238
111 100
112 120
113 505
114 470
115 117
116 55
117 61
118 273
119 308
120 96
121 537
122 232
123 482
124 27
125 279
126 73
127 233
128 243
129 52
130 36
131 446
132 570
133 506
134 130
135 171
136 252
137 39
138 62
139 181
140 197
141 228
142 471
143 75
144 555
145 90
146 156
147 50
148 274
149 437
150 527
151 111
152 479
153 441
154 514
155 28
156 468
157 406
158 71
159 47
160 304
161 320
162 530
163 502
164 44
165 83
166 92
167 40
168 27
169 159
170 278
171 399
172 392
173 226
174 55
175 293
176 559
177 156
178 511
179 62
180 214
181 43
182 21
183 490
184 247
185 206
186 223
187 353
188 23
189 79
190 580
191 180
192 66
193 553
194 253
195 82
196 74
197 53
198 350
199 316
200 176
201 236
202 449
203 387
204 167
205 57
206 237
207 166
208 162
209 221
210 52
211 130
212 84
213 131
214 31
215 353
216 101
217 85
218 183
219 370
220 259
221 229
222 540
223 46
224 451
225 197
226 76
227 104
228 185
229 35
230 93
231 461
232 65
233 56
234 373
235 122
236 210
237 231
238 87
239 205
240 495
241 275
242 113
243 130
244 187
245 198
246 126
247 182
248 247
249 46
250 125
251 69
252 121
253 406
254 100
255 124
256 83
257 171
258 226
259 251
260 29
261 240
262 130
263 68
264 136
265 78
266 223
267 257
268 539
269 283
270 384
271 467
272 77
273 91
274 207
275 315
276 254
277 86
278 110
279 215
280 494
281 162
282 337
283 237
284 65
285 262
286 103
287 70
288 317
289 213
290 172
291 401
292 71
293 498
294 62
295 477
296 497
297 118
298 304
299 250
300 92
301 314
302 511
303 71
304 147
305 22
306 207
307 148
308 283
309 91
310 39
311 56
312 190
313 128
314 198
315 140
316 95
317 605
318 496
319 182
320 198
321 235
322 258
323 34
324 252
325 119
326 291
327 66
328 144
329 272
330 194
331 271
332 41
333 499
334 246
335 289
336 459
337 533
338 184
339 183
340 86
341 217
342 95
343 70
344 178
345 554
346 226
347 212
348 325
349 227
350 160
351 434
352 217
353 140
354 74
355 214
356 189
357 167
358 188
359 27
360 65
361 490
362 126
363 65
364 39
365 284
366 49
367 386
368 134
369 30
370 69
371 153
372 256
373 150
374 467
375 106
376 151
377 260
378 110
379 389
380 112
381 576
382 151
383 196
384 94
385 369
386 85
387 95
388 459
389 426
390 261
391 241
392 521
393 208
394 272
395 47
396 345
397 259
398 79
399 508
400 24
401 48
402 137
403 166
404 229
405 241
406 300
407 181
408 288
409 511
410 158
411 391
412 333
413 235
414 183
415 276
416 280
417 117
418 46
419 442
420 440
421 260
422 199
423 252
424 400
425 210
426 81
427 415
428 534
429 87
430 260
431 385
432 109
433 113
434 73
435 237
436 68
437 177
438 157
439 230
440 222
441 126
442 477
443 196
444 71
445 112
446 262
447 90
448 256
449 108
450 97
451 501
452 145
453 122
454 129
455 36
456 584
457 80
458 105
459 316
460 568
461 162
462 75
463 154
464 50
465 218
466 339
467 81
468 215
469 306
470 338
471 437
472 425
473 588
474 144
475 326
476 198
477 88
478 536
479 330
480 145
481 341
482 487
483 81
484 168
485 157
486 96
487 243
488 379
489 140
490 458
491 26
492 180
493 139
494 105
495 81
496 146
497 158
498 533
499 548
500 79

<precedence relations>
1,8
2,9
3,10
3,11
3,12
3,17
3,22
3,23
3,350
4,15
4,16
4,18
5,20
5,274
6,13
6,14
6,21
6,25
7,19
7,24
7,249
8,27
9,34
10,26
11,29
12,32
13,28
13,30
13,31
13,33
14,220
14,468
15,41
16,38
17,280
17,289
18,35
20,37
20,205
21,39
23,40
25,36
26,42
27,43
28,44
29,50
30,45
31,46
32,51
33,49
34,347
34,349
35,47
36,48
36,54
38,53
38,218
39,220
39,237
40,52
40,55
41,50
41,69
42,56
43,63
44,58
45,61
46,66
47,57
48,59
49,60
50,233
51,64
52,62
52,68
53,67
53,70
54,65
55,69
55,366
56,71
57,79
58,74
59,78
60,75
61,76
62,77
63,81
63,86
63,149
63,331
64,72
64,174
65,73
65,81
65,83
65,112
66,82
66,85
67,87
67,408
68,80
68,88
68,111
69,84
70,413
71,89
72,91
73,93
74,95
75,97
76,92
77,98
78,90
79,100
80,94
80,426
81,96
81,188
81,316
84,99
85,398
86,348
86,475
87,225
87,443
88,127
89,110
90,101
91,102
92,104
93,103
94,105
95,106
96,107
97,110
98,109
99,108
99,111
99,113
99,114
99,115
100,110
100,112
101,118
102,116
103,117
104,121
105,122
106,119
107,126
108,120
109,127
110,123
111,129
111,130
111,133
111,331
112,124
112,125
112,131
112,132
112,420
113,367
113,424
114,430
115,123
115,128
115,238
116,135
117,142
118,138
119,139
120,143
121,140
122,141
123,134
123,379
124,136
124,143
124,144
124,145
125,137
125,146
125,316
125,352
127,289
128,148
129,147
130,149
130,253
131,142
131,347
132,191
132,304
133,188
134,150
135,151
136,152
137,153
138,155
139,157
140,156
141,157
142,154
142,159
143,160
143,163
145,158
145,162
147,159
148,161
148,234
150,168
151,164
152,169
153,166
154,165
155,167
156,171
157,176
157,443
157,487
158,377
159,170
159,280
160,174
160,175
161,173
161,207
162,172
164,177
165,178
166,181
167,179
168,180
168,182
168,185
168,204
170,183
170,186
170,191
170,204
170,223
171,216
172,187
172,189
172,190
174,184
174,188
174,189
174,266
176,280
177,192
178,194
179,195
180,196
181,198
182,197
183,199
184,193
184,200
184,202
184,204
184,226
185,201
185,203
185,208
186,320
188,206
188,351
189,207
189,462
190,205
190,377
191,278
191,499
192,215
193,209
194,217
195,218
196,219
197,211
198,212
199,220
200,213
201,214
202,210
202,398
203,216
203,223
203,224
204,225
204,228
205,226
205,248
205,412
206,221
206,222
207,224
207,277
208,227
209,231
210,230
211,233
212,234
213,235
214,232
215,349
216,229
216,423
217,235
217,236
217,241
218,234
218,240
220,277
221,238
222,239
226,253
228,237
229,242
230,243
231,244
232,246
233,245
233,248
233,252
233,253
233,255
233,256
234,247
234,254
237,257
238,249
240,250
240,251
241,267
242,259
243,258
244,260
245,262
246,261
249,267
250,480
251,263
251,266
256,264
256,265
257,308
257,376
258,268
259,269
260,271
261,272
262,270
263,273
263,275
263,279
263,280
264,303
265,274
266,276
267,277
267,278
268,282
269,281
270,284
271,285
272,283
273,286
273,292
274,287
274,293
275,288
275,289
275,294
275,306
279,290
280,291
281,295
282,297
283,298
284,301
285,302
286,299
287,300
288,296
289,305
289,308
290,304
290,365
291,307
292,303
292,309
293,306
294,331
295,310
296,311
297,314
298,312
299,316
300,316
301,313
302,315
304,318
304,377
305,320
306,321
306,323
307,319
309,316
309,317
309,322
310,329
311,324
312,325
313,328
314,327
315,332
316,326
317,336
317,380
318,330
319,334
319,335
319,338
320,337
322,408
323,331
323,333
324,339
325,340
326,342
327,341
328,345
330,343
330,361
330,469
331,344
331,448
332,347
332,348
332,440
335,346
336,350
336,424
337,351
337,352
338,349
338,441
339,358
340,353
341,355
342,358
343,356
344,357
345,360
346,354
346,364
346,383
346,441
347,361
347,444
348,407
349,362
349,363
350,366
351,365
351,367
351,368
351,444
352,359
353,369
354,371
355,370
356,376
357,373
358,374
358,381
358,385
359,372
359,384
359,408
360,378
362,377
362,379
362,380
362,383
362,461
363,375
363,382
363,423
365,386
368,395
368,442
369,389
370,391
371,388
372,393
373,392
374,387
374,394
375,390
376,396
376,399
377,395
378,443
379,396
379,468
380,397
382,398
383,500
385,469
386,441
386,459
387,400
388,401
389,402
390,403
391,407
392,404
393,405
394,406
398,409
398,413
398,445
399,408
399,410
399,411
399,412
400,415
401,416
402,414
403,419
404,420
405,417
406,423
407,472
408,421
408,428
408,430
408,431
409,424
409,425
410,426
411,418
411,427
411,429
412,422
414,433
415,434
416,436
417,438
418,432
419,447
420,443
421,435
421,498
422,437
424,439
426,441
426,444
428,445
430,440
431,442
431,446
431,448
432,449
433,450
434,459
435,452
436,460
437,453
438,455
439,457
440,451
440,456
440,458
441,454
443,462
444,461
449,468
450,463
451,464
452,470
453,471
454,465
455,468
456,466
457,468
458,467
459,474
459,477
460,481
461,472
461,475
461,479
462,469
462,473
462,476
462,478
462,480
463,482
464,484
465,485
466,486
467,487
469,483
472,491
477,488
478,490
481,489
482,492
483,493
484,494
485,495
488,500
489,496
491,497
491,498
491,499
491,500

<end>
