<number of tasks>
500

<cycle time>
1000

<order strength>
0.209


<task times>
1 237
2 32
3 153
4 122
5 119
6 104
7 131
8 71
9 96
10 273
11 101
12 108
13 166
14 179
15 269
16 253
17 51
18 141
19 137
20 129
21 205
22 101
23 145
24 164
25 243
26 205
27 94
28 265
29 80
30 68
31 189
32 56
33 105
34 103
35 263
36 138
37 193
38 68
39 74
40 95
41 31
42 291
43 87
44 200
45 139
46 81
47 145
48 229
49 128
50 103
51 119
52 160
53 31
54 148
55 118
56 76
57 117
58 196
59 65
60 24
61 85
62 73
63 170
64 176
65 137
66 25
67 29
68 50
69 186
70 62
71 119
72 177
73 134
74 206
75 248
76 201
77 143
78 216
79 145
80 140
81 44
82 217
83 230
84 167
85 85
86 128
87 58
88 266
89 42
90 175
91 66
92 56
93 117
94 143
95 142
96 137
97 228
98 110
99 25
100 163
101 132
102 157
103 133
104 54
105 116
106 123
107 40
108 299
109 160
110 158
111 342
112 140
113 135
114 78
115 96
116 161
117 81
118 187
119 77
120 94
121 133
122 141
123 85
124 68
125 112
126 196
127 135
128 214
129 48
130 52
131 195
132 145
133 152
134 114
135 118
136 180
137 62
138 62
139 39
140 75
141 303
142 263
143 124
144 97
145 51
146 47
147 150
148 45
149 226
150 196
151 296
152 53
153 156
154 89
155 198
156 83
157 69
158 88
159 174
160 59
161 98
162 56
163 274
164 125
165 320
166 174
167 247
168 121
169 101
170 273
171 40
172 80
173 217
174 192
175 163
176 229
177 90
178 46
179 50
180 208
181 130
182 148
183 102
184 71
185 94
186 178
187 313
188 262
189 82
190 39
191 193
192 211
193 209
194 118
195 172
196 147
197 191
198 195
199 177
200 35
201 123
202 125
203 267
204 115
205 100
206 102
207 233
208 77
209 267
210 122
211 52
212 91
213 41
214 25
215 189
216 25
217 64
218 73
219 179
220 75
221 73
222 22
223 134
224 38
225 244
226 97
227 36
228 158
229 155
230 109
231 259
232 111
233 163
234 240
235 165
236 123
237 162
238 27
239 42
240 28
241 21
242 235
243 167
244 146
245 35
246 85
247 52
248 176
249 59
250 33
251 402
252 55
253 137
254 140
255 169
256 50
257 127
258 101
259 26
260 45
261 86
262 198
263 113
264 169
265 35
266 184
267 90
268 300
269 82
270 83
271 113
272 86
273 107
274 136
275 79
276 78
277 98
278 190
279 203
280 89
281 46
282 58
283 117
284 74
285 85
286 300
287 186
288 159
289 39
290 80
291 193
292 77
293 94
294 50
295 124
296 97
297 158
298 65
299 180
300 51
301 154
302 39
303 241
304 167
305 256
306 186
307 220
308 273
309 134
310 161
311 92
312 290
313 91
314 272
315 80
316 134
317 27
318 246
319 345
320 167
321 154
322 31
323 46
324 78
325 138
326 223
327 69
328 55
329 156
330 78
331 122
332 83
333 164
334 97
335 246
336 131
337 35
338 167
339 87
340 36
341 103
342 120
343 109
344 147
345 162
346 113
347 231
348 44
349 187
350 205
351 278
352 227
353 137
354 89
355 127
356 114
357 137
358 131
359 63
360 197
361 107
362 170
363 88
364 73
365 72
366 170
367 38
368 98
369 45
370 104
371 109
372 201
373 92
374 35
375 145
376 47
377 120
378 199
379 154
380 210
381 351
382 92
383 253
384 25
385 144
386 70
387 65
388 88
389 254
390 205
391 83
392 97
393 200
394 142
395 155
396 179
397 89
398 203
399 80
400 182
401 25
402 59
403 182
404 146
405 146
406 143
407 122
408 48
409 120
410 65
411 82
412 64
413 113
414 157
415 121
416 223
417 226
418 65
419 281
420 234
421 92
422 45
423 91
424 169
425 43
426 68
427 74
428 333
429 167
430 183
431 226
432 201
433 145
434 99
435 77
436 47
437 134
438 49
439 34
440 30
441 211
442 235
443 47
444 101
445 65
446 108
447 336
448 241
449 176
450 220
451 243
452 201
453 137
454 25
455 261
456 256
457 223
458 108
459 150
460 274
461 36
462 32
463 70
464 71
465 20
466 182
467 75
468 83
469 41
470 70
471 109
472 329
473 244
474 136
475 114
476 122
477 67
478 141
479 95
480 119
481 190
482 69
483 110
484 313
485 250
486 44
487 43
488 139
489 257
490 268
491 188
492 135
493 204
494 145
495 58
496 353
497 121
498 176
499 120
500 33

<precedence relations>
1,37
2,37
3,37
4,185
5,281
6,247
7,247
8,187
9,296
10,296
11,29
12,31
13,32
14,17
14,21
14,22
14,28
14,30
14,34
14,35
15,18
15,19
15,20
15,23
15,24
15,27
15,33
16,25
16,26
16,36
17,262
18,262
19,37
20,37
21,37
22,37
23,37
24,37
25,347
26,187
27,296
28,40
29,38
30,41
31,44
32,38
33,42
33,45
33,46
33,47
34,39
34,43
34,48
35,49
37,50
37,51
37,52
37,53
37,54
38,331
39,385
40,59
41,56
42,57
43,58
46,62
46,64
47,55
47,60
48,61
49,63
50,187
51,67
51,76
53,71
53,74
54,70
54,77
55,322
56,68
57,69
58,65
59,72
62,66
62,78
64,73
64,75
65,262
66,123
67,83
68,84
69,79
69,86
70,85
71,87
71,89
74,88
74,90
74,94
75,80
75,92
75,93
77,91
78,81
78,82
79,185
80,185
81,187
82,296
83,104
84,95
85,101
86,102
87,103
88,100
89,97
90,105
90,107
92,99
93,106
94,96
94,98
94,108
95,262
96,185
97,123
98,123
99,331
100,117
101,116
102,109
103,109
104,112
104,120
105,118
106,111
106,113
106,114
106,121
107,119
108,110
108,115
109,456
110,281
111,247
112,123
113,123
114,296
115,322
116,125
117,122
118,126
118,127
118,129
119,128
120,124
120,132
120,133
120,135
121,130
121,131
121,134
122,247
123,138
123,140
123,141
123,142
123,143
123,144
123,145
123,146
123,147
123,148
123,149
123,150
123,151
123,152
123,153
123,163
124,331
125,155
126,157
127,159
128,156
128,158
130,137
130,139
130,154
130,160
130,161
132,136
135,162
136,262
137,262
138,247
139,347
140,172
142,173
143,168
144,166
145,183
146,165
146,184
149,171
150,170
150,182
151,167
154,322
155,178
156,174
157,164
158,177
159,180
160,175
160,179
161,176
162,169
162,181
164,262
165,262
166,262
167,185
168,247
169,347
170,187
171,187
172,296
173,331
174,192
175,194
176,195
177,196
178,186
179,191
179,193
179,200
180,188
180,198
180,199
182,189
182,190
182,197
184,201
185,203
185,204
185,205
185,206
186,281
187,207
187,208
187,209
187,210
187,211
188,296
189,296
190,331
191,331
192,213
193,212
194,202
195,215
196,214
196,218
197,219
200,216
200,217
202,262
203,385
206,221
206,228
211,222
212,220
214,223
214,225
214,227
215,226
216,224
218,229
220,281
221,247
222,331
223,236
224,232
224,234
224,237
225,238
225,241
226,230
227,239
228,233
228,235
228,242
228,243
229,231
229,240
230,262
231,247
232,247
233,296
234,296
235,385
236,244
237,253
238,254
239,249
239,259
239,260
240,261
241,251
242,258
243,245
243,246
243,248
243,250
243,252
243,255
243,256
243,257
244,262
245,262
246,456
247,264
247,265
247,266
247,267
247,268
248,347
249,331
250,331
251,385
252,385
253,271
254,272
255,270
255,274
257,263
258,269
258,275
259,273
262,276
262,277
262,278
262,279
262,280
262,289
263,281
264,287
264,288
269,347
270,283
275,282
275,284
275,285
275,286
276,296
277,331
278,303
278,304
280,456
281,290
281,291
281,292
281,293
281,294
281,295
282,347
283,301
284,298
285,299
286,297
286,300
286,302
290,331
291,322
296,305
296,306
296,307
296,308
296,309
296,310
296,311
296,312
296,313
296,314
296,315
296,316
296,317
296,318
296,319
296,320
296,326
296,329
297,331
298,324
299,325
300,323
300,328
301,321
301,327
308,345
310,344
311,343
311,346
313,342
321,331
322,332
322,333
322,334
322,335
322,336
322,337
322,338
322,339
323,340
324,330
325,330
326,341
330,347
331,348
331,349
331,350
331,351
332,352
332,353
332,354
334,357
336,358
338,359
340,356
341,355
345,360
347,361
347,362
347,363
347,364
347,365
347,366
347,367
347,373
352,368
353,369
354,370
355,371
360,372
362,382
365,375
365,383
366,374
366,381
367,384
368,380
369,376
370,377
371,379
372,378
374,385
375,385
376,390
377,387
378,386
379,388
380,393
381,389
382,391
384,392
384,394
385,395
385,396
385,397
385,398
385,399
385,400
385,401
385,402
385,403
385,404
385,415
386,411
387,405
388,407
389,410
390,406
390,408
390,414
391,409
391,413
394,412
396,422
399,423
399,424
405,417
406,416
407,420
408,418
409,419
410,421
411,426
413,425
416,430
417,427
418,431
419,428
420,429
423,433
425,434
426,432
427,435
428,436
429,441
430,437
431,442
431,444
432,439
432,445
433,443
434,438
434,440
435,446
436,450
437,452
438,447
438,455
439,448
440,449
440,453
440,454
443,451
446,456
447,458
448,460
449,461
450,457
451,459
451,468
451,471
452,464
452,467
453,465
453,469
454,462
454,463
454,466
455,470
456,472
456,473
456,474
456,475
456,476
456,477
457,478
458,480
459,479
460,480
461,481
462,482
468,484
469,483
473,492
475,489
478,485
479,487
480,486
480,490
481,488
483,491
485,495
486,493
487,494
488,500
489,496
489,498
490,499
491,497

<end>
