<number of tasks>
500

<cycle time>
1000

<order strength>
0.198


<task times>
1 591
2 338
3 552
4 756
5 429
6 528
7 488
8 386
9 453
10 619
11 488
12 479
13 556
14 472
15 454
16 564
17 736
18 642
19 458
20 413
21 464
22 566
23 540
24 292
25 318
26 679
27 659
28 466
29 510
30 445
31 600
32 553
33 463
34 510
35 401
36 615
37 543
38 245
39 465
40 756
41 633
42 374
43 526
44 393
45 573
46 406
47 472
48 527
49 202
50 458
51 773
52 589
53 422
54 280
55 387
56 502
57 394
58 503
59 614
60 609
61 494
62 392
63 560
64 374
65 535
66 381
67 507
68 441
69 424
70 488
71 564
72 509
73 538
74 650
75 546
76 520
77 838
78 391
79 599
80 503
81 324
82 547
83 235
84 545
85 481
86 563
87 257
88 547
89 427
90 380
91 466
92 518
93 435
94 638
95 590
96 520
97 520
98 453
99 533
100 401
101 527
102 385
103 513
104 731
105 557
106 592
107 635
108 546
109 410
110 827
111 369
112 386
113 351
114 301
115 628
116 358
117 392
118 561
119 570
120 434
121 684
122 432
123 367
124 535
125 528
126 755
127 588
128 291
129 508
130 797
131 505
132 557
133 242
134 476
135 455
136 431
137 500
138 385
139 571
140 515
141 617
142 550
143 646
144 390
145 635
146 600
147 482
148 665
149 390
150 457
151 500
152 510
153 482
154 449
155 462
156 523
157 527
158 598
159 652
160 483
161 613
162 383
163 620
164 596
165 467
166 356
167 470
168 559
169 417
170 498
171 337
172 472
173 370
174 436
175 485
176 464
177 727
178 558
179 386
180 478
181 382
182 328
183 630
184 520
185 538
186 450
187 521
188 662
189 407
190 631
191 402
192 443
193 369
194 564
195 502
196 612
197 613
198 467
199 467
200 653
201 415
202 302
203 358
204 577
205 535
206 442
207 500
208 254
209 387
210 658
211 705
212 617
213 418
214 503
215 427
216 521
217 561
218 493
219 400
220 487
221 609
222 484
223 431
224 525
225 498
226 469
227 478
228 450
229 628
230 591
231 621
232 239
233 665
234 372
235 420
236 517
237 609
238 537
239 391
240 440
241 662
242 439
243 424
244 665
245 494
246 558
247 511
248 583
249 308
250 389
251 598
252 566
253 746
254 545
255 556
256 541
257 599
258 634
259 509
260 426
261 458
262 493
263 563
264 405
265 371
266 773
267 640
268 683
269 440
270 521
271 451
272 589
273 374
274 566
275 515
276 518
277 588
278 317
279 593
280 403
281 348
282 337
283 337
284 583
285 486
286 367
287 783
288 427
289 636
290 303
291 435
292 580
293 492
294 406
295 606
296 572
297 422
298 366
299 690
300 383
301 524
302 538
303 470
304 429
305 525
306 415
307 585
308 432
309 558
310 531
311 737
312 485
313 410
314 446
315 545
316 497
317 431
318 96
319 466
320 330
321 603
322 564
323 621
324 614
325 566
326 243
327 538
328 464
329 453
330 453
331 410
332 406
333 430
334 598
335 420
336 218
337 365
338 576
339 507
340 573
341 650
342 321
343 585
344 575
345 401
346 654
347 637
348 674
349 485
350 671
351 612
352 472
353 215
354 625
355 460
356 681
357 260
358 635
359 655
360 413
361 403
362 272
363 447
364 572
365 339
366 648
367 361
368 405
369 404
370 355
371 505
372 572
373 464
374 429
375 268
376 540
377 414
378 443
379 510
380 388
381 214
382 389
383 488
384 282
385 631
386 422
387 502
388 455
389 565
390 547
391 523
392 597
393 484
394 409
395 585
396 541
397 372
398 457
399 227
400 394
401 629
402 508
403 482
404 408
405 482
406 361
407 479
408 610
409 606
410 459
411 533
412 507
413 399
414 481
415 623
416 608
417 603
418 381
419 379
420 478
421 582
422 590
423 438
424 526
425 425
426 531
427 532
428 601
429 563
430 566
431 589
432 566
433 451
434 493
435 804
436 446
437 502
438 582
439 288
440 538
441 455
442 372
443 463
444 480
445 668
446 414
447 481
448 497
449 341
450 410
451 421
452 497
453 590
454 472
455 432
456 331
457 182
458 384
459 477
460 612
461 790
462 476
463 657
464 449
465 565
466 467
467 607
468 506
469 609
470 386
471 539
472 526
473 595
474 491
475 548
476 541
477 513
478 467
479 412
480 429
481 479
482 404
483 557
484 611
485 500
486 496
487 468
488 416
489 507
490 434
491 602
492 436
493 509
494 405
495 626
496 555
497 509
498 261
499 713
500 422

<precedence relations>
1,50
2,50
3,50
4,50
5,50
6,284
7,204
8,80
9,80
10,22
11,24
12,26
13,16
13,18
13,19
13,21
13,23
13,25
13,27
13,65
14,29
14,30
15,17
15,20
15,28
15,86
16,88
17,430
18,50
19,50
20,326
21,80
22,43
23,37
24,40
25,41
26,42
27,34
27,38
27,39
27,48
28,35
28,45
29,31
29,32
29,33
29,46
29,47
30,36
30,44
31,88
32,50
33,50
34,219
35,204
36,80
37,61
38,58
39,59
40,49
41,62
42,63
44,56
44,57
44,60
45,65
45,67
46,51
46,52
46,54
46,66
46,68
47,55
47,64
48,53
49,354
50,71
50,72
50,73
50,74
50,75
50,76
50,77
50,86
51,219
52,240
53,283
54,204
55,204
56,326
57,80
58,69
59,69
60,81
61,70
61,79
61,82
61,85
63,84
64,83
65,87
67,141
68,78
69,88
70,88
72,308
72,378
73,100
76,98
76,99
78,284
79,204
80,90
80,91
80,92
80,93
80,94
81,89
82,96
83,97
84,95
85,102
87,101
88,103
88,104
88,105
88,106
88,107
88,116
88,118
89,430
90,114
91,117
92,119
94,112
95,110
96,108
97,113
98,111
98,115
102,109
102,120
103,219
105,131
107,125
107,129
107,133
108,219
109,240
110,121
111,123
112,122
115,127
117,132
118,430
119,124
119,128
119,130
120,126
121,253
122,136
123,137
124,144
125,141
125,143
127,138
127,142
129,312
130,134
130,139
132,135
133,140
134,354
135,240
136,151
137,146
137,147
137,149
137,152
137,155
137,156
137,159
137,160
140,148
140,153
140,154
140,158
140,161
142,145
143,150
143,179
144,157
145,430
146,253
147,219
148,219
149,219
150,283
151,166
152,163
152,164
152,172
153,165
153,167
153,170
158,162
158,171
159,168
160,169
162,283
163,284
164,176
165,178
166,177
167,175
167,179
167,180
167,183
169,173
170,174
170,182
170,185
171,181
171,184
173,219
174,204
175,326
176,196
177,194
178,195
179,189
179,192
179,199
179,200
180,193
180,198
180,437
181,190
181,191
182,186
183,201
184,187
184,188
185,197
186,480
187,240
188,283
189,284
190,204
191,204
192,205
193,207
194,209
195,202
197,206
197,210
197,212
197,214
198,208
198,211
198,213
200,203
200,215
200,217
201,216
202,219
203,219
204,221
204,222
204,223
204,224
205,225
206,227
207,226
208,228
209,218
210,220
211,229
211,231
211,232
215,230
218,253
219,235
219,236
219,237
219,238
219,239
220,240
221,241
223,234
225,233
226,243
227,244
228,245
229,242
229,247
230,251
231,246
231,248
232,249
232,250
233,430
234,253
236,275
237,252
240,254
240,255
240,256
240,257
240,258
240,259
240,260
240,261
240,262
240,263
240,264
240,265
240,266
240,271
241,267
242,268
243,272
244,273
247,274
249,270
251,269
251,276
252,354
253,277
253,278
253,279
253,280
253,281
253,282
254,283
255,284
258,293
258,451
262,292
267,286
268,288
269,285
270,287
271,289
271,290
273,291
277,311
278,309
278,312
278,314
282,310
283,294
283,295
283,296
283,297
283,298
284,299
284,300
284,301
284,302
284,303
285,304
286,308
287,305
288,306
289,307
293,313
295,325
304,315
305,316
306,317
307,315
308,324
309,318
309,323
310,319
310,320
311,321
313,322
315,326
316,327
317,330
318,328
319,329
321,336
322,335
323,333
323,334
324,332
324,337
325,331
326,340
326,341
326,342
326,343
326,352
327,344
328,346
329,345
331,338
331,339
331,347
333,349
333,350
334,398
335,348
337,351
338,354
339,354
340,355
340,359
342,360
342,362
343,361
344,357
345,358
346,353
347,356
348,363
351,364
353,430
354,365
354,366
354,367
354,368
354,369
354,370
354,371
354,372
354,373
354,374
354,375
354,376
354,377
354,387
355,379
356,380
357,381
358,383
359,382
359,384
359,385
360,388
361,389
361,390
362,378
363,386
367,450
370,397
371,399
378,480
379,391
380,391
381,392
382,393
383,395
384,396
385,394
386,398
391,480
392,400
393,403
394,401
395,405
396,402
397,404
397,406
397,408
398,407
398,409
400,410
401,413
402,414
403,418
404,411
404,416
406,412
408,415
408,417
410,419
411,420
412,421
413,428
414,422
415,429
416,423
417,424
417,427
418,425
418,426
419,430
420,432
421,433
422,431
422,435
423,438
423,439
426,440
428,434
428,437
429,436
430,441
430,442
430,443
430,444
431,446
432,448
433,445
433,449
433,452
433,467
434,447
434,451
435,453
436,450
437,454
439,455
441,467
442,465
442,469
443,468
444,461
445,456
446,459
447,457
448,460
449,458
450,466
452,464
454,462
454,466
455,463
456,470
457,470
458,472
459,471
460,479
462,478
464,475
466,476
467,473
467,474
467,477
470,480
471,482
472,483
473,481
473,484
473,485
475,490
477,486
479,487
479,488
479,489
480,491
480,492
480,493
480,494
480,499
481,495
482,497
483,498
484,496
485,500

<end>
