<number of tasks>
500

<cycle time>
1000

<order strength>
0.595


<task times>
1 300
2 520
3 125
4 212
5 179
6 372
7 159
8 281
9 271
10 252
11 103
12 192
13 103
14 132
15 195
16 40
17 502
18 216
19 380
20 184
21 209
22 98
23 98
24 79
25 229
26 516
27 364
28 156
29 227
30 578
31 395
32 491
33 226
34 272
35 216
36 209
37 222
38 47
39 148
40 550
41 312
42 122
43 255
44 442
45 319
46 230
47 433
48 321
49 332
50 63
51 38
52 161
53 501
54 318
55 195
56 208
57 137
58 45
59 49
60 280
61 260
62 305
63 26
64 49
65 381
66 97
67 30
68 313
69 104
70 267
71 74
72 189
73 185
74 179
75 94
76 484
77 164
78 99
79 71
80 21
81 83
82 85
83 430
84 51
85 495
86 66
87 83
88 261
89 168
90 275
91 147
92 127
93 526
94 164
95 132
96 520
97 109
98 129
99 171
100 597
101 90
102 279
103 206
104 544
105 145
106 123
107 180
108 428
109 125
110 125
111 20
112 531
113 52
114 23
115 78
116 543
117 254
118 27
119 490
120 98
121 557
122 350
123 454
124 315
125 431
126 220
127 181
128 479
129 91
130 543
131 179
132 181
133 317
134 80
135 546
136 502
137 446
138 305
139 307
140 209
141 567
142 25
143 525
144 90
145 312
146 132
147 334
148 73
149 131
150 482
151 547
152 126
153 79
154 76
155 109
156 535
157 106
158 235
159 456
160 146
161 541
162 154
163 470
164 248
165 308
166 132
167 494
168 284
169 46
170 163
171 119
172 74
173 38
174 520
175 176
176 201
177 361
178 96
179 241
180 80
181 355
182 319
183 171
184 187
185 364
186 145
187 46
188 233
189 59
190 611
191 378
192 25
193 140
194 58
195 497
196 62
197 228
198 141
199 100
200 492
201 250
202 257
203 80
204 315
205 129
206 454
207 170
208 122
209 472
210 110
211 560
212 57
213 78
214 282
215 109
216 186
217 160
218 356
219 109
220 112
221 79
222 516
223 38
224 158
225 271
226 321
227 272
228 224
229 300
230 378
231 39
232 256
233 31
234 454
235 79
236 55
237 371
238 82
239 103
240 517
241 66
242 465
243 117
244 160
245 131
246 492
247 44
248 149
249 89
250 329
251 298
252 158
253 557
254 86
255 231
256 227
257 247
258 76
259 336
260 323
261 160
262 100
263 117
264 520
265 390
266 285
267 269
268 83
269 167
270 188
271 51
272 37
273 611
274 481
275 464
276 156
277 251
278 578
279 135
280 135
281 44
282 37
283 478
284 431
285 65
286 126
287 206
288 535
289 36
290 52
291 171
292 502
293 28
294 475
295 315
296 422
297 31
298 441
299 226
300 560
301 96
302 554
303 268
304 109
305 68
306 235
307 70
308 169
309 78
310 122
311 131
312 243
313 455
314 46
315 194
316 160
317 55
318 318
319 259
320 202
321 226
322 159
323 130
324 48
325 424
326 101
327 622
328 487
329 26
330 293
331 256
332 59
333 460
334 184
335 95
336 94
337 41
338 158
339 103
340 174
341 547
342 27
343 202
344 180
345 85
346 24
347 166
348 353
349 474
350 217
351 89
352 470
353 134
354 75
355 235
356 210
357 399
358 181
359 204
360 184
361 304
362 265
363 401
364 95
365 106
366 301
367 380
368 215
369 233
370 113
371 84
372 221
373 116
374 318
375 71
376 90
377 536
378 41
379 500
380 28
381 408
382 360
383 145
384 153
385 77
386 488
387 224
388 60
389 41
390 115
391 162
392 260
393 425
394 94
395 154
396 21
397 187
398 397
399 505
400 188
401 143
402 21
403 257
404 269
405 444
406 66
407 215
408 200
409 151
410 135
411 35
412 341
413 125
414 561
415 158
416 229
417 290
418 60
419 522
420 155
421 158
422 176
423 267
424 211
425 437
426 122
427 184
428 477
429 103
430 151
431 310
432 455
433 154
434 57
435 115
436 518
437 528
438 55
439 290
440 283
441 275
442 144
443 143
444 342
445 38
446 184
447 97
448 223
449 34
450 135
451 120
452 569
453 137
454 491
455 466
456 210
457 474
458 355
459 297
460 69
461 162
462 493
463 339
464 172
465 226
466 434
467 433
468 70
469 21
470 153
471 191
472 84
473 534
474 132
475 88
476 26
477 134
478 268
479 72
480 46
481 159
482 534
483 99
484 479
485 84
486 206
487 38
488 64
489 346
490 74
491 100
492 32
493 48
494 532
495 106
496 116
497 295
498 466
499 180
500 547

<precedence relations>
1,184
1,234
2,320
3,14
3,344
4,13
4,16
4,18
5,15
5,32
5,35
6,20
7,12
7,13
7,22
8,19
9,12
10,33
10,39
11,12
11,17
11,21
12,23
12,24
12,80
13,23
13,24
13,29
13,32
13,80
14,257
15,33
16,23
16,25
16,31
16,63
16,94
17,23
17,24
17,25
18,23
18,106
19,28
20,23
20,26
20,27
20,30
21,23
22,23
22,73
22,106
23,35
23,43
23,54
24,34
24,35
24,38
24,39
24,90
25,40
26,34
26,60
27,34
28,42
29,34
30,34
30,41
31,37
31,105
31,154
31,251
32,34
32,36
33,34
33,90
34,45
34,52
35,228
36,205
36,270
37,135
37,166
38,44
39,44
39,46
39,102
40,50
41,48
42,44
42,47
42,49
42,96
43,51
43,61
43,95
43,114
44,53
44,54
44,57
44,59
44,63
45,55
45,56
45,62
46,54
46,83
46,127
46,191
47,53
47,54
47,151
48,60
49,53
49,61
50,126
50,183
51,53
51,58
52,53
52,176
52,224
53,185
54,499
55,65
55,71
55,72
56,64
56,65
56,66
57,64
58,64
58,65
59,180
59,195
60,64
60,65
60,66
60,68
61,64
61,67
62,64
62,70
62,73
63,69
63,113
63,117
64,74
64,77
65,82
66,74
66,75
66,76
66,83
67,74
67,321
68,80
69,74
69,75
69,76
70,74
70,78
70,129
71,74
71,118
72,218
73,79
73,81
74,226
75,85
75,88
76,314
76,325
76,383
77,84
77,86
77,91
77,92
78,363
78,432
79,87
80,90
81,153
82,84
82,89
82,104
83,84
83,97
84,98
84,165
84,252
85,95
85,100
85,130
86,97
86,101
87,93
87,94
88,93
88,122
89,93
89,96
90,93
91,99
92,110
93,107
93,109
93,110
94,102
95,104
95,109
96,102
96,103
97,169
97,269
98,123
98,286
98,346
99,103
99,108
100,105
100,106
101,107
102,113
102,117
103,115
103,323
105,114
105,153
106,210
107,320
107,326
108,110
108,111
109,112
109,116
109,118
110,119
110,123
110,124
110,159
110,176
111,122
112,121
113,119
114,191
114,241
114,342
116,250
116,269
117,147
118,120
119,126
119,130
119,132
120,125
120,131
120,168
121,128
122,125
123,335
124,127
124,129
124,133
125,134
125,139
125,145
126,140
127,169
127,171
128,134
128,135
128,136
129,134
130,138
130,199
131,134
131,135
132,136
132,137
132,200
133,288
133,376
133,443
134,143
134,146
134,148
134,150
135,142
135,145
136,144
138,151
139,147
139,149
140,141
141,152
142,371
143,211
143,273
144,156
145,153
145,190
146,161
146,167
147,155
147,156
147,157
148,152
148,154
149,159
149,162
149,185
150,152
151,158
151,251
152,160
152,162
152,167
153,165
154,164
154,166
155,161
155,201
155,240
156,209
157,163
158,168
158,218
158,269
159,212
160,169
160,170
160,171
160,184
161,171
161,174
161,181
161,183
161,213
162,170
162,175
162,177
162,181
163,169
163,176
164,169
164,180
165,222
165,234
165,240
166,172
166,178
166,334
166,357
166,403
167,173
167,179
167,182
167,201
168,169
169,188
169,189
170,186
171,239
171,242
172,185
173,191
173,250
173,359
174,477
175,199
176,445
177,187
177,296
178,354
179,190
179,352
180,329
180,425
180,470
181,225
181,239
182,185
182,186
184,192
184,434
185,215
185,255
186,194
186,195
186,196
187,292
188,198
189,197
190,312
190,380
191,193
191,199
192,474
193,236
193,347
194,200
194,203
195,200
197,201
197,204
197,207
197,217
197,264
198,202
198,205
199,206
199,208
199,426
200,209
200,211
200,213
200,218
201,219
202,214
202,215
202,216
202,220
202,222
202,224
203,223
203,317
204,209
205,212
205,217
205,228
205,249
206,210
207,221
207,337
209,258
209,275
210,232
210,257
211,233
211,402
212,226
212,236
212,274
213,225
213,231
213,234
216,228
216,232
216,263
217,225
217,226
217,340
218,225
218,236
218,286
219,388
220,245
220,264
221,225
221,235
221,439
222,227
223,229
223,230
224,240
225,241
225,296
226,284
227,245
227,256
228,239
228,359
229,237
229,242
230,238
230,246
230,285
231,243
231,244
231,246
231,253
232,338
232,423
233,453
233,466
234,237
235,381
235,482
236,240
236,294
236,323
237,247
237,248
238,247
238,253
239,252
240,247
240,331
241,250
241,309
241,346
242,247
242,369
243,280
243,381
245,248
246,249
246,251
247,258
247,283
248,259
249,261
249,264
249,265
250,262
250,395
251,257
251,398
252,254
252,255
252,256
252,260
252,361
253,259
253,263
254,271
254,274
254,277
255,337
256,272
256,276
257,269
257,277
258,290
259,268
259,275
260,267
260,370
261,316
262,273
263,266
263,270
263,281
263,312
265,352
265,379
268,284
268,286
269,294
269,370
269,488
270,298
270,378
271,287
272,281
272,285
273,278
275,489
276,279
276,280
276,323
277,282
277,283
277,443
278,291
278,308
278,436
278,453
279,290
279,295
281,356
281,401
282,319
283,288
283,298
283,350
284,289
284,292
284,297
285,293
285,294
285,485
286,296
286,324
289,306
290,300
290,301
290,308
291,303
291,432
292,304
292,307
292,311
292,352
293,303
293,329
294,402
294,456
294,478
295,305
295,486
296,302
296,354
296,399
297,299
298,424
298,466
299,314
301,309
301,316
301,366
302,315
302,390
302,419
302,473
303,311
305,312
305,313
305,317
305,365
306,310
306,360
306,409
306,471
307,318
309,322
309,325
309,332
310,339
311,319
311,328
313,322
313,329
313,386
314,326
315,485
316,321
316,325
316,391
317,327
317,461
318,320
318,323
318,324
319,335
320,378
320,392
321,330
321,333
321,340
321,357
321,401
323,330
323,355
324,331
324,334
324,349
324,475
325,338
325,498
326,332
326,333
326,336
326,337
326,339
327,374
327,386
329,453
330,341
332,344
332,349
332,352
333,346
334,350
335,343
335,347
336,342
336,348
337,406
338,343
338,345
338,351
338,452
339,417
340,350
341,356
342,361
342,378
342,429
343,357
344,360
344,364
347,353
347,355
347,444
348,359
349,354
349,385
351,358
352,449
352,475
353,366
353,369
354,365
355,362
355,391
356,367
358,362
359,367
359,368
360,363
360,410
360,432
361,364
362,490
364,370
364,371
364,373
364,426
365,448
366,372
367,374
367,375
367,386
369,449
370,376
370,386
371,454
372,378
372,383
372,397
373,377
373,384
373,480
374,382
374,467
375,379
375,380
375,381
375,385
375,407
376,387
376,389
376,425
378,391
378,393
378,394
378,452
378,462
379,396
380,392
381,483
382,390
383,428
384,412
385,387
385,388
386,395
387,449
388,398
388,399
388,400
389,397
389,401
390,426
390,493
391,435
391,479
392,403
392,404
392,423
393,491
394,470
395,402
396,397
396,404
396,485
397,408
397,410
398,412
399,405
400,406
400,411
400,414
401,407
401,418
402,409
403,413
403,432
404,499
406,416
406,417
407,415
407,419
407,423
407,424
408,420
408,422
409,464
410,418
413,421
414,495
416,430
416,438
417,425
417,429
417,434
417,436
417,466
418,427
418,437
419,432
420,428
421,426
421,439
422,487
422,493
423,431
423,433
424,435
425,500
427,440
427,448
428,447
428,495
429,442
429,443
429,473
431,444
431,500
433,441
434,473
435,471
438,445
439,446
439,492
440,454
440,456
441,455
441,494
442,450
442,457
442,482
443,452
444,449
444,458
444,459
445,453
445,476
446,451
447,455
450,460
450,464
450,499
451,461
453,463
455,462
455,463
455,465
455,467
457,492
458,466
458,468
459,499
460,476
461,470
462,471
462,475
464,472
464,474
465,469
468,473
469,484
470,482
470,483
470,488
472,477
472,487
473,478
473,479
473,480
473,481
473,486
476,485
476,492
477,492
478,489
481,491
482,490
482,499
483,496
486,495
487,497
487,498
488,490
488,493
488,494
488,500

<end>
