<number of tasks>
500

<cycle time>
1000

<order strength>
0.198


<task times>
1 168
2 111
3 65
4 119
5 295
6 41
7 274
8 514
9 82
10 186
11 219
12 31
13 101
14 95
15 63
16 45
17 186
18 410
19 74
20 283
21 500
22 224
23 198
24 234
25 70
26 32
27 324
28 201
29 150
30 466
31 96
32 122
33 196
34 114
35 206
36 574
37 256
38 37
39 203
40 145
41 130
42 137
43 363
44 149
45 102
46 100
47 109
48 99
49 509
50 32
51 25
52 416
53 271
54 144
55 23
56 40
57 147
58 207
59 502
60 214
61 194
62 91
63 23
64 235
65 70
66 239
67 82
68 25
69 128
70 517
71 482
72 231
73 328
74 94
75 371
76 42
77 174
78 71
79 360
80 202
81 97
82 229
83 477
84 515
85 220
86 404
87 298
88 147
89 230
90 214
91 275
92 196
93 180
94 556
95 347
96 459
97 122
98 331
99 224
100 132
101 291
102 492
103 146
104 189
105 466
106 269
107 140
108 108
109 93
110 62
111 175
112 178
113 461
114 165
115 510
116 286
117 167
118 522
119 160
120 86
121 33
122 151
123 462
124 507
125 161
126 152
127 167
128 113
129 98
130 31
131 57
132 486
133 148
134 317
135 325
136 482
137 140
138 313
139 442
140 147
141 144
142 60
143 184
144 262
145 23
146 353
147 350
148 522
149 282
150 88
151 199
152 510
153 510
154 211
155 174
156 461
157 48
158 127
159 134
160 210
161 171
162 643
163 186
164 446
165 74
166 233
167 170
168 53
169 500
170 120
171 502
172 266
173 42
174 344
175 277
176 441
177 378
178 211
179 133
180 64
181 267
182 55
183 189
184 102
185 339
186 254
187 282
188 198
189 293
190 35
191 535
192 73
193 450
194 33
195 220
196 99
197 570
198 448
199 48
200 60
201 284
202 319
203 116
204 440
205 220
206 30
207 72
208 45
209 64
210 225
211 209
212 85
213 119
214 96
215 214
216 302
217 221
218 183
219 72
220 51
221 223
222 196
223 182
224 172
225 222
226 259
227 191
228 180
229 126
230 515
231 36
232 471
233 112
234 203
235 329
236 229
237 171
238 497
239 277
240 71
241 131
242 242
243 467
244 38
245 217
246 539
247 25
248 262
249 241
250 324
251 175
252 68
253 231
254 62
255 258
256 196
257 584
258 494
259 30
260 110
261 365
262 167
263 61
264 145
265 122
266 114
267 534
268 158
269 125
270 148
271 335
272 112
273 116
274 460
275 91
276 76
277 178
278 234
279 98
280 105
281 152
282 223
283 258
284 238
285 87
286 33
287 186
288 422
289 75
290 65
291 30
292 247
293 454
294 488
295 279
296 184
297 344
298 230
299 287
300 147
301 37
302 246
303 563
304 105
305 180
306 146
307 487
308 167
309 366
310 254
311 178
312 409
313 37
314 298
315 53
316 60
317 265
318 145
319 200
320 234
321 216
322 47
323 65
324 591
325 453
326 99
327 136
328 139
329 265
330 110
331 50
332 280
333 299
334 532
335 129
336 544
337 110
338 45
339 204
340 354
341 499
342 151
343 448
344 165
345 285
346 561
347 179
348 186
349 26
350 412
351 479
352 184
353 29
354 296
355 276
356 95
357 50
358 441
359 180
360 149
361 186
362 97
363 119
364 527
365 72
366 521
367 204
368 360
369 452
370 155
371 158
372 170
373 204
374 43
375 136
376 37
377 513
378 505
379 252
380 128
381 50
382 301
383 422
384 21
385 476
386 509
387 132
388 144
389 283
390 488
391 468
392 222
393 122
394 158
395 54
396 101
397 20
398 26
399 208
400 227
401 145
402 76
403 255
404 173
405 97
406 115
407 502
408 53
409 223
410 108
411 158
412 307
413 156
414 497
415 46
416 204
417 346
418 197
419 38
420 469
421 78
422 61
423 247
424 100
425 206
426 125
427 35
428 319
429 198
430 130
431 122
432 66
433 305
434 146
435 577
436 506
437 68
438 94
439 210
440 233
441 544
442 336
443 129
444 459
445 233
446 163
447 188
448 319
449 476
450 45
451 126
452 335
453 112
454 123
455 29
456 210
457 57
458 145
459 150
460 329
461 139
462 495
463 170
464 276
465 41
466 164
467 120
468 217
469 172
470 557
471 129
472 55
473 263
474 383
475 31
476 134
477 140
478 488
479 266
480 194
481 239
482 150
483 107
484 138
485 229
486 112
487 526
488 57
489 102
490 125
491 186
492 239
493 258
494 225
495 491
496 303
497 237
498 95
499 100
500 50

<precedence relations>
1,27
1,284
2,64
3,32
3,278
4,23
5,21
5,22
5,29
5,248
7,20
7,26
8,28
8,30
9,18
9,34
9,170
11,18
11,223
12,90
13,18
13,25
13,27
14,24
14,33
14,199
15,19
15,204
16,31
16,35
17,248
17,491
20,39
22,37
23,40
23,43
23,309
26,38
26,42
28,36
30,69
31,41
32,44
34,218
36,46
37,48
37,49
38,53
38,54
38,57
39,52
41,45
41,51
41,55
41,206
42,47
42,50
42,183
44,56
44,412
45,69
45,71
45,72
45,75
46,58
46,70
47,58
47,73
48,59
48,451
49,67
50,125
52,65
52,66
53,74
53,133
55,62
55,68
56,60
56,61
56,63
56,64
56,73
60,454
62,80
62,141
65,85
65,87
66,76
67,81
67,86
67,89
67,393
68,184
69,78
70,76
70,77
71,79
71,82
71,84
72,88
73,432
74,83
76,90
76,92
76,93
76,101
77,96
77,201
78,91
78,97
78,98
79,94
80,95
81,99
81,247
82,103
84,387
86,94
88,102
88,122
88,281
89,100
90,115
90,116
92,107
93,108
94,104
95,106
95,246
96,111
96,117
97,109
97,154
98,110
100,372
101,105
102,112
102,479
103,113
103,114
106,125
106,130
107,221
108,119
108,123
108,124
109,128
109,294
110,208
110,392
111,122
111,129
112,127
113,118
113,120
113,126
115,131
117,121
119,132
119,134
121,135
121,138
123,141
124,140
124,142
124,143
128,136
128,139
129,417
130,133
130,137
131,144
132,147
132,148
133,150
133,152
133,161
135,155
135,382
136,156
136,289
137,151
138,218
139,153
139,158
139,229
140,145
142,146
142,160
143,149
144,154
144,157
144,159
144,250
146,379
147,168
147,289
148,172
149,305
150,167
150,330
151,167
153,162
153,323
154,165
156,163
156,166
157,164
157,169
158,171
159,170
159,173
160,174
162,188
163,182
164,272
165,183
165,191
166,178
166,189
166,192
167,177
168,190
169,179
169,181
169,185
169,187
170,180
171,176
173,184
174,175
174,186
175,198
177,200
178,193
179,206
179,254
181,196
182,452
182,457
183,201
184,344
186,263
187,195
187,203
187,204
188,193
188,205
189,194
190,197
190,202
192,199
193,213
193,217
194,482
197,207
197,218
198,211
200,208
200,220
200,285
201,210
201,214
201,219
203,209
203,216
204,317
204,444
205,212
206,215
206,221
206,327
207,326
209,225
209,229
209,286
211,223
211,227
211,228
211,241
212,231
212,385
214,226
214,234
217,230
217,232
218,222
218,235
219,222
219,233
220,419
221,224
222,241
223,249
224,238
226,372
227,243
227,246
227,252
227,296
228,247
229,240
229,253
230,242
231,236
231,237
231,239
231,248
231,250
231,396
232,237
233,244
233,245
235,251
235,310
236,319
237,265
238,255
238,262
241,260
241,395
242,254
242,261
242,264
245,259
246,254
246,257
247,413
250,256
250,263
251,258
252,481
253,413
254,268
254,273
254,283
255,267
255,275
255,277
256,271
256,276
259,273
259,274
259,278
261,270
261,300
262,266
262,269
262,279
263,469
264,269
264,272
265,370
267,280
267,287
267,290
267,291
268,295
268,401
269,282
269,288
270,281
270,414
271,285
271,289
271,421
272,418
272,492
273,288
273,292
273,293
274,283
274,459
277,294
279,284
279,286
279,349
281,325
282,297
282,301
282,347
283,300
283,312
284,305
284,308
285,302
285,425
286,494
287,306
288,299
288,303
288,311
289,296
289,309
289,310
291,337
293,298
293,307
294,304
298,322
299,314
299,316
299,317
299,320
300,318
301,313
302,324
303,321
306,323
307,400
311,390
312,315
312,319
314,332
314,334
315,327
315,340
316,329
316,342
318,328
319,341
319,423
320,325
320,337
320,338
321,331
321,339
322,330
322,335
322,336
322,339
324,326
324,333
326,347
326,418
328,346
329,344
331,345
331,491
333,402
334,350
334,352
335,353
335,418
336,349
336,351
336,378
337,343
338,347
340,348
342,354
344,364
345,365
346,356
346,362
347,368
348,366
348,369
349,360
349,361
349,367
352,358
352,359
352,363
353,355
354,357
355,383
356,385
357,371
357,373
357,378
357,381
357,435
358,370
358,377
358,462
359,376
360,379
361,376
363,380
363,384
364,375
365,382
366,386
368,374
369,372
370,388
371,395
372,396
374,391
374,399
375,392
376,390
376,393
377,389
379,394
381,398
382,387
383,397
387,407
387,409
390,404
390,411
392,400
392,408
392,410
394,402
395,406
396,473
397,401
397,403
398,405
399,412
399,413
401,421
401,423
402,415
404,424
404,425
405,414
406,427
407,417
408,416
409,419
409,473
410,418
410,420
413,422
413,426
415,434
415,471
416,438
419,432
419,433
419,435
422,430
422,484
424,428
424,436
426,429
426,431
426,437
426,473
429,439
429,440
429,441
429,443
429,451
429,452
430,465
431,453
433,442
433,450
433,455
434,448
436,445
436,446
436,447
436,449
436,454
437,459
438,444
439,462
439,463
439,464
440,459
441,457
443,461
443,470
443,483
447,467
448,468
448,469
452,466
453,460
453,465
453,491
455,456
455,458
459,471
461,472
461,475
461,476
461,478
461,479
462,477
463,483
466,474
466,480
467,481
467,482
469,473
471,484
471,488
471,490
471,491
472,486
474,496
475,497
476,485
476,489
478,495
478,500
479,498
480,499
482,487
483,492
483,493
483,494

<end>
