<number of tasks>
500

<cycle time>
1000

<order strength>
0.197


<task times>
1 329
2 278
3 179
4 233
5 124
6 72
7 107
8 86
9 196
10 477
11 344
12 193
13 531
14 452
15 125
16 23
17 155
18 163
19 137
20 51
21 480
22 231
23 27
24 94
25 516
26 221
27 45
28 81
29 82
30 78
31 101
32 98
33 516
34 261
35 173
36 23
37 35
38 21
39 187
40 173
41 103
42 128
43 131
44 356
45 185
46 199
47 489
48 70
49 432
50 334
51 39
52 41
53 154
54 234
55 202
56 58
57 250
58 58
59 143
60 189
61 514
62 54
63 570
64 520
65 207
66 240
67 98
68 77
69 68
70 311
71 398
72 56
73 447
74 169
75 36
76 184
77 248
78 194
79 564
80 93
81 244
82 456
83 497
84 178
85 89
86 482
87 131
88 71
89 288
90 464
91 215
92 519
93 28
94 98
95 99
96 141
97 97
98 72
99 122
100 131
101 98
102 166
103 197
104 212
105 148
106 324
107 150
108 129
109 88
110 33
111 268
112 128
113 542
114 165
115 138
116 268
117 25
118 91
119 211
120 32
121 42
122 72
123 28
124 57
125 78
126 169
127 231
128 489
129 238
130 153
131 219
132 69
133 315
134 85
135 83
136 171
137 397
138 132
139 327
140 232
141 191
142 102
143 126
144 162
145 39
146 245
147 82
148 197
149 184
150 199
151 218
152 55
153 239
154 201
155 559
156 68
157 76
158 547
159 123
160 129
161 426
162 318
163 435
164 494
165 42
166 392
167 105
168 87
169 554
170 524
171 185
172 200
173 155
174 541
175 353
176 174
177 368
178 447
179 516
180 259
181 106
182 165
183 291
184 302
185 48
186 163
187 517
188 182
189 187
190 30
191 526
192 56
193 43
194 140
195 202
196 175
197 125
198 229
199 131
200 393
201 158
202 265
203 588
204 590
205 183
206 194
207 154
208 54
209 173
210 142
211 150
212 199
213 132
214 235
215 126
216 164
217 209
218 204
219 134
220 65
221 464
222 221
223 130
224 125
225 428
226 123
227 40
228 21
229 34
230 90
231 462
232 187
233 24
234 134
235 242
236 69
237 58
238 40
239 187
240 511
241 31
242 63
243 484
244 113
245 434
246 368
247 501
248 79
249 224
250 142
251 125
252 296
253 158
254 133
255 182
256 124
257 273
258 228
259 227
260 337
261 126
262 187
263 224
264 332
265 46
266 28
267 317
268 207
269 450
270 195
271 51
272 494
273 83
274 100
275 152
276 49
277 541
278 472
279 583
280 46
281 229
282 169
283 310
284 153
285 197
286 31
287 145
288 65
289 447
290 297
291 480
292 211
293 248
294 237
295 77
296 161
297 80
298 86
299 338
300 334
301 248
302 370
303 169
304 60
305 30
306 376
307 82
308 153
309 50
310 180
311 192
312 237
313 192
314 115
315 486
316 152
317 69
318 121
319 307
320 457
321 125
322 235
323 416
324 164
325 169
326 224
327 471
328 189
329 323
330 94
331 253
332 56
333 142
334 240
335 103
336 41
337 390
338 35
339 126
340 238
341 91
342 261
343 76
344 67
345 80
346 171
347 500
348 306
349 265
350 350
351 181
352 151
353 115
354 253
355 87
356 93
357 123
358 539
359 135
360 176
361 168
362 289
363 174
364 274
365 395
366 446
367 47
368 338
369 324
370 448
371 196
372 564
373 308
374 540
375 142
376 177
377 305
378 188
379 118
380 49
381 383
382 236
383 261
384 178
385 325
386 166
387 105
388 103
389 145
390 183
391 105
392 243
393 479
394 159
395 462
396 117
397 161
398 318
399 261
400 319
401 514
402 132
403 125
404 275
405 61
406 250
407 131
408 332
409 96
410 24
411 165
412 488
413 238
414 387
415 116
416 33
417 448
418 31
419 136
420 202
421 157
422 74
423 169
424 81
425 368
426 298
427 359
428 33
429 96
430 80
431 81
432 572
433 72
434 33
435 254
436 50
437 165
438 55
439 57
440 503
441 191
442 211
443 319
444 80
445 263
446 557
447 86
448 156
449 367
450 505
451 25
452 452
453 138
454 105
455 196
456 516
457 200
458 99
459 408
460 399
461 477
462 539
463 132
464 281
465 40
466 104
467 245
468 474
469 134
470 406
471 316
472 312
473 96
474 206
475 198
476 163
477 125
478 339
479 541
480 374
481 44
482 44
483 191
484 322
485 252
486 89
487 84
488 96
489 113
490 138
491 102
492 221
493 208
494 120
495 146
496 21
497 138
498 623
499 254
500 188

<precedence relations>
1,20
2,21
3,23
4,17
4,22
4,87
5,18
5,26
5,97
6,19
6,131
7,203
7,249
8,24
8,104
9,404
9,435
10,27
10,97
10,123
10,330
11,24
11,25
11,73
11,123
11,330
12,25
13,499
14,28
14,139
14,251
16,56
16,336
16,350
17,29
18,30
19,32
20,31
21,33
22,36
23,37
24,34
24,39
24,139
24,283
25,35
25,400
26,41
27,40
27,98
27,157
28,38
28,42
28,43
28,44
28,45
28,46
28,180
28,331
29,57
30,47
31,48
32,49
33,50
34,51
35,53
36,54
37,55
38,52
39,59
39,247
39,267
39,370
39,498
40,86
41,56
41,60
42,370
43,61
43,176
44,128
44,152
45,339
46,58
46,231
46,233
46,249
47,66
48,68
49,63
50,69
51,68
52,64
53,65
54,67
55,72
56,62
56,70
56,138
57,165
58,73
58,75
58,76
59,71
60,74
60,421
61,70
61,77
61,152
62,78
63,79
64,81
65,85
66,82
67,84
68,234
69,87
69,443
69,445
70,80
70,88
70,179
70,217
71,83
72,86
72,91
72,132
73,198
74,165
75,394
76,90
76,232
76,303
77,88
77,89
77,400
78,94
79,92
80,93
81,96
82,98
83,95
84,97
85,100
85,102
85,139
85,143
85,151
86,102
87,177
87,409
88,461
88,496
89,104
89,138
90,101
90,103
91,99
92,106
93,105
94,109
95,107
96,110
97,108
97,111
97,113
97,127
97,164
97,400
98,114
98,115
98,116
98,117
99,153
99,164
99,250
100,112
100,113
101,332
102,112
103,262
103,335
104,300
104,397
104,463
104,489
105,118
106,123
107,119
108,120
109,124
110,122
111,121
112,131
113,125
113,126
113,132
114,130
114,197
114,318
114,473
115,128
115,321
115,420
116,125
116,127
116,129
118,134
119,135
120,133
121,139
122,137
123,143
124,142
125,136
125,178
126,140
126,144
126,156
127,436
128,340
129,141
130,236
131,237
132,138
133,146
134,147
135,148
136,150
137,152
138,145
138,157
138,436
139,233
139,339
139,371
139,390
139,393
139,409
140,149
141,151
141,155
141,156
141,182
142,153
142,154
142,420
142,461
142,486
144,340
145,158
146,160
147,161
148,162
149,163
150,166
151,159
151,267
152,284
155,164
155,167
156,165
157,255
158,177
159,170
160,171
161,172
162,174
163,168
164,169
164,178
164,301
165,173
165,175
165,185
166,179
166,181
166,182
166,183
166,184
167,176
167,180
168,188
169,189
170,190
171,196
172,192
173,193
174,194
175,186
175,198
175,323
176,187
176,201
177,417
177,485
177,488
178,191
178,195
179,200
179,268
179,391
180,202
180,318
181,203
182,197
182,199
182,232
182,340
184,369
185,204
185,300
186,205
187,206
188,207
189,208
190,217
191,211
192,213
193,215
194,216
195,209
195,210
195,212
195,220
196,267
196,371
197,214
197,397
198,285
198,307
200,218
201,219
202,350
202,458
203,219
204,333
205,222
206,230
207,221
208,227
209,223
210,224
211,225
212,226
213,228
214,229
215,233
216,230
217,238
217,303
218,236
218,237
219,231
219,232
219,236
219,239
219,495
220,234
220,235
220,266
221,248
222,242
223,243
224,244
225,251
226,247
227,245
228,252
229,246
230,352
230,449
231,240
231,250
231,255
232,241
232,253
232,254
233,306
234,322
235,248
235,249
236,287
236,445
236,499
237,280
239,281
240,257
241,259
242,258
243,262
244,263
245,262
246,262
247,256
248,265
249,260
249,267
250,261
250,266
250,268
250,269
250,318
250,371
250,390
251,396
252,264
254,270
254,305
256,271
257,275
258,272
259,281
260,273
261,274
262,278
262,284
262,418
263,282
263,285
263,287
264,276
265,277
266,279
267,286
268,280
268,420
269,434
269,462
270,283
271,299
272,289
273,291
274,301
275,292
276,294
277,295
278,297
279,288
279,293
279,298
279,476
280,290
280,305
280,332
281,306
281,322
282,296
283,432
284,307
284,308
284,396
285,300
286,303
286,305
286,406
287,302
287,304
287,500
288,310
289,318
290,311
291,312
292,315
293,313
294,314
295,318
296,316
297,319
298,317
300,309
300,445
301,322
301,497
304,321
306,323
306,417
308,320
308,486
309,324
310,325
311,326
312,327
313,328
314,330
315,329
316,331
317,332
318,474
319,339
320,336
320,450
321,335
321,340
321,462
322,333
322,337
323,334
323,338
323,418
324,342
325,341
326,343
327,344
328,345
329,347
330,346
330,348
332,351
332,352
332,353
332,381
333,350
334,395
336,402
337,354
337,382
338,475
340,349
341,356
342,355
343,363
344,357
345,358
346,360
347,361
348,362
349,359
349,370
349,371
350,366
350,367
351,368
352,364
352,408
353,369
353,392
354,365
355,372
356,373
357,374
358,375
359,378
360,377
361,379
362,380
364,376
365,381
366,382
370,381
370,383
370,432
372,384
373,389
374,390
375,391
376,385
377,386
378,389
379,387
380,388
381,392
381,393
381,397
381,494
382,394
382,395
382,396
384,398
385,401
386,402
387,403
388,400
389,407
392,399
392,405
392,450
393,408
394,404
394,409
395,432
396,406
398,413
399,416
400,410
400,411
400,412
400,414
400,415
401,494
402,420
402,421
403,418
403,419
404,417
407,434
409,461
410,422
411,423
412,426
413,424
414,427
415,429
416,430
417,425
417,432
417,434
418,428
418,432
418,464
419,431
421,433
421,435
421,436
422,438
423,443
424,437
425,439
426,445
427,440
428,441
429,446
430,447
431,442
434,448
434,450
436,444
436,449
437,458
438,452
439,453
440,454
441,456
442,455
443,457
443,464
443,485
444,451
445,461
445,462
448,460
449,459
450,463
451,466
452,465
453,473
454,467
455,468
456,470
457,472
458,469
458,471
458,475
463,474
463,477
464,476
465,478
466,479
467,484
468,481
469,480
470,484
471,482
472,483
473,486
475,485
475,488
475,490
476,487
476,489
478,491
479,494
480,495
481,492
482,493
483,494
484,497
485,498
488,499
488,500
490,496

<end>
