<number of tasks>
500

<cycle time>
1000

<order strength>
0.895


<task times>
1 719
2 697
3 542
4 506
5 447
6 602
7 248
8 608
9 577
10 357
11 451
12 272
13 360
14 460
15 592
16 672
17 383
18 626
19 435
20 317
21 310
22 428
23 485
24 534
25 559
26 679
27 544
28 740
29 561
30 381
31 443
32 640
33 479
34 262
35 683
36 375
37 445
38 597
39 450
40 528
41 341
42 561
43 569
44 564
45 527
46 616
47 393
48 504
49 563
50 421
51 586
52 389
53 545
54 628
55 434
56 374
57 515
58 503
59 537
60 513
61 356
62 543
63 548
64 486
65 549
66 314
67 432
68 297
69 367
70 708
71 358
72 408
73 610
74 456
75 265
76 369
77 559
78 449
79 506
80 415
81 439
82 531
83 731
84 349
85 419
86 527
87 675
88 219
89 481
90 580
91 472
92 445
93 420
94 655
95 389
96 368
97 613
98 320
99 529
100 494
101 480
102 574
103 521
104 603
105 474
106 447
107 633
108 270
109 650
110 341
111 644
112 683
113 671
114 474
115 541
116 286
117 537
118 425
119 471
120 515
121 475
122 353
123 442
124 611
125 426
126 421
127 423
128 578
129 214
130 337
131 403
132 537
133 394
134 542
135 632
136 478
137 370
138 476
139 379
140 684
141 671
142 544
143 490
144 585
145 321
146 447
147 766
148 360
149 465
150 692
151 446
152 429
153 545
154 352
155 428
156 240
157 623
158 571
159 380
160 503
161 727
162 603
163 629
164 345
165 533
166 454
167 725
168 425
169 239
170 618
171 712
172 467
173 344
174 616
175 267
176 320
177 537
178 579
179 358
180 438
181 374
182 534
183 582
184 654
185 422
186 631
187 264
188 532
189 498
190 458
191 457
192 489
193 520
194 243
195 286
196 652
197 461
198 538
199 418
200 562
201 480
202 605
203 467
204 660
205 462
206 529
207 508
208 478
209 451
210 599
211 242
212 541
213 220
214 308
215 552
216 594
217 569
218 431
219 451
220 364
221 609
222 730
223 619
224 427
225 346
226 620
227 660
228 686
229 596
230 526
231 489
232 544
233 470
234 479
235 759
236 673
237 729
238 685
239 570
240 579
241 317
242 588
243 649
244 750
245 446
246 567
247 263
248 458
249 490
250 615
251 342
252 474
253 626
254 657
255 689
256 585
257 315
258 404
259 633
260 484
261 574
262 402
263 772
264 593
265 393
266 547
267 472
268 703
269 297
270 444
271 473
272 562
273 383
274 405
275 447
276 435
277 400
278 484
279 483
280 453
281 366
282 714
283 462
284 610
285 771
286 264
287 512
288 467
289 578
290 529
291 497
292 669
293 592
294 622
295 464
296 483
297 579
298 238
299 499
300 385
301 472
302 609
303 662
304 288
305 564
306 527
307 537
308 669
309 429
310 414
311 439
312 229
313 601
314 411
315 508
316 419
317 476
318 320
319 502
320 392
321 499
322 382
323 259
324 491
325 382
326 274
327 353
328 600
329 598
330 552
331 597
332 597
333 490
334 443
335 400
336 435
337 596
338 642
339 639
340 427
341 492
342 605
343 583
344 489
345 538
346 293
347 400
348 521
349 419
350 524
351 472
352 416
353 388
354 598
355 452
356 556
357 405
358 537
359 365
360 251
361 566
362 315
363 331
364 353
365 602
366 651
367 751
368 447
369 539
370 411
371 539
372 367
373 580
374 244
375 429
376 510
377 495
378 477
379 526
380 554
381 423
382 391
383 581
384 320
385 485
386 700
387 498
388 361
389 486
390 336
391 459
392 473
393 522
394 516
395 494
396 518
397 467
398 420
399 373
400 764
401 201
402 467
403 376
404 508
405 666
406 447
407 509
408 547
409 529
410 453
411 602
412 307
413 505
414 359
415 405
416 476
417 579
418 554
419 462
420 390
421 659
422 345
423 630
424 301
425 676
426 476
427 501
428 681
429 451
430 536
431 458
432 542
433 889
434 487
435 319
436 487
437 655
438 622
439 456
440 363
441 481
442 432
443 351
444 551
445 703
446 433
447 902
448 494
449 337
450 536
451 804
452 743
453 510
454 406
455 443
456 590
457 737
458 368
459 545
460 834
461 494
462 490
463 765
464 396
465 640
466 457
467 295
468 428
469 430
470 547
471 441
472 400
473 444
474 398
475 449
476 525
477 491
478 434
479 700
480 387
481 360
482 419
483 727
484 573
485 490
486 435
487 404
488 382
489 497
490 379
491 529
492 689
493 287
494 577
495 288
496 525
497 633
498 476
499 645
500 713

<precedence relations>
1,11
2,8
2,9
2,12
2,22
3,8
3,14
4,8
4,9
4,10
4,13
5,15
6,8
6,10
7,8
7,9
7,10
7,11
8,16
9,16
9,17
9,18
10,16
10,17
10,22
11,16
11,17
12,16
12,20
13,16
13,17
13,18
13,19
13,20
14,56
15,16
15,17
15,18
15,19
15,20
15,21
15,22
16,23
16,24
16,25
16,26
16,27
16,28
16,29
17,23
17,24
18,23
18,24
18,25
18,26
18,27
18,28
18,29
19,284
20,23
20,26
21,23
21,25
21,28
21,29
22,23
22,42
22,51
23,57
23,60
23,61
23,62
24,30
24,31
24,32
24,33
24,34
25,30
25,31
25,32
25,33
25,34
26,30
26,31
26,32
26,34
27,30
27,32
28,30
28,31
28,32
28,33
29,31
30,35
30,36
31,35
31,36
32,35
32,36
32,37
33,35
33,37
33,38
34,39
35,40
35,41
35,42
35,45
36,40
36,41
36,42
36,43
36,44
36,45
37,40
37,41
37,42
37,43
37,44
37,45
38,40
38,41
38,42
38,43
38,44
38,45
39,40
40,46
40,47
40,48
40,49
40,50
40,51
41,46
41,48
42,46
42,54
43,46
43,47
43,48
43,49
43,50
43,51
44,159
45,46
45,47
45,48
45,50
45,51
46,52
46,53
46,55
46,56
47,52
47,53
47,54
47,55
47,56
48,54
49,52
50,52
50,53
50,54
50,55
51,52
51,53
51,55
51,56
52,57
52,58
52,59
53,57
53,58
53,59
53,60
53,62
54,57
54,59
54,60
54,61
54,62
55,59
55,67
56,57
56,58
56,59
56,60
56,61
56,62
57,63
57,64
57,65
57,66
57,67
58,63
58,64
58,65
58,66
58,67
59,63
59,64
59,65
59,66
60,63
60,64
60,65
60,66
60,67
61,63
61,64
61,65
61,66
61,67
62,63
62,64
62,65
62,66
62,67
63,68
63,69
64,68
64,69
65,68
65,69
66,68
66,69
67,68
67,69
68,70
68,71
68,72
68,73
68,74
68,75
69,70
69,71
69,72
69,73
69,74
69,75
70,76
70,77
70,78
70,79
71,76
71,77
71,78
71,79
72,76
72,77
72,78
72,79
73,76
73,77
73,78
73,79
74,76
74,77
74,78
74,79
75,76
75,77
75,78
75,79
76,80
76,81
76,82
76,83
76,84
76,85
76,86
76,87
77,80
77,81
77,82
77,83
77,84
77,85
77,86
77,87
78,80
78,81
78,92
79,80
79,82
79,83
79,84
79,85
79,86
79,87
80,88
80,89
80,90
80,91
81,88
81,91
82,273
82,293
83,89
83,94
84,88
84,89
84,90
84,91
84,92
85,88
85,89
85,90
85,91
85,92
86,88
86,89
86,90
86,91
86,92
87,88
87,89
87,90
88,93
88,94
89,95
89,96
90,93
90,94
90,95
90,96
91,93
91,94
91,95
91,96
92,95
92,105
93,97
93,98
93,105
93,106
93,107
94,97
94,98
94,99
94,100
95,97
96,97
96,98
96,99
96,100
97,101
97,102
97,103
98,101
98,108
99,101
99,102
99,105
99,106
99,107
99,108
100,101
100,102
100,103
100,104
100,105
100,106
100,107
100,108
101,128
101,129
101,130
101,131
102,109
102,110
102,111
102,112
103,109
103,110
103,111
103,112
104,109
104,111
104,112
105,109
105,110
105,111
105,112
106,109
106,110
106,112
107,109
107,110
107,111
108,110
108,121
108,123
109,113
109,114
109,115
109,116
109,117
109,118
110,113
110,115
111,113
111,114
111,115
111,116
111,117
111,118
112,113
112,118
112,122
113,119
113,120
113,124
113,125
114,119
114,120
114,121
114,122
114,123
114,124
114,125
115,119
115,122
115,124
115,125
116,119
116,120
116,125
117,119
117,125
118,119
118,120
118,123
118,124
118,125
119,126
119,127
119,128
119,129
119,130
119,131
120,126
120,127
120,128
120,129
120,130
120,131
121,126
121,170
121,171
121,188
122,126
122,127
122,128
122,129
122,130
123,126
123,127
124,126
124,127
124,130
124,149
125,126
125,131
126,172
127,132
127,133
127,151
128,132
128,133
128,144
128,145
129,132
129,133
129,134
129,135
130,132
130,133
131,132
131,133
131,134
131,135
132,136
133,136
133,137
134,136
134,137
134,138
134,142
135,136
135,137
135,138
135,139
135,140
135,141
135,142
136,143
136,146
137,143
137,159
138,143
138,144
138,145
138,154
139,143
139,144
139,145
140,145
140,146
141,145
141,161
142,143
142,144
143,147
143,148
143,158
143,160
143,161
144,147
144,148
144,149
144,150
145,147
145,148
145,151
146,147
146,148
146,150
146,152
146,153
146,154
147,155
148,155
148,156
148,157
149,155
149,156
149,161
150,155
150,156
150,157
150,158
150,159
150,161
151,155
151,160
152,155
152,159
152,160
153,155
153,156
153,157
154,157
155,162
155,163
155,166
156,209
157,162
157,163
157,164
157,165
157,166
158,162
158,163
158,164
158,165
158,166
159,162
159,163
159,164
159,181
160,163
160,164
161,162
161,163
161,185
162,167
162,171
163,167
163,168
163,189
164,167
164,168
164,184
164,189
165,167
165,168
165,170
165,176
165,184
166,167
166,168
166,169
166,170
166,171
167,174
168,173
169,172
169,173
169,174
169,175
169,176
169,177
170,172
171,241
172,178
172,203
173,178
173,179
173,183
174,178
174,180
174,203
175,178
175,182
175,184
176,178
176,179
176,180
176,181
176,182
176,185
177,181
178,186
178,187
179,187
179,188
180,186
180,190
180,191
181,189
181,209
182,246
182,258
183,269
183,292
184,191
184,199
184,203
185,186
185,187
186,192
186,195
187,198
188,194
189,229
190,241
191,192
191,193
192,196
192,198
192,209
193,236
193,245
194,196
194,197
194,200
195,199
196,201
196,205
197,201
197,202
197,203
197,204
198,201
198,202
199,204
200,201
200,202
200,203
200,204
201,210
202,206
202,211
202,214
203,206
203,207
203,208
203,209
203,210
203,211
204,206
204,207
204,208
204,209
204,210
204,211
205,206
205,207
206,215
206,216
207,212
207,213
207,214
207,215
208,313
209,212
209,213
209,214
210,212
210,213
211,212
211,220
212,217
212,218
212,219
212,221
213,221
214,217
214,218
214,219
214,220
214,221
215,289
215,414
216,217
216,219
216,220
216,221
217,222
217,223
217,224
217,225
218,222
218,223
218,224
218,225
219,225
219,240
219,242
220,222
220,223
220,224
220,225
221,222
221,223
222,226
222,228
223,226
223,227
223,228
223,229
224,226
224,227
224,229
225,227
226,249
226,273
227,232
227,235
228,230
228,231
228,232
228,233
228,234
228,235
229,230
229,233
230,242
230,245
231,236
231,237
231,239
231,257
232,236
232,237
232,238
232,241
233,236
233,237
233,238
234,240
234,278
234,279
235,236
235,238
236,246
236,249
237,266
238,243
238,244
238,245
238,248
238,255
238,258
239,243
239,244
239,273
240,245
241,243
241,247
241,264
242,243
242,244
243,250
243,251
243,252
243,277
244,253
244,254
244,256
244,275
244,282
245,250
245,251
245,282
245,283
246,250
246,251
246,252
246,255
246,256
247,273
248,250
248,251
248,257
249,250
249,251
249,252
249,258
250,304
251,274
252,414
252,436
253,465
253,482
254,276
254,327
254,361
254,364
255,259
255,260
256,291
256,302
257,259
257,260
258,259
259,261
259,262
259,263
259,265
259,267
260,264
260,266
261,296
262,331
263,271
264,268
264,269
264,270
264,271
264,273
264,277
265,268
265,272
266,282
267,268
267,269
267,310
268,278
268,291
269,300
269,325
270,274
270,275
271,274
271,275
271,276
272,274
272,275
272,277
273,325
273,329
274,280
274,281
274,303
275,317
275,323
275,333
276,373
277,279
277,282
278,341
279,283
279,284
280,333
281,284
281,285
282,286
283,288
284,292
284,297
285,290
285,291
286,287
286,288
286,289
286,290
286,292
287,293
287,297
288,293
288,294
288,295
288,298
289,397
290,351
291,296
291,304
292,293
292,294
292,301
293,299
293,300
293,304
293,306
294,425
295,301
295,303
296,299
296,305
297,302
298,299
299,307
299,308
300,308
301,459
302,310
303,307
303,308
304,307
304,309
304,312
305,467
305,490
306,316
306,321
307,311
307,314
307,316
307,333
308,311
308,312
308,313
309,313
309,315
310,311
311,317
311,318
312,318
313,319
314,332
314,475
315,320
315,323
316,317
317,324
317,326
318,417
318,428
319,321
319,323
319,327
320,322
320,325
320,334
321,328
321,329
321,331
321,333
321,337
322,328
322,332
323,350
323,392
324,337
324,348
325,330
325,336
326,328
326,330
326,334
327,329
327,353
327,368
327,369
328,358
328,389
328,393
328,394
329,392
330,335
330,337
331,335
331,339
332,476
333,388
334,335
334,336
335,338
335,340
336,376
336,401
337,338
337,339
337,351
337,357
338,341
338,342
338,346
338,347
338,358
339,394
340,343
340,344
340,345
341,350
341,352
341,379
342,349
342,415
343,406
344,348
344,351
345,420
345,449
346,471
346,479
347,399
348,357
348,358
349,354
349,359
350,353
350,355
350,360
351,373
352,356
352,394
352,403
353,428
353,440
354,365
355,361
355,364
355,388
355,403
356,363
356,387
357,362
357,363
358,368
359,413
359,452
360,493
361,395
361,425
362,369
363,367
363,368
363,390
364,366
364,398
365,367
365,404
367,374
367,418
367,441
368,370
368,372
368,375
368,444
369,371
369,373
371,415
371,421
372,377
372,414
373,376
373,379
373,380
373,381
374,414
374,460
375,378
376,382
377,400
378,386
378,423
379,382
379,383
379,384
380,385
380,394
380,403
381,384
381,387
382,389
382,391
383,495
384,421
384,431
385,388
385,390
386,392
387,388
388,393
388,413
389,395
389,396
390,398
390,420
391,394
392,424
392,442
393,397
393,400
393,401
394,397
395,421
395,430
396,398
396,399
397,402
398,404
398,405
398,406
399,402
399,403
400,443
400,473
402,408
403,447
403,455
404,409
405,407
405,410
406,407
407,411
408,411
408,412
409,413
410,479
411,415
411,417
412,416
413,414
413,418
414,423
414,425
414,499
414,500
415,422
415,480
416,420
416,424
417,426
417,427
418,419
418,421
419,428
420,428
420,446
421,428
421,454
422,482
423,455
424,429
426,431
427,430
428,432
429,431
429,433
429,435
429,450
430,434
430,439
431,437
432,439
432,442
433,436
433,438
434,436
435,437
435,440
435,441
436,443
436,449
436,452
436,458
437,443
437,445
437,446
437,447
437,448
437,468
438,447
438,451
439,443
439,444
439,447
439,455
439,456
439,457
440,443
442,450
442,469
443,471
443,478
444,499
445,457
446,453
446,500
447,458
449,454
449,457
450,482
450,488
451,455
451,478
452,456
453,478
453,483
455,468
456,461
456,489
457,460
458,459
458,473
459,462
459,464
459,465
460,463
460,467
461,466
461,487
462,469
462,471
462,472
463,493
464,482
465,470
466,468
467,473
468,476
469,474
469,475
474,477
474,478
474,482
475,480
475,481
476,479
480,486
481,483
482,484
482,485
483,488
483,490
484,487
484,489
484,491
486,492
487,493
489,493
490,494
491,500
492,495
493,500
494,496
494,499
495,497
495,498

<end>
