<number of tasks>
500

<cycle time>
1000

<order strength>
0.257


<task times>
1 672
2 675
3 376
4 425
5 472
6 389
7 482
8 631
9 572
10 315
11 595
12 548
13 565
14 619
15 664
16 500
17 573
18 401
19 381
20 423
21 313
22 502
23 382
24 743
25 501
26 623
27 392
28 341
29 355
30 669
31 429
32 512
33 471
34 595
35 464
36 512
37 563
38 533
39 505
40 524
41 358
42 693
43 475
44 428
45 589
46 492
47 445
48 444
49 530
50 463
51 423
52 613
53 301
54 386
55 298
56 337
57 336
58 597
59 418
60 435
61 480
62 521
63 380
64 521
65 714
66 504
67 534
68 485
69 493
70 491
71 522
72 494
73 573
74 496
75 486
76 678
77 672
78 382
79 514
80 465
81 643
82 488
83 318
84 630
85 554
86 427
87 497
88 401
89 302
90 652
91 486
92 717
93 464
94 544
95 449
96 681
97 661
98 669
99 431
100 471
101 436
102 407
103 704
104 568
105 538
106 631
107 735
108 251
109 601
110 567
111 697
112 643
113 564
114 609
115 414
116 475
117 393
118 415
119 563
120 415
121 277
122 692
123 368
124 528
125 471
126 541
127 615
128 345
129 219
130 880
131 453
132 411
133 312
134 602
135 439
136 188
137 372
138 354
139 462
140 190
141 459
142 477
143 383
144 257
145 525
146 621
147 526
148 478
149 283
150 361
151 480
152 510
153 612
154 339
155 564
156 584
157 347
158 508
159 643
160 643
161 475
162 592
163 616
164 425
165 408
166 607
167 513
168 573
169 532
170 566
171 513
172 371
173 320
174 415
175 460
176 585
177 446
178 480
179 555
180 515
181 298
182 554
183 482
184 709
185 827
186 419
187 460
188 532
189 491
190 718
191 416
192 512
193 440
194 321
195 802
196 498
197 558
198 619
199 409
200 536
201 642
202 614
203 731
204 653
205 498
206 507
207 521
208 606
209 514
210 494
211 466
212 395
213 201
214 426
215 623
216 480
217 527
218 403
219 492
220 395
221 661
222 429
223 583
224 504
225 616
226 771
227 417
228 592
229 523
230 318
231 435
232 557
233 515
234 454
235 457
236 665
237 670
238 449
239 403
240 349
241 539
242 196
243 427
244 546
245 387
246 422
247 271
248 335
249 418
250 645
251 384
252 545
253 315
254 452
255 641
256 621
257 680
258 346
259 459
260 506
261 455
262 358
263 388
264 589
265 504
266 487
267 420
268 557
269 405
270 447
271 374
272 331
273 359
274 470
275 558
276 486
277 523
278 516
279 450
280 484
281 429
282 341
283 311
284 217
285 496
286 502
287 442
288 453
289 615
290 376
291 585
292 436
293 424
294 480
295 553
296 402
297 462
298 411
299 593
300 380
301 498
302 377
303 531
304 499
305 496
306 521
307 397
308 469
309 417
310 605
311 413
312 495
313 702
314 352
315 559
316 466
317 494
318 744
319 489
320 689
321 505
322 500
323 585
324 520
325 462
326 575
327 680
328 556
329 566
330 544
331 537
332 639
333 355
334 446
335 545
336 345
337 578
338 475
339 551
340 837
341 498
342 604
343 230
344 507
345 656
346 513
347 335
348 417
349 509
350 429
351 439
352 364
353 546
354 608
355 556
356 398
357 368
358 476
359 518
360 566
361 438
362 446
363 334
364 591
365 370
366 767
367 528
368 516
369 418
370 452
371 389
372 410
373 642
374 342
375 575
376 320
377 284
378 503
379 317
380 401
381 412
382 744
383 398
384 475
385 508
386 445
387 397
388 312
389 495
390 544
391 516
392 360
393 459
394 503
395 336
396 581
397 421
398 553
399 525
400 412
401 423
402 529
403 538
404 662
405 589
406 490
407 515
408 504
409 621
410 633
411 368
412 459
413 539
414 466
415 444
416 533
417 642
418 501
419 469
420 375
421 322
422 344
423 411
424 485
425 557
426 533
427 510
428 353
429 494
430 730
431 512
432 558
433 336
434 526
435 595
436 535
437 425
438 420
439 582
440 395
441 515
442 400
443 242
444 437
445 582
446 706
447 550
448 648
449 594
450 562
451 547
452 615
453 491
454 516
455 469
456 258
457 482
458 393
459 363
460 666
461 661
462 476
463 352
464 451
465 610
466 595
467 351
468 324
469 427
470 393
471 326
472 201
473 519
474 548
475 452
476 636
477 410
478 650
479 409
480 360
481 587
482 336
483 496
484 597
485 593
486 414
487 507
488 492
489 414
490 558
491 469
492 523
493 341
494 409
495 267
496 587
497 387
498 507
499 524
500 368

<precedence relations>
1,151
2,201
3,201
4,258
5,20
6,21
7,22
8,19
8,24
9,15
9,16
9,18
9,23
10,14
10,17
12,13
12,25
13,432
14,287
15,287
16,421
17,201
18,142
19,439
20,32
21,33
22,34
23,26
23,29
23,30
23,37
24,28
24,31
24,35
24,36
24,38
24,39
25,27
26,470
27,151
28,198
29,198
30,216
31,258
32,43
33,44
34,40
35,41
35,45
35,47
35,49
36,46
36,48
39,42
39,50
40,198
41,198
42,142
43,51
44,51
45,54
46,55
46,59
47,52
47,56
49,57
50,53
50,58
51,198
52,201
53,439
54,66
55,67
56,68
57,64
57,69
57,71
57,74
58,61
58,63
58,65
58,70
58,72
59,60
59,62
59,73
59,75
60,151
61,382
62,432
63,421
64,439
65,258
66,79
67,76
68,83
69,81
70,80
70,82
70,85
72,78
72,86
75,77
75,84
76,198
77,198
78,439
79,87
80,95
81,87
82,88
82,96
83,92
84,93
84,97
84,99
85,89
85,90
85,91
85,94
86,98
86,100
86,101
87,151
88,382
89,450
90,432
91,421
92,142
93,142
94,258
95,104
96,106
97,105
98,102
98,110
99,109
100,103
101,107
101,108
101,111
102,450
103,287
104,119
105,117
106,112
107,113
107,116
107,118
108,121
108,123
109,115
110,120
111,114
111,122
112,151
113,421
114,439
115,258
116,129
117,132
118,131
119,128
120,124
120,130
121,125
121,126
121,127
122,134
123,133
124,382
125,198
126,216
127,142
128,439
129,135
130,145
131,144
132,137
132,139
132,141
132,143
133,140
133,146
133,147
133,150
134,136
134,138
134,148
134,149
135,470
136,151
137,450
138,198
139,198
140,216
141,216
142,157
142,158
142,159
142,160
142,161
142,162
142,163
142,164
142,165
142,166
142,167
142,173
142,174
143,439
144,169
145,171
146,168
146,170
147,152
147,153
148,156
149,154
149,155
149,172
151,175
151,176
151,177
151,178
151,179
151,180
151,181
151,182
151,183
151,184
151,185
152,432
153,216
154,201
155,201
156,201
157,189
157,190
158,196
159,194
159,195
161,187
168,188
169,186
170,191
171,193
174,192
175,432
176,439
177,439
181,207
181,210
181,211
182,199
182,202
184,200
184,208
185,209
186,198
187,201
188,206
189,203
190,204
191,197
192,205
197,450
198,212
198,213
198,214
198,215
199,287
200,216
201,217
201,218
201,219
201,220
201,221
201,222
201,223
201,224
201,225
201,226
201,227
201,228
201,229
201,230
201,231
201,232
201,233
201,234
201,235
201,236
201,237
201,238
201,239
201,240
201,241
201,242
201,243
201,244
202,439
203,245
204,245
205,246
207,249
209,248
211,247
213,264
216,253
216,254
216,255
216,256
216,257
219,263
223,261
224,250
225,265
226,262
241,252
242,251
245,258
246,260
247,259
250,470
251,382
252,382
253,266
254,267
254,274
258,268
258,269
258,270
258,271
258,272
259,273
262,275
264,276
266,450
267,432
268,281
268,282
270,283
271,285
272,280
273,277
274,284
276,278
276,279
276,286
277,287
278,287
279,421
280,439
281,290
282,288
282,291
282,293
283,297
284,292
284,294
284,296
285,298
286,289
286,295
286,299
287,301
287,302
287,303
287,304
287,305
287,306
288,421
289,439
290,313
291,307
292,308
292,312
293,309
293,314
294,310
295,311
295,315
299,300
300,470
301,325
302,324
303,322
304,323
307,321
308,316
309,317
310,318
311,319
312,320
316,330
317,326
318,326
319,326
320,331
321,329
321,336
322,332
322,335
322,337
322,338
323,327
323,328
323,333
324,334
326,450
327,450
328,439
329,339
330,346
331,341
332,344
333,340
333,342
334,343
335,345
335,350
337,347
337,348
337,349
339,362
340,355
341,354
342,356
343,357
344,351
345,359
346,361
347,358
348,352
348,353
348,360
348,364
348,365
348,366
350,363
351,382
352,450
353,421
354,370
355,378
356,371
357,373
358,374
359,375
360,376
361,377
362,368
362,372
362,380
364,381
365,367
366,369
366,379
367,382
368,382
369,439
370,385
371,387
372,388
373,389
374,390
375,391
376,392
377,393
378,384
378,394
379,386
379,395
380,383
382,396
382,397
382,398
382,399
382,400
382,401
382,402
382,403
382,404
383,432
384,432
385,405
386,407
387,406
388,405
391,409
395,408
395,410
396,415
397,412
401,418
403,417
405,421
406,414
407,411
408,413
409,416
411,421
412,421
413,423
414,419
415,424
416,425
416,429
417,420
417,422
417,426
417,427
417,428
417,430
419,450
420,432
421,433
421,434
421,435
421,436
421,437
421,438
422,439
423,443
424,440
425,441
426,431
426,442
427,444
428,447
429,448
430,445
430,446
431,450
432,451
432,452
432,453
432,454
432,455
432,456
436,468
438,469
439,457
439,458
439,459
439,460
439,461
439,462
439,463
440,467
441,465
442,466
444,464
448,449
449,470
450,471
450,472
450,473
450,474
450,475
450,476
450,477
450,478
450,479
450,480
450,481
450,482
450,483
450,484
453,489
462,488
464,485
465,486
466,486
469,487
470,490
470,491
470,492
470,493
470,494
470,495
470,496
477,499
481,498
485,497
489,500

<end>
