<number of tasks>
500

<cycle time>
1000

<order strength>
0.597


<task times>
1 59
2 193
3 95
4 162
5 80
6 30
7 110
8 156
9 101
10 47
11 137
12 217
13 201
14 127
15 56
16 72
17 125
18 101
19 182
20 146
21 209
22 161
23 58
24 95
25 206
26 28
27 33
28 232
29 189
30 30
31 73
32 133
33 253
34 129
35 138
36 300
37 157
38 190
39 275
40 87
41 217
42 162
43 39
44 49
45 197
46 301
47 35
48 145
49 30
50 206
51 62
52 56
53 201
54 118
55 52
56 131
57 56
58 182
59 216
60 45
61 121
62 53
63 101
64 100
65 225
66 43
67 26
68 270
69 61
70 96
71 102
72 97
73 120
74 141
75 28
76 119
77 102
78 142
79 159
80 185
81 128
82 52
83 316
84 78
85 287
86 92
87 44
88 60
89 27
90 93
91 64
92 138
93 150
94 197
95 100
96 37
97 100
98 178
99 87
100 107
101 81
102 104
103 242
104 252
105 36
106 187
107 113
108 34
109 76
110 65
111 288
112 116
113 310
114 237
115 184
116 57
117 198
118 136
119 51
120 184
121 75
122 81
123 224
124 60
125 36
126 150
127 34
128 23
129 48
130 326
131 109
132 51
133 239
134 227
135 63
136 100
137 21
138 96
139 148
140 89
141 95
142 141
143 193
144 58
145 38
146 126
147 180
148 99
149 177
150 231
151 216
152 72
153 44
154 33
155 117
156 45
157 162
158 425
159 213
160 113
161 76
162 167
163 38
164 166
165 173
166 35
167 186
168 33
169 58
170 137
171 191
172 167
173 153
174 72
175 105
176 106
177 71
178 153
179 100
180 194
181 179
182 75
183 90
184 92
185 84
186 115
187 104
188 122
189 37
190 141
191 92
192 267
193 169
194 125
195 26
196 39
197 57
198 102
199 164
200 92
201 192
202 200
203 159
204 236
205 108
206 24
207 55
208 136
209 67
210 189
211 119
212 65
213 216
214 189
215 109
216 176
217 130
218 132
219 305
220 62
221 215
222 123
223 204
224 217
225 38
226 99
227 68
228 141
229 113
230 190
231 41
232 195
233 283
234 92
235 92
236 114
237 205
238 202
239 22
240 185
241 133
242 121
243 113
244 221
245 257
246 118
247 63
248 213
249 59
250 249
251 96
252 253
253 241
254 167
255 74
256 57
257 25
258 177
259 54
260 155
261 308
262 28
263 29
264 92
265 284
266 26
267 228
268 169
269 147
270 184
271 208
272 248
273 179
274 219
275 163
276 90
277 178
278 52
279 203
280 190
281 123
282 24
283 138
284 228
285 132
286 101
287 68
288 79
289 209
290 161
291 99
292 183
293 131
294 154
295 80
296 237
297 175
298 36
299 191
300 102
301 65
302 105
303 131
304 195
305 114
306 210
307 186
308 345
309 90
310 258
311 324
312 94
313 365
314 116
315 186
316 162
317 210
318 78
319 73
320 267
321 102
322 311
323 66
324 93
325 135
326 143
327 191
328 82
329 89
330 125
331 77
332 218
333 154
334 141
335 151
336 89
337 50
338 141
339 60
340 177
341 95
342 180
343 175
344 37
345 113
346 116
347 103
348 208
349 164
350 279
351 133
352 66
353 205
354 168
355 56
356 120
357 190
358 177
359 121
360 193
361 46
362 88
363 112
364 203
365 119
366 25
367 38
368 291
369 332
370 200
371 136
372 87
373 160
374 104
375 66
376 162
377 153
378 163
379 47
380 467
381 53
382 133
383 119
384 101
385 187
386 114
387 88
388 164
389 246
390 91
391 168
392 68
393 22
394 194
395 88
396 144
397 122
398 165
399 197
400 174
401 181
402 168
403 127
404 232
405 212
406 22
407 107
408 64
409 169
410 35
411 142
412 84
413 240
414 160
415 79
416 263
417 231
418 32
419 177
420 76
421 121
422 152
423 166
424 289
425 223
426 236
427 88
428 207
429 30
430 233
431 320
432 87
433 110
434 75
435 199
436 231
437 126
438 162
439 51
440 227
441 170
442 210
443 35
444 136
445 87
446 156
447 175
448 240
449 126
450 96
451 33
452 99
453 175
454 93
455 35
456 61
457 131
458 240
459 46
460 343
461 188
462 187
463 65
464 42
465 110
466 59
467 174
468 369
469 290
470 153
471 169
472 305
473 168
474 223
475 138
476 170
477 25
478 29
479 53
480 210
481 60
482 149
483 148
484 45
485 218
486 25
487 51
488 94
489 94
490 61
491 153
492 34
493 104
494 60
495 160
496 168
497 84
498 51
499 92
500 218

<precedence relations>
1,13
1,17
1,32
2,12
2,13
2,14
2,16
3,12
3,19
4,109
6,20
7,12
7,17
8,14
9,12
9,13
9,15
9,22
10,56
10,66
11,18
11,21
11,63
11,118
11,150
12,143
12,213
12,364
12,379
13,24
13,26
13,31
13,35
13,59
14,23
14,24
14,25
14,27
15,23
15,29
15,32
15,279
16,151
17,23
17,200
17,281
18,23
18,363
19,34
20,28
21,23
21,30
22,23
22,33
22,54
22,97
24,45
24,60
25,36
25,77
26,42
26,43
27,36
27,37
27,38
27,39
28,36
28,37
28,38
28,39
29,485
30,44
31,36
32,490
33,58
33,101
34,36
34,39
34,40
34,45
35,41
35,76
36,46
36,81
36,128
37,51
37,163
37,176
37,219
38,46
38,47
38,49
38,50
38,52
39,50
39,55
39,63
39,133
40,46
40,53
40,54
41,46
41,47
42,291
43,68
44,46
44,47
45,46
45,47
45,48
45,56
45,66
46,58
47,147
47,310
48,396
48,408
48,496
49,59
49,85
50,62
51,239
52,57
53,329
53,438
53,489
54,106
54,173
55,57
55,60
56,57
56,58
56,61
56,62
56,63
57,65
57,69
58,72
59,96
60,64
60,66
61,64
61,67
61,68
62,70
62,71
62,77
62,138
63,227
63,296
64,73
65,75
65,82
65,171
66,81
67,73
67,74
67,78
67,80
67,108
68,73
68,74
68,83
68,89
69,77
70,76
70,81
71,79
71,153
71,157
72,74
73,91
74,90
75,84
76,89
77,84
78,278
79,326
79,338
80,85
80,87
81,84
81,85
81,86
82,184
82,218
83,84
83,86
83,88
84,94
84,101
85,178
85,304
86,93
86,114
86,139
87,98
87,155
88,92
88,97
88,99
88,102
89,96
90,92
90,100
90,103
91,92
91,95
91,104
91,144
92,162
92,261
92,281
93,105
93,106
93,111
94,207
94,250
95,112
96,108
96,109
97,105
97,106
97,107
98,107
98,160
99,105
100,105
100,106
100,113
100,175
101,123
101,148
101,162
101,182
102,354
102,378
102,432
103,110
103,180
104,114
104,158
105,119
105,166
106,141
106,171
106,218
107,115
107,116
107,120
107,127
108,247
109,116
109,136
109,175
110,115
110,116
110,117
110,175
111,117
111,118
111,121
112,172
113,254
113,313
115,123
115,131
115,148
116,122
116,124
116,197
117,122
117,263
118,129
119,130
119,151
119,164
120,122
120,128
121,125
121,126
121,127
122,201
122,270
123,135
123,143
124,139
124,191
125,140
125,142
125,146
126,136
126,144
126,168
126,175
127,156
128,137
128,259
128,265
129,134
130,141
130,145
131,132
131,133
131,134
131,138
132,151
133,208
134,152
135,267
135,309
136,147
136,148
136,152
136,180
137,260
137,332
138,147
139,147
139,151
139,206
140,313
140,324
141,170
142,147
142,148
142,153
143,381
144,150
144,213
145,412
145,453
146,148
146,149
147,154
147,202
148,166
149,193
149,219
149,260
150,155
150,160
150,174
150,252
151,154
151,158
151,159
151,212
151,238
151,291
152,154
152,157
152,161
153,156
153,161
154,169
154,216
155,351
156,163
157,164
157,165
157,166
158,168
158,297
159,366
161,162
161,167
162,216
162,260
162,262
162,340
163,170
163,175
163,179
163,180
164,170
164,171
164,172
164,178
164,181
165,170
165,171
165,176
165,177
165,179
165,219
166,170
166,172
166,173
166,174
167,196
167,313
168,259
169,188
170,184
170,201
171,243
171,331
172,189
172,190
173,300
173,458
174,185
174,187
174,188
175,429
175,472
175,480
176,183
176,305
177,182
177,248
178,182
179,182
179,189
179,190
180,444
181,186
181,248
182,202
182,211
183,191
183,196
183,198
183,201
184,194
184,200
185,195
185,199
186,191
186,432
187,411
188,264
188,280
189,191
189,193
189,202
189,233
190,192
190,194
190,197
191,229
191,442
192,209
193,203
193,208
193,209
194,207
194,242
194,323
195,304
195,366
196,249
197,204
198,428
198,489
199,205
199,206
199,230
200,203
200,204
201,247
201,329
202,462
203,213
203,215
203,304
204,210
204,221
205,210
205,216
205,219
205,238
205,248
206,218
206,233
207,214
207,276
208,211
208,212
209,217
209,220
209,222
210,228
211,223
212,408
214,329
215,245
216,236
216,409
216,451
217,225
218,234
218,374
219,389
220,229
221,230
221,239
222,224
222,226
222,227
223,231
224,239
225,231
225,235
226,231
226,232
226,240
227,234
227,238
227,374
228,239
228,284
230,233
230,236
230,237
230,265
231,245
232,248
233,247
233,294
234,241
234,244
234,249
234,251
235,252
235,346
235,389
235,402
235,403
236,246
236,407
236,440
236,468
236,489
237,242
238,241
238,250
239,243
239,290
239,294
239,319
240,305
240,332
241,259
241,264
242,253
242,255
242,256
242,258
242,260
242,276
243,257
245,262
245,265
245,310
246,253
247,297
247,332
248,253
248,261
248,263
248,270
248,368
249,254
250,304
251,309
253,398
254,361
255,308
256,280
256,290
257,268
257,409
258,272
259,266
260,269
260,274
260,275
260,366
261,438
261,473
262,267
262,271
263,479
264,266
264,273
264,382
265,266
265,270
265,272
266,276
266,278
267,279
267,284
267,355
267,361
268,440
269,282
270,276
271,283
271,289
271,342
271,355
271,369
272,280
273,276
273,277
273,278
273,281
274,457
275,285
275,286
276,287
276,290
277,289
277,466
278,499
279,291
279,375
279,382
280,295
281,287
282,294
283,293
284,292
285,426
285,468
285,492
286,288
286,448
286,461
287,299
287,301
287,358
289,300
289,341
290,318
291,296
292,303
293,298
294,296
294,304
294,318
295,296
295,297
295,302
296,305
296,311
296,314
297,306
297,307
298,305
298,313
299,305
299,308
300,372
300,451
301,309
301,317
302,351
302,481
303,312
303,325
303,329
304,310
304,335
305,324
306,319
307,315
307,325
308,320
308,398
309,321
309,326
310,379
312,317
312,409
313,316
313,318
313,322
313,323
313,372
314,320
315,413
315,454
316,381
317,332
317,440
318,377
318,418
318,437
319,328
319,331
319,357
319,437
321,333
321,335
321,351
324,327
324,329
324,334
325,330
325,369
327,341
327,344
328,336
329,337
329,376
330,339
330,342
330,344
330,387
331,340
332,338
334,363
334,403
334,468
335,343
335,345
337,385
338,350
339,347
340,346
340,461
341,349
341,351
342,346
342,392
342,414
343,416
343,427
343,452
343,468
344,352
344,410
345,348
346,358
346,491
347,364
347,467
348,355
348,361
348,363
349,354
349,357
349,362
349,389
350,359
350,360
352,353
352,356
353,367
354,438
355,365
356,381
357,371
357,392
359,465
359,483
360,366
360,369
360,481
361,375
362,372
363,370
364,368
365,378
367,373
367,499
368,374
368,383
368,468
368,470
369,375
369,376
369,377
370,379
370,456
370,479
371,431
371,459
373,383
373,415
374,382
375,380
375,381
375,386
375,387
376,384
376,404
376,496
378,385
378,394
378,487
379,494
380,467
380,473
381,390
381,449
383,388
383,393
383,424
383,453
384,388
385,391
386,389
386,392
388,423
389,401
390,395
390,398
390,400
390,403
390,404
391,396
391,397
391,433
391,450
392,399
392,402
393,394
394,406
394,409
395,412
395,464
396,441
399,421
401,405
402,410
402,413
402,419
403,411
404,407
404,408
406,420
406,421
407,417
407,422
408,419
409,416
409,423
409,425
410,424
411,414
411,426
412,446
412,459
413,415
413,418
414,428
418,429
418,432
420,427
421,435
423,493
424,431
424,433
424,469
425,430
425,434
428,437
428,442
428,485
429,439
431,436
431,444
431,492
432,438
432,453
432,455
433,435
433,445
433,448
434,440
434,441
434,443
435,455
435,456
436,446
436,449
436,452
437,453
438,469
439,447
441,457
443,448
443,450
444,452
444,478
445,451
445,454
446,460
446,462
446,478
447,467
447,468
450,458
450,464
450,465
450,466
453,465
454,463
456,459
457,461
458,471
458,475
458,478
459,477
460,473
461,472
463,479
464,469
464,474
464,486
465,476
467,470
468,478
468,496
470,483
470,484
470,485
470,487
471,481
471,488
473,486
474,480
476,482
480,498
482,491
483,490
484,493
484,496
484,497
485,491
486,494
486,495
486,500
487,489
487,497
487,499
488,492

<end>
