<number of tasks>
500

<cycle time>
1000

<order strength>
0.595


<task times>
1 76
2 201
3 172
4 86
5 138
6 86
7 133
8 71
9 118
10 166
11 228
12 299
13 141
14 125
15 141
16 173
17 58
18 176
19 166
20 175
21 267
22 79
23 24
24 71
25 176
26 98
27 190
28 149
29 150
30 23
31 108
32 108
33 85
34 81
35 210
36 111
37 63
38 98
39 138
40 169
41 240
42 154
43 287
44 27
45 103
46 144
47 110
48 25
49 101
50 96
51 156
52 61
53 127
54 68
55 95
56 242
57 25
58 69
59 29
60 93
61 78
62 184
63 38
64 198
65 168
66 34
67 97
68 27
69 148
70 233
71 263
72 65
73 123
74 31
75 267
76 72
77 32
78 229
79 27
80 287
81 170
82 253
83 165
84 59
85 224
86 183
87 158
88 136
89 46
90 264
91 149
92 120
93 93
94 68
95 78
96 297
97 145
98 57
99 195
100 22
101 119
102 31
103 165
104 199
105 212
106 177
107 35
108 234
109 91
110 377
111 134
112 124
113 53
114 206
115 162
116 67
117 172
118 157
119 172
120 176
121 264
122 255
123 163
124 90
125 241
126 150
127 132
128 23
129 193
130 102
131 24
132 46
133 90
134 246
135 177
136 243
137 117
138 151
139 253
140 136
141 57
142 104
143 169
144 55
145 158
146 292
147 20
148 120
149 237
150 206
151 139
152 134
153 51
154 122
155 48
156 67
157 178
158 249
159 121
160 269
161 79
162 62
163 39
164 272
165 125
166 118
167 93
168 69
169 172
170 118
171 54
172 216
173 347
174 182
175 93
176 186
177 87
178 268
179 309
180 70
181 96
182 61
183 232
184 121
185 288
186 66
187 50
188 137
189 226
190 174
191 125
192 108
193 253
194 94
195 105
196 56
197 62
198 129
199 189
200 93
201 270
202 190
203 33
204 192
205 129
206 229
207 95
208 104
209 96
210 218
211 152
212 153
213 86
214 79
215 130
216 209
217 39
218 90
219 108
220 65
221 121
222 158
223 243
224 158
225 108
226 237
227 67
228 85
229 202
230 69
231 79
232 241
233 44
234 201
235 51
236 83
237 128
238 122
239 113
240 74
241 158
242 41
243 191
244 347
245 279
246 263
247 345
248 120
249 126
250 137
251 321
252 66
253 85
254 161
255 137
256 188
257 54
258 166
259 130
260 83
261 139
262 50
263 76
264 67
265 157
266 89
267 30
268 48
269 80
270 45
271 28
272 166
273 154
274 72
275 96
276 110
277 72
278 113
279 127
280 368
281 70
282 56
283 178
284 252
285 56
286 31
287 181
288 54
289 115
290 81
291 62
292 63
293 49
294 99
295 145
296 94
297 155
298 137
299 92
300 192
301 138
302 112
303 54
304 130
305 48
306 77
307 300
308 37
309 68
310 59
311 108
312 82
313 72
314 112
315 34
316 199
317 248
318 63
319 348
320 179
321 105
322 145
323 106
324 238
325 178
326 46
327 176
328 229
329 25
330 134
331 109
332 139
333 160
334 219
335 124
336 57
337 133
338 174
339 280
340 115
341 218
342 208
343 145
344 65
345 142
346 100
347 23
348 170
349 214
350 147
351 138
352 172
353 39
354 133
355 91
356 119
357 134
358 178
359 29
360 261
361 37
362 103
363 156
364 87
365 113
366 59
367 170
368 117
369 23
370 208
371 345
372 76
373 29
374 225
375 125
376 237
377 155
378 135
379 116
380 51
381 166
382 84
383 48
384 171
385 77
386 228
387 267
388 74
389 225
390 143
391 128
392 224
393 137
394 125
395 103
396 125
397 50
398 141
399 220
400 33
401 240
402 38
403 83
404 131
405 75
406 181
407 146
408 202
409 238
410 42
411 200
412 87
413 88
414 32
415 252
416 140
417 134
418 264
419 90
420 47
421 138
422 155
423 354
424 24
425 123
426 278
427 46
428 124
429 105
430 98
431 22
432 182
433 104
434 233
435 60
436 123
437 285
438 111
439 57
440 89
441 115
442 70
443 130
444 80
445 159
446 55
447 143
448 69
449 162
450 112
451 181
452 196
453 99
454 40
455 244
456 134
457 51
458 49
459 22
460 185
461 34
462 47
463 26
464 109
465 40
466 112
467 114
468 89
469 139
470 21
471 142
472 101
473 215
474 221
475 219
476 174
477 163
478 93
479 123
480 257
481 41
482 95
483 189
484 152
485 155
486 105
487 89
488 202
489 166
490 238
491 132
492 228
493 247
494 87
495 144
496 99
497 74
498 135
499 208
500 26

<precedence relations>
1,56
1,96
2,89
3,13
4,10
4,11
4,12
4,62
5,12
5,34
6,10
7,10
7,14
7,15
8,11
8,106
9,99
10,16
10,19
11,17
11,79
12,16
12,23
12,119
13,20
13,24
13,25
14,16
14,17
14,22
15,18
15,21
16,32
17,27
17,182
18,26
18,28
18,119
19,26
19,35
20,92
20,126
21,33
21,39
23,82
23,143
24,29
24,30
24,31
24,35
25,26
25,34
26,42
26,45
26,141
27,123
27,151
28,44
28,68
29,36
29,37
29,38
30,145
30,204
31,46
32,39
32,43
32,81
33,36
33,37
34,38
34,41
34,73
35,36
35,40
36,47
36,48
36,50
36,56
37,332
38,51
38,55
39,47
40,49
40,119
41,264
41,295
42,48
42,52
42,142
43,48
43,54
44,47
44,53
44,145
45,150
45,218
46,84
47,60
47,63
47,65
48,57
48,95
48,105
49,57
49,58
49,59
50,143
51,58
52,57
52,194
53,57
53,240
54,57
54,59
54,64
55,57
55,62
55,75
56,61
56,66
56,67
57,69
58,68
58,128
59,68
59,73
60,283
61,68
61,70
61,71
61,72
61,75
62,306
63,74
63,130
64,192
64,242
64,249
65,197
66,375
66,426
67,71
68,77
68,82
69,151
69,184
69,245
70,76
70,164
71,78
72,79
72,84
73,76
73,77
74,80
74,83
75,81
75,169
76,88
76,222
76,239
77,85
77,92
77,98
78,89
78,170
79,91
79,95
80,86
80,96
81,87
81,97
81,147
81,182
82,85
82,93
83,88
83,157
84,85
84,86
84,89
84,90
84,94
85,99
85,106
86,102
86,103
86,107
86,149
87,110
87,154
87,217
88,270
88,317
88,410
89,111
89,137
89,191
90,467
91,105
91,166
92,99
92,100
92,104
92,108
92,109
95,161
96,100
97,99
97,101
97,191
98,276
99,162
100,115
100,122
101,114
101,194
102,112
102,113
102,116
102,150
103,112
103,113
103,114
103,150
103,153
104,113
104,123
105,117
105,121
106,118
106,120
107,172
108,112
109,196
110,345
110,410
111,119
112,131
113,133
113,136
114,132
114,133
114,139
115,124
115,191
116,124
116,128
116,139
116,191
117,243
118,125
118,126
118,127
118,170
119,124
120,129
120,130
120,184
121,124
121,191
122,124
123,152
123,179
123,191
123,194
124,134
124,135
124,136
126,139
126,325
127,189
127,231
128,285
129,137
129,140
130,243
131,134
131,138
132,321
132,324
133,135
133,141
134,143
134,148
134,151
135,152
136,278
136,339
136,464
137,149
137,150
137,287
138,144
138,146
138,147
139,142
139,404
140,145
140,153
141,142
141,226
142,415
143,194
144,209
145,287
145,389
145,399
145,426
146,160
147,154
147,155
147,157
147,161
147,163
148,156
148,193
148,210
149,270
149,348
149,440
149,447
150,475
151,158
151,162
152,155
152,159
153,194
154,164
155,174
156,349
157,167
157,171
157,172
157,194
157,202
158,164
158,169
158,207
159,165
159,167
159,173
160,166
160,168
161,164
161,165
161,166
161,170
162,164
162,198
163,164
163,196
164,180
164,215
164,340
165,176
165,184
166,179
167,175
167,183
168,175
168,176
168,177
168,182
168,245
169,175
170,175
170,178
170,181
170,245
171,177
171,190
172,175
172,180
174,183
175,185
175,186
175,193
175,195
176,185
177,185
178,186
179,185
180,187
180,348
181,417
181,429
181,483
182,191
182,194
183,192
183,196
184,185
184,186
184,188
184,189
184,190
184,212
185,197
185,249
186,197
187,200
187,259
187,260
187,327
187,380
188,415
188,494
189,198
189,202
190,200
190,203
192,201
192,204
193,261
194,210
194,334
195,197
195,198
196,197
196,199
197,205
197,209
197,210
197,213
197,257
198,205
198,206
198,208
198,220
199,206
200,251
200,448
201,205
201,207
201,211
201,212
202,293
203,267
204,218
205,218
206,214
206,215
206,219
206,340
207,331
207,444
207,456
208,495
209,215
209,319
210,216
210,221
211,217
211,220
211,225
212,309
212,413
213,247
213,251
214,225
214,227
214,278
215,222
215,223
215,229
215,269
215,314
216,223
217,228
217,231
218,222
218,223
218,226
219,270
219,352
220,244
221,222
221,224
221,230
222,232
222,233
222,238
223,237
223,287
223,290
223,300
223,446
224,234
224,271
224,280
225,440
226,232
226,236
226,237
227,232
227,235
228,236
228,239
229,232
230,293
230,304
230,310
230,312
230,346
231,240
231,378
231,440
231,471
232,243
233,368
234,461
235,242
235,249
235,257
235,388
236,241
236,247
236,254
237,415
238,244
238,246
238,248
239,245
239,247
239,343
241,251
241,253
241,255
242,323
243,260
243,261
244,256
244,298
244,425
245,254
245,257
246,250
246,345
246,415
247,252
247,258
247,259
247,262
248,306
248,486
249,408
249,464
250,271
250,370
250,374
250,382
250,427
251,270
251,272
252,342
252,473
253,271
253,429
254,264
255,265
255,266
255,267
256,263
257,268
257,269
257,346
258,274
259,379
259,437
261,264
261,273
261,376
263,276
264,275
264,276
264,285
265,277
265,279
265,280
266,437
266,492
267,278
267,347
267,427
269,308
269,373
269,390
269,406
271,284
271,391
272,281
272,282
272,388
273,279
273,285
273,326
273,327
273,390
274,283
274,377
274,406
275,286
275,299
276,289
277,286
277,293
277,336
278,290
278,469
279,287
279,311
279,460
279,462
279,480
280,292
280,294
280,432
281,427
282,291
282,343
282,428
283,399
283,479
284,288
284,446
285,313
286,300
286,302
286,416
286,433
287,312
287,392
288,381
288,480
289,303
289,304
289,306
289,307
290,299
290,377
291,295
291,301
291,382
292,297
292,377
293,296
293,298
293,305
294,434
295,330
295,486
296,313
296,314
296,318
296,319
297,489
299,382
300,454
301,317
301,432
302,312
303,309
303,310
303,311
303,342
303,356
304,315
304,316
305,478
307,308
309,324
309,326
309,327
309,360
310,323
310,478
312,325
313,329
314,320
315,321
316,322
317,330
318,402
319,328
319,457
319,471
320,332
320,337
321,339
321,457
323,375
323,398
324,338
324,352
326,331
326,474
327,345
328,333
328,419
329,335
330,331
330,334
330,336
330,339
331,344
331,421
332,342
332,343
332,468
333,340
333,353
334,459
335,341
335,345
335,348
336,349
337,345
337,347
338,346
338,363
338,373
338,405
339,470
340,351
340,453
341,351
341,352
341,354
342,355
343,350
343,356
343,390
343,471
345,350
345,353
345,381
345,419
345,448
346,459
347,358
347,429
348,349
348,357
348,393
350,397
350,466
351,360
352,362
352,363
352,427
353,370
353,456
354,364
354,426
354,463
354,468
355,365
355,366
356,367
356,368
357,359
357,406
358,359
358,361
358,384
358,407
360,372
361,369
361,374
361,376
362,373
363,375
363,424
366,371
366,397
366,398
367,422
368,370
368,446
368,460
369,383
370,384
370,386
370,496
371,385
371,388
371,390
372,378
372,379
372,380
374,377
374,381
374,454
375,387
375,470
376,380
376,382
376,389
377,397
378,395
378,398
378,422
378,455
379,416
379,482
380,391
380,467
381,396
382,393
382,474
382,491
383,392
383,409
385,450
385,459
385,497
386,401
387,399
388,400
389,394
390,399
391,477
392,468
392,478
394,406
394,428
395,402
396,408
397,436
398,403
398,437
399,404
399,407
400,411
401,405
402,411
403,412
403,414
403,416
404,491
405,409
405,418
405,432
405,473
406,410
406,413
406,415
407,417
408,433
409,443
410,424
411,421
411,427
411,477
411,480
412,420
413,425
413,464
414,472
415,419
415,461
416,426
417,421
417,423
418,422
419,432
419,433
419,436
421,464
422,429
422,472
422,497
423,430
424,434
424,445
424,453
425,431
425,435
427,428
428,447
430,440
431,442
431,446
432,439
432,472
433,441
433,445
434,437
434,448
435,444
436,438
436,443
440,453
441,485
442,452
443,450
443,465
446,451
448,449
449,454
449,459
449,460
449,462
450,463
452,455
452,457
452,458
453,456
453,461
454,464
454,495
455,463
455,494
456,466
456,469
456,486
458,471
459,492
460,467
460,470
460,472
462,465
462,468
462,473
463,481
463,483
463,484
465,476
466,480
467,475
469,474
471,478
471,484
471,488
472,477
472,479
472,482
472,485
477,488
477,490
477,491
477,492
479,493
480,494
480,495
482,486
483,489
485,487
490,500
492,498
493,499
494,496
494,497

<end>
