<number of tasks>
500

<cycle time>
1000

<order strength>
0.196


<task times>
1 362
2 540
3 62
4 54
5 25
6 135
7 449
8 54
9 492
10 475
11 132
12 202
13 250
14 229
15 388
16 48
17 62
18 350
19 85
20 438
21 58
22 74
23 347
24 124
25 37
26 123
27 183
28 90
29 89
30 280
31 232
32 163
33 111
34 139
35 258
36 247
37 65
38 152
39 105
40 196
41 138
42 67
43 126
44 527
45 111
46 144
47 41
48 136
49 314
50 480
51 471
52 73
53 277
54 140
55 412
56 530
57 225
58 258
59 170
60 91
61 30
62 120
63 296
64 130
65 736
66 24
67 121
68 40
69 513
70 145
71 134
72 172
73 88
74 325
75 94
76 359
77 316
78 65
79 121
80 169
81 189
82 235
83 237
84 164
85 570
86 131
87 66
88 521
89 25
90 306
91 82
92 300
93 405
94 190
95 194
96 553
97 525
98 110
99 50
100 149
101 328
102 324
103 493
104 49
105 91
106 115
107 522
108 99
109 538
110 513
111 265
112 269
113 324
114 204
115 160
116 58
117 34
118 21
119 114
120 185
121 286
122 261
123 139
124 114
125 576
126 209
127 326
128 59
129 110
130 231
131 41
132 444
133 71
134 174
135 280
136 171
137 76
138 500
139 45
140 309
141 33
142 57
143 75
144 324
145 25
146 152
147 376
148 363
149 343
150 231
151 482
152 125
153 65
154 490
155 495
156 136
157 253
158 301
159 115
160 313
161 164
162 171
163 220
164 228
165 51
166 78
167 426
168 128
169 368
170 174
171 96
172 193
173 168
174 330
175 284
176 224
177 177
178 430
179 106
180 143
181 107
182 239
183 194
184 145
185 547
186 229
187 232
188 229
189 302
190 530
191 566
192 61
193 50
194 180
195 379
196 597
197 292
198 88
199 101
200 55
201 104
202 93
203 551
204 154
205 147
206 216
207 133
208 473
209 112
210 235
211 532
212 213
213 140
214 33
215 127
216 28
217 302
218 81
219 61
220 617
221 277
222 136
223 175
224 190
225 69
226 147
227 28
228 163
229 531
230 313
231 34
232 572
233 24
234 325
235 365
236 90
237 101
238 80
239 157
240 29
241 29
242 496
243 62
244 56
245 203
246 237
247 41
248 491
249 357
250 262
251 58
252 468
253 166
254 67
255 200
256 27
257 91
258 511
259 262
260 521
261 330
262 96
263 71
264 481
265 296
266 260
267 229
268 104
269 185
270 51
271 92
272 66
273 119
274 180
275 474
276 92
277 40
278 144
279 77
280 244
281 304
282 232
283 305
284 567
285 348
286 275
287 146
288 229
289 294
290 235
291 196
292 276
293 191
294 70
295 225
296 232
297 64
298 127
299 210
300 156
301 59
302 25
303 133
304 201
305 261
306 228
307 288
308 585
309 454
310 158
311 147
312 557
313 260
314 185
315 447
316 291
317 378
318 180
319 242
320 290
321 96
322 450
323 97
324 101
325 153
326 298
327 217
328 398
329 119
330 318
331 472
332 57
333 334
334 177
335 133
336 160
337 190
338 78
339 82
340 595
341 90
342 144
343 227
344 182
345 249
346 152
347 222
348 95
349 272
350 166
351 292
352 117
353 499
354 176
355 52
356 231
357 219
358 104
359 72
360 40
361 180
362 152
363 304
364 249
365 332
366 72
367 280
368 277
369 320
370 170
371 395
372 285
373 555
374 23
375 380
376 262
377 464
378 252
379 168
380 508
381 100
382 87
383 470
384 142
385 27
386 31
387 35
388 72
389 81
390 75
391 137
392 155
393 213
394 194
395 137
396 182
397 37
398 199
399 536
400 204
401 424
402 62
403 115
404 255
405 183
406 277
407 154
408 342
409 28
410 230
411 203
412 129
413 131
414 173
415 84
416 296
417 73
418 25
419 250
420 22
421 81
422 145
423 40
424 34
425 555
426 238
427 63
428 83
429 171
430 36
431 87
432 69
433 63
434 88
435 261
436 115
437 69
438 162
439 100
440 72
441 199
442 180
443 257
444 196
445 38
446 145
447 161
448 377
449 241
450 41
451 383
452 537
453 525
454 114
455 485
456 83
457 167
458 547
459 132
460 229
461 180
462 74
463 329
464 282
465 508
466 336
467 186
468 178
469 168
470 76
471 48
472 31
473 439
474 35
475 225
476 21
477 268
478 293
479 444
480 293
481 262
482 373
483 29
484 219
485 126
486 189
487 88
488 155
489 507
490 53
491 92
492 432
493 142
494 281
495 465
496 42
497 541
498 150
499 210
500 128

<precedence relations>
1,28
1,241
2,15
2,18
2,34
2,133
3,17
3,21
3,22
4,14
5,83
5,239
6,23
6,27
6,30
6,70
7,33
7,209
8,25
8,32
9,14
9,25
9,26
9,188
10,24
11,19
11,29
11,31
11,270
12,16
12,20
14,41
14,42
17,38
19,35
20,41
20,156
20,281
22,45
24,338
26,328
27,37
27,43
27,95
28,99
29,39
29,292
30,75
30,293
30,377
31,36
31,46
31,66
31,227
32,40
32,44
34,44
34,59
35,56
36,48
36,54
36,259
37,49
37,50
38,330
38,417
39,58
40,52
40,88
40,95
41,60
42,53
42,57
43,51
43,59
43,205
43,310
44,55
45,47
45,293
49,465
50,64
51,61
51,98
51,275
52,71
52,287
53,65
54,62
55,68
55,69
55,70
55,73
56,66
56,433
57,63
57,250
57,384
58,67
58,91
59,72
60,74
64,76
64,288
65,75
65,77
65,80
66,160
66,385
67,139
67,150
68,78
68,85
69,81
69,84
70,82
70,83
72,317
73,79
74,352
75,276
75,381
76,91
76,93
76,400
77,86
77,89
77,94
79,123
80,88
80,92
83,425
85,87
85,90
85,125
85,174
86,96
86,98
87,106
87,287
88,100
88,104
88,110
89,102
90,335
91,101
91,111
92,95
92,109
93,97
93,107
94,99
94,103
94,105
94,108
95,114
96,117
96,119
98,451
99,113
99,125
101,122
103,123
103,322
105,112
105,115
105,116
105,208
106,124
106,138
108,118
108,186
110,120
110,121
114,129
114,133
115,126
115,127
115,260
116,128
116,134
117,141
118,137
119,131
119,136
120,138
121,126
121,130
122,135
123,301
123,304
124,176
125,132
125,313
125,367
126,143
126,147
127,145
128,140
128,401
129,146
130,148
131,200
132,149
132,458
133,144
133,244
133,251
133,256
133,267
134,142
135,139
135,305
136,141
136,392
137,343
138,149
139,155
139,166
139,304
140,153
140,156
140,255
141,151
142,161
142,164
143,162
144,150
144,157
144,174
145,150
145,152
145,165
146,158
146,160
146,191
148,159
148,163
149,154
150,176
150,321
151,177
151,189
152,232
153,169
153,170
154,172
154,175
155,266
157,171
157,264
158,167
158,168
158,180
161,173
161,199
162,248
163,174
164,178
166,179
166,181
166,491
167,411
167,429
168,185
168,186
170,184
170,190
171,183
172,193
172,194
172,388
173,411
174,189
174,191
174,192
174,195
175,182
175,399
176,196
176,283
177,297
180,187
181,188
182,205
183,364
184,197
184,198
184,348
186,201
187,208
187,307
187,332
187,450
189,200
189,202
190,207
190,227
191,199
191,219
193,206
193,495
195,265
196,203
196,204
196,209
196,453
198,221
199,213
199,214
200,210
200,219
200,266
201,211
201,212
201,215
201,222
202,220
206,217
206,218
207,297
209,216
210,223
210,265
211,228
211,349
212,227
213,229
213,364
214,225
214,226
215,224
215,411
219,230
219,398
222,324
223,233
223,237
223,238
224,241
224,244
225,240
225,242
226,232
226,234
226,236
226,302
227,235
228,231
228,259
228,443
229,243
230,239
230,245
231,251
232,255
233,248
234,257
234,258
234,259
235,252
235,253
236,246
237,249
237,254
239,488
240,322
241,256
242,247
242,250
244,298
245,260
246,268
247,263
247,264
247,265
247,295
248,271
248,302
249,264
250,272
252,267
254,273
255,269
255,429
258,262
258,270
259,261
259,266
261,279
262,278
262,283
262,285
262,477
263,281
264,284
264,413
265,282
266,274
266,275
268,289
270,277
270,286
271,280
272,287
272,288
273,276
276,295
276,302
277,301
277,303
278,304
280,296
280,462
281,290
281,298
281,299
283,293
283,431
284,294
285,291
285,292
286,300
287,297
290,317
293,314
293,331
294,355
295,315
296,305
298,311
299,307
299,318
301,306
301,308
302,312
302,313
303,316
304,309
304,310
305,320
307,319
307,323
307,326
307,327
308,325
308,331
309,328
309,413
310,353
310,475
311,330
313,321
313,332
314,439
315,322
316,324
316,329
317,494
318,326
319,337
319,343
320,345
321,334
322,340
322,344
322,346
322,347
322,439
325,391
326,335
326,336
328,333
331,341
332,338
332,339
332,342
333,359
336,361
336,451
337,353
338,354
338,355
338,356
341,358
342,350
343,365
344,352
344,408
345,349
345,351
345,357
345,360
346,353
346,363
347,348
347,362
347,364
347,431
348,367
349,371
349,373
350,366
351,377
352,423
353,368
353,378
353,403
354,374
355,487
356,379
357,376
360,375
361,372
365,369
365,370
366,389
366,393
366,492
368,382
368,384
369,392
371,381
371,391
374,380
374,383
374,386
374,394
374,395
375,387
375,388
378,385
379,390
382,414
382,416
382,422
384,412
385,408
385,410
385,411
385,463
386,413
387,398
388,397
388,415
388,483
389,396
389,399
389,407
391,401
391,403
391,405
392,402
394,404
395,400
395,406
395,409
398,426
398,427
398,428
398,429
401,483
402,422
403,420
404,421
404,423
405,419
407,424
408,418
410,425
411,435
413,417
417,438
417,449
418,435
419,442
419,445
420,444
421,439
421,441
421,443
422,440
422,447
424,437
424,448
425,430
425,434
428,431
428,432
428,446
429,433
429,436
431,464
432,460
432,463
436,492
437,497
438,452
440,465
440,468
441,453
441,454
441,467
442,458
443,457
443,466
444,461
445,450
445,451
445,456
446,459
447,455
447,462
452,481
452,482
453,473
454,475
457,471
457,474
457,484
460,477
461,478
462,470
462,480
463,476
464,469
464,479
467,483
468,472
471,491
471,499
472,486
472,487
473,494
474,490
474,498
475,497
476,496
478,488
479,493
481,489
481,495
483,485
483,492
483,500

<end>
