<number of tasks>
500

<cycle time>
1000

<order strength>
0.895


<task times>
1 157
2 465
3 439
4 110
5 28
6 219
7 313
8 105
9 483
10 216
11 151
12 293
13 85
14 161
15 50
16 59
17 99
18 33
19 236
20 352
21 224
22 234
23 308
24 155
25 416
26 119
27 287
28 299
29 39
30 415
31 145
32 136
33 524
34 67
35 35
36 195
37 255
38 477
39 257
40 278
41 192
42 240
43 253
44 49
45 90
46 555
47 161
48 376
49 188
50 409
51 280
52 149
53 30
54 229
55 58
56 40
57 225
58 219
59 176
60 153
61 407
62 459
63 456
64 298
65 463
66 251
67 85
68 293
69 53
70 311
71 69
72 175
73 494
74 181
75 203
76 463
77 223
78 95
79 122
80 304
81 186
82 271
83 508
84 273
85 175
86 72
87 105
88 403
89 145
90 79
91 274
92 58
93 164
94 26
95 50
96 93
97 102
98 243
99 119
100 161
101 86
102 211
103 102
104 78
105 171
106 364
107 555
108 186
109 336
110 182
111 208
112 162
113 505
114 177
115 576
116 59
117 204
118 438
119 571
120 547
121 268
122 101
123 39
124 66
125 32
126 288
127 305
128 241
129 421
130 128
131 192
132 67
133 274
134 470
135 146
136 43
137 462
138 516
139 221
140 205
141 32
142 433
143 545
144 229
145 443
146 460
147 507
148 195
149 190
150 189
151 76
152 130
153 180
154 112
155 165
156 84
157 245
158 283
159 380
160 448
161 116
162 532
163 507
164 47
165 293
166 72
167 472
168 372
169 568
170 196
171 574
172 307
173 147
174 36
175 511
176 137
177 85
178 214
179 288
180 152
181 545
182 283
183 76
184 229
185 439
186 554
187 102
188 432
189 346
190 23
191 167
192 119
193 91
194 221
195 511
196 303
197 56
198 61
199 267
200 254
201 179
202 99
203 578
204 130
205 231
206 438
207 477
208 153
209 28
210 81
211 151
212 39
213 32
214 111
215 103
216 354
217 23
218 120
219 54
220 95
221 117
222 72
223 291
224 149
225 341
226 546
227 82
228 24
229 40
230 25
231 83
232 58
233 98
234 23
235 192
236 125
237 487
238 187
239 476
240 100
241 34
242 71
243 174
244 32
245 125
246 191
247 263
248 91
249 488
250 94
251 144
252 30
253 49
254 105
255 488
256 328
257 83
258 179
259 82
260 59
261 95
262 158
263 139
264 180
265 433
266 126
267 463
268 317
269 315
270 564
271 153
272 136
273 395
274 170
275 215
276 380
277 66
278 113
279 336
280 177
281 230
282 563
283 563
284 74
285 21
286 63
287 128
288 328
289 117
290 331
291 610
292 381
293 204
294 223
295 308
296 222
297 212
298 93
299 81
300 287
301 244
302 199
303 45
304 297
305 65
306 53
307 422
308 24
309 192
310 147
311 42
312 142
313 528
314 236
315 228
316 39
317 47
318 111
319 33
320 494
321 142
322 32
323 166
324 169
325 426
326 425
327 124
328 56
329 148
330 384
331 167
332 417
333 232
334 194
335 91
336 262
337 70
338 247
339 520
340 149
341 201
342 234
343 38
344 325
345 137
346 90
347 285
348 119
349 185
350 125
351 381
352 343
353 177
354 353
355 273
356 53
357 344
358 516
359 482
360 277
361 127
362 518
363 109
364 126
365 531
366 68
367 275
368 162
369 55
370 251
371 294
372 128
373 42
374 83
375 40
376 50
377 489
378 75
379 279
380 184
381 31
382 82
383 101
384 243
385 179
386 395
387 174
388 489
389 348
390 317
391 367
392 159
393 129
394 91
395 493
396 136
397 121
398 125
399 157
400 274
401 187
402 423
403 95
404 77
405 158
406 273
407 424
408 61
409 283
410 163
411 74
412 366
413 236
414 494
415 469
416 544
417 210
418 539
419 464
420 334
421 35
422 132
423 91
424 29
425 461
426 184
427 256
428 288
429 131
430 34
431 259
432 505
433 34
434 65
435 309
436 312
437 150
438 323
439 153
440 301
441 125
442 524
443 133
444 498
445 107
446 186
447 55
448 206
449 561
450 176
451 133
452 69
453 212
454 268
455 198
456 456
457 568
458 204
459 155
460 100
461 549
462 505
463 261
464 181
465 83
466 62
467 578
468 306
469 214
470 335
471 181
472 90
473 443
474 73
475 432
476 132
477 495
478 99
479 293
480 155
481 60
482 299
483 144
484 126
485 118
486 134
487 117
488 282
489 59
490 249
491 187
492 532
493 284
494 268
495 476
496 166
497 48
498 33
499 319
500 49

<precedence relations>
1,7
1,8
1,9
1,10
1,11
2,7
2,8
2,9
2,10
2,11
3,7
4,7
4,8
5,7
5,8
5,9
5,10
5,11
6,52
6,55
6,56
7,12
7,13
7,14
7,15
8,12
8,13
8,14
8,15
9,12
9,13
9,14
9,15
10,12
10,13
10,14
10,15
11,12
11,13
11,14
11,15
12,16
12,17
12,18
12,19
12,20
12,21
13,16
13,17
13,18
13,19
13,20
13,21
14,16
14,17
14,18
14,19
14,20
14,21
15,16
15,17
15,18
15,19
15,20
15,21
16,22
16,23
16,24
16,26
17,22
17,23
18,22
18,23
18,24
18,25
19,23
19,26
19,32
20,22
20,23
20,24
20,25
20,26
21,22
21,23
21,24
21,25
21,26
22,27
22,28
22,31
22,32
23,27
23,28
23,29
23,31
24,27
24,28
24,29
24,30
24,31
25,27
25,28
25,29
25,30
25,31
26,70
26,71
26,72
26,73
27,33
27,34
27,35
28,33
28,34
29,152
30,33
30,34
30,35
30,36
31,33
31,34
31,35
31,36
32,33
32,34
32,35
32,36
33,37
33,38
33,39
33,40
33,41
34,37
34,38
34,39
34,40
34,41
35,37
35,38
35,39
35,40
35,41
36,37
36,38
36,39
36,40
37,42
37,46
38,159
39,43
39,44
39,45
39,46
40,42
40,43
40,44
40,45
40,46
41,42
41,43
41,44
41,45
41,46
42,47
42,48
42,49
43,47
43,48
43,49
44,47
44,49
44,50
44,51
44,52
45,47
45,48
45,49
46,47
46,48
46,49
47,54
47,55
47,56
48,50
48,51
48,52
48,53
48,54
48,55
48,56
49,53
49,56
50,57
50,58
50,59
50,60
50,61
51,68
52,57
52,58
52,59
52,60
52,61
53,57
53,58
53,59
53,60
53,61
54,57
54,58
54,59
54,60
54,61
55,57
55,61
56,57
56,58
56,59
56,61
57,62
57,63
57,64
57,65
57,66
57,67
57,68
58,62
58,63
59,62
59,63
59,64
59,65
59,66
59,67
59,68
60,62
60,65
61,247
62,69
63,69
63,72
64,69
64,72
65,69
65,70
65,71
65,72
65,73
66,69
66,71
67,134
67,153
68,69
68,70
68,71
68,72
68,73
69,74
69,75
69,76
70,74
70,75
70,76
71,74
71,75
71,76
72,74
72,75
73,74
73,75
74,78
74,79
74,80
74,81
75,77
75,78
75,79
75,80
75,81
76,77
76,78
76,81
77,82
77,83
77,84
78,82
78,83
78,85
78,86
79,82
79,83
79,84
79,85
79,86
80,82
80,87
81,83
81,95
82,88
82,89
82,90
82,91
83,88
83,89
83,96
84,88
84,89
84,90
84,91
84,92
85,88
85,89
85,90
85,91
85,92
86,88
86,89
87,88
87,89
87,91
87,92
88,93
88,98
89,93
89,94
89,97
89,98
90,93
91,93
91,94
91,95
91,96
91,97
91,98
92,93
92,94
92,95
92,96
92,97
92,98
93,99
93,100
93,101
94,99
94,100
94,101
95,99
95,100
95,101
96,99
96,100
97,99
97,100
97,101
98,99
98,100
98,101
99,304
100,102
100,103
100,106
101,102
101,103
101,104
101,105
102,107
102,108
102,137
103,107
103,108
103,112
104,107
104,108
105,107
105,113
105,122
106,107
106,108
106,109
106,110
106,111
106,112
107,159
107,163
107,164
108,162
109,229
110,187
110,189
111,113
111,114
112,113
113,115
113,118
113,119
113,121
114,116
114,117
114,120
114,122
115,123
115,124
115,125
115,126
117,185
117,186
117,196
118,123
118,124
118,125
118,127
119,123
119,124
120,123
120,124
121,123
121,124
122,127
123,128
123,129
123,130
124,128
124,129
124,130
124,132
125,130
125,131
125,153
126,128
126,138
127,128
127,129
127,130
127,131
127,132
128,133
128,134
128,135
128,137
128,139
128,140
128,141
129,133
129,134
129,153
130,133
130,134
130,135
130,138
131,133
131,134
131,135
131,140
132,133
132,134
132,136
133,232
133,242
134,142
134,144
135,142
136,142
136,143
136,144
137,334
137,336
138,142
139,142
140,179
141,142
141,143
141,144
142,145
142,146
142,147
142,148
142,149
142,150
142,151
142,152
143,146
143,147
143,152
143,153
144,145
144,146
144,150
145,170
145,181
146,154
146,157
146,158
147,154
147,155
147,156
148,154
148,155
149,154
149,155
150,157
151,255
152,155
153,156
153,242
154,159
154,160
154,161
154,162
154,164
155,159
156,232
156,233
157,161
157,168
157,169
158,159
158,163
158,164
159,165
159,166
159,167
159,168
159,169
159,170
160,165
160,166
160,167
160,168
160,169
160,170
161,165
161,166
161,167
161,170
162,165
162,166
162,167
163,165
163,166
163,169
163,170
163,176
164,165
164,176
165,171
165,172
165,175
165,177
165,181
166,171
166,172
166,173
167,171
167,172
167,174
167,175
167,176
167,177
168,171
168,172
168,173
168,176
169,171
169,172
169,174
170,171
170,172
170,173
170,174
171,178
171,206
172,178
172,179
172,182
172,183
173,222
174,238
174,240
174,254
175,183
176,178
176,179
176,180
176,181
176,182
176,183
177,178
177,179
177,180
178,184
178,185
178,186
179,184
179,188
180,350
181,184
182,184
182,187
182,189
183,186
183,187
183,189
184,191
184,212
185,217
186,190
186,191
186,193
187,190
187,191
187,192
187,193
187,194
188,190
188,194
189,191
190,195
191,195
192,195
192,196
192,197
192,199
193,197
193,200
194,195
194,196
194,197
194,198
194,199
195,201
195,202
195,205
196,201
196,203
196,206
197,202
197,212
198,218
199,204
200,248
201,211
202,207
202,208
202,209
202,210
203,207
203,208
203,209
204,207
204,212
205,207
205,208
205,210
206,310
207,213
207,218
208,213
208,216
209,213
209,214
209,215
209,216
209,217
209,218
210,215
211,213
211,214
211,215
211,216
211,217
211,218
212,213
212,217
213,219
213,220
213,221
213,222
214,220
214,221
215,222
215,237
216,219
216,220
216,221
216,222
217,219
217,220
217,221
217,222
218,219
218,220
218,221
218,222
219,223
219,224
219,225
219,226
220,223
220,224
220,225
220,226
221,223
221,224
222,225
223,227
223,228
223,229
223,230
223,231
223,232
223,233
224,229
224,256
225,230
225,231
225,233
225,242
226,227
226,231
226,235
227,237
227,254
228,241
228,248
229,281
230,234
230,235
231,234
231,236
231,249
232,234
232,235
233,269
234,238
234,243
234,244
235,240
235,241
235,246
235,248
236,238
236,239
236,243
237,238
237,239
237,240
237,242
238,245
238,246
238,247
238,248
239,245
239,246
240,260
241,247
241,249
242,246
243,245
243,247
243,248
244,245
244,313
244,361
245,350
245,353
246,250
246,256
247,250
247,251
247,253
247,255
247,256
248,250
248,251
248,252
249,254
249,255
249,269
249,274
250,257
250,258
250,259
250,260
250,261
250,262
251,257
251,258
251,259
251,274
252,257
252,258
252,259
252,262
253,258
253,261
253,267
253,269
254,257
255,257
255,258
256,287
256,300
257,263
258,263
258,264
258,275
259,263
259,264
259,265
259,266
259,269
260,265
260,267
261,263
261,268
261,273
262,263
262,264
263,270
263,271
263,272
264,270
264,272
264,273
265,270
266,270
267,314
268,271
268,274
269,270
269,271
269,272
270,277
270,278
270,292
271,317
271,335
271,336
272,276
273,391
274,275
275,295
275,298
276,281
276,282
277,370
278,279
278,280
279,283
280,289
281,285
281,286
282,283
282,284
282,285
282,287
282,288
283,290
284,291
284,292
285,290
285,291
285,292
286,290
286,291
286,292
286,293
286,294
286,295
287,290
287,291
288,328
289,290
290,296
290,298
291,317
291,370
291,373
292,296
292,297
292,298
292,299
292,300
293,296
293,300
294,296
294,300
295,296
295,297
295,299
295,300
296,301
296,302
296,303
297,301
297,302
297,303
298,301
299,301
299,302
300,301
300,302
300,303
301,307
301,308
301,310
301,311
301,315
301,323
302,304
302,306
302,308
302,309
303,304
303,305
304,312
305,314
306,312
306,313
306,314
307,316
308,317
309,312
309,315
310,318
310,326
311,312
311,313
312,321
313,376
314,323
315,319
315,333
315,347
316,319
316,320
316,322
317,364
317,366
317,384
318,319
318,320
318,321
318,327
318,329
319,416
319,468
320,387
321,328
321,330
322,324
322,326
322,327
322,329
322,334
322,349
323,324
323,325
323,326
323,327
324,332
325,367
326,331
327,331
327,332
327,352
328,331
328,334
328,352
328,353
329,331
329,333
330,332
330,335
331,336
332,338
332,355
333,339
333,340
334,384
335,337
335,338
336,341
336,345
336,346
336,355
337,341
337,342
337,344
338,343
339,342
340,425
341,396
341,443
342,348
343,347
343,350
343,351
343,353
344,347
344,348
344,349
344,352
345,347
346,347
347,354
347,356
347,357
347,360
348,354
349,386
350,354
351,376
352,355
353,373
353,438
354,358
355,360
355,379
355,442
356,359
356,361
357,358
358,362
358,364
358,365
359,363
361,366
361,367
361,384
362,393
362,462
363,369
363,417
364,368
366,371
367,370
367,374
367,416
368,372
368,374
368,393
369,372
369,373
370,456
371,375
371,376
371,400
372,377
372,378
372,379
372,380
373,384
374,382
375,381
375,383
375,385
376,377
376,378
376,379
376,399
377,389
377,439
377,449
378,387
380,388
380,394
381,484
382,388
382,390
383,468
383,488
384,442
385,386
385,417
386,393
386,394
387,391
387,392
387,468
388,395
389,421
390,396
391,401
391,425
391,426
391,427
394,397
394,398
395,397
395,401
396,399
396,400
397,402
397,415
397,443
398,403
398,468
399,402
400,404
400,406
401,405
401,449
401,479
402,410
403,407
404,408
405,438
406,409
407,416
408,412
408,414
408,415
408,425
409,498
410,411
410,413
410,434
411,425
412,417
413,418
413,420
413,484
415,419
415,421
416,422
417,423
417,447
418,423
418,425
418,426
419,424
419,498
421,428
421,429
422,427
423,430
423,452
423,457
423,483
424,486
426,433
426,448
426,491
427,430
427,431
427,436
429,432
429,434
429,435
430,445
431,441
431,461
432,437
432,470
433,440
433,451
434,462
435,442
435,444
436,438
436,439
436,443
438,487
438,489
439,494
442,447
444,446
444,458
445,448
445,449
445,463
445,488
446,451
446,452
446,454
447,453
448,500
449,450
449,470
452,455
452,495
453,454
453,456
453,457
455,460
456,459
456,461
457,458
459,462
460,463
461,464
462,468
462,470
462,489
463,465
463,466
463,469
463,481
464,467
464,469
464,471
465,489
466,473
466,494
466,498
467,477
470,472
470,476
470,478
471,474
471,475
471,479
471,480
475,481
475,483
476,497
477,484
480,482
480,483
481,487
481,489
482,486
483,485
483,488
484,490
485,495
486,490
486,491
488,492
489,493
489,494
490,497
492,496
493,498
493,499
493,500

<end>
