<number of tasks>
500

<cycle time>
1000

<order strength>
0.196


<task times>
1 212
2 224
3 97
4 99
5 67
6 246
7 41
8 20
9 30
10 220
11 55
12 302
13 32
14 59
15 69
16 161
17 87
18 112
19 137
20 79
21 37
22 35
23 75
24 174
25 293
26 100
27 192
28 143
29 101
30 77
31 100
32 58
33 142
34 161
35 78
36 112
37 139
38 158
39 172
40 44
41 170
42 33
43 156
44 226
45 180
46 222
47 109
48 159
49 168
50 121
51 115
52 191
53 129
54 201
55 74
56 61
57 153
58 46
59 175
60 82
61 59
62 166
63 290
64 383
65 37
66 136
67 110
68 125
69 27
70 77
71 119
72 186
73 139
74 185
75 119
76 206
77 201
78 167
79 233
80 175
81 156
82 302
83 131
84 48
85 160
86 191
87 66
88 173
89 118
90 172
91 130
92 35
93 117
94 80
95 61
96 76
97 251
98 200
99 243
100 312
101 33
102 158
103 45
104 220
105 196
106 39
107 132
108 110
109 35
110 54
111 59
112 108
113 24
114 241
115 31
116 137
117 84
118 127
119 53
120 31
121 261
122 241
123 192
124 94
125 116
126 144
127 54
128 186
129 26
130 178
131 115
132 96
133 176
134 122
135 153
136 128
137 127
138 101
139 147
140 67
141 261
142 148
143 47
144 191
145 62
146 242
147 235
148 166
149 28
150 48
151 169
152 31
153 98
154 216
155 285
156 109
157 60
158 25
159 91
160 215
161 174
162 172
163 270
164 182
165 58
166 168
167 212
168 176
169 155
170 227
171 150
172 197
173 127
174 50
175 103
176 160
177 173
178 98
179 287
180 201
181 135
182 334
183 44
184 154
185 139
186 69
187 98
188 365
189 70
190 85
191 125
192 56
193 67
194 229
195 110
196 280
197 29
198 39
199 414
200 130
201 302
202 60
203 143
204 221
205 34
206 197
207 75
208 127
209 21
210 55
211 59
212 163
213 139
214 71
215 256
216 148
217 252
218 153
219 168
220 169
221 313
222 177
223 227
224 79
225 56
226 53
227 258
228 87
229 247
230 178
231 202
232 111
233 217
234 79
235 75
236 227
237 81
238 97
239 52
240 49
241 43
242 159
243 88
244 29
245 201
246 66
247 64
248 88
249 59
250 172
251 57
252 73
253 133
254 249
255 257
256 178
257 102
258 112
259 203
260 81
261 152
262 67
263 82
264 80
265 187
266 181
267 177
268 34
269 331
270 192
271 47
272 45
273 49
274 34
275 215
276 37
277 185
278 77
279 115
280 127
281 159
282 129
283 37
284 61
285 113
286 143
287 124
288 125
289 26
290 152
291 39
292 190
293 261
294 66
295 138
296 140
297 196
298 36
299 173
300 119
301 268
302 71
303 269
304 96
305 141
306 154
307 66
308 321
309 212
310 221
311 79
312 113
313 116
314 144
315 203
316 170
317 97
318 106
319 173
320 88
321 298
322 88
323 160
324 124
325 198
326 166
327 72
328 256
329 162
330 162
331 190
332 71
333 138
334 155
335 251
336 47
337 33
338 184
339 116
340 189
341 235
342 155
343 247
344 337
345 73
346 152
347 196
348 86
349 142
350 293
351 84
352 97
353 166
354 116
355 159
356 26
357 141
358 135
359 102
360 97
361 142
362 84
363 88
364 151
365 168
366 119
367 68
368 149
369 182
370 180
371 189
372 107
373 60
374 194
375 66
376 265
377 89
378 297
379 21
380 148
381 25
382 101
383 154
384 69
385 183
386 193
387 90
388 197
389 74
390 55
391 140
392 131
393 44
394 138
395 71
396 126
397 177
398 147
399 99
400 69
401 212
402 73
403 171
404 191
405 121
406 192
407 268
408 103
409 278
410 254
411 110
412 278
413 257
414 161
415 22
416 26
417 65
418 110
419 172
420 34
421 67
422 47
423 33
424 67
425 50
426 224
427 191
428 185
429 158
430 56
431 175
432 113
433 212
434 175
435 84
436 24
437 202
438 200
439 23
440 156
441 207
442 83
443 109
444 130
445 231
446 137
447 233
448 231
449 150
450 151
451 40
452 194
453 108
454 243
455 128
456 153
457 97
458 118
459 278
460 139
461 161
462 86
463 104
464 362
465 144
466 64
467 158
468 76
469 135
470 98
471 226
472 109
473 205
474 91
475 28
476 203
477 91
478 172
479 128
480 25
481 104
482 57
483 156
484 311
485 207
486 110
487 59
488 33
489 204
490 123
491 191
492 31
493 233
494 176
495 52
496 70
497 298
498 74
499 218
500 230

<precedence relations>
1,15
2,17
3,21
4,22
5,16
5,18
5,20
5,78
5,118
5,182
6,19
6,53
7,23
8,24
8,28
8,29
9,26
9,27
10,161
10,198
10,362
11,202
11,367
12,25
12,49
12,50
12,126
12,159
13,90
13,420
14,154
14,369
15,38
16,30
17,39
18,31
19,32
20,33
21,34
22,35
23,36
24,37
25,40
25,134
25,218
26,41
27,39
27,42
28,62
28,137
28,156
30,43
31,49
32,44
33,45
34,50
35,46
36,47
37,49
38,48
39,404
40,54
40,500
41,51
41,55
41,56
41,57
42,52
42,53
43,58
44,60
45,64
46,59
47,61
48,65
49,66
49,68
49,102
50,67
50,69
50,118
51,70
51,140
51,251
52,469
53,63
53,79
53,171
55,70
56,306
56,353
57,62
57,151
57,171
58,73
59,74
60,75
61,76
62,71
62,78
62,362
63,72
63,77
63,80
64,79
64,81
65,195
65,229
66,162
66,351
67,127
67,485
68,82
68,84
69,83
70,85
70,139
70,160
71,86
72,87
73,90
74,88
75,91
76,89
77,93
77,97
77,354
78,94
78,369
79,95
80,92
80,356
81,96
81,234
82,336
82,390
83,98
84,218
84,468
86,99
87,102
88,100
89,101
90,108
90,112
91,159
92,105
92,107
92,109
92,111
95,103
95,106
96,345
97,110
98,104
99,113
100,118
101,116
102,127
103,114
103,124
103,253
104,115
104,117
104,125
104,185
105,120
105,122
106,123
108,468
109,121
109,126
110,300
110,439
112,119
113,132
114,129
115,130
116,131
117,128
117,133
117,140
117,303
117,306
119,283
120,383
122,136
123,139
124,135
124,141
124,333
124,337
125,137
125,351
126,134
126,138
126,214
128,142
129,146
130,143
131,144
132,149
133,150
134,145
134,147
134,148
134,156
134,157
134,160
135,151
135,153
135,155
135,162
135,418
136,174
137,158
137,416
137,419
138,161
138,333
139,152
139,159
140,180
140,197
141,154
142,163
143,164
144,165
145,166
146,167
147,168
148,169
149,170
150,171
151,347
152,179
152,493
153,285
156,173
159,172
159,174
161,465
163,178
164,178
165,178
166,175
167,176
168,178
169,178
170,177
171,179
171,183
171,184
172,180
172,181
172,186
172,187
173,182
173,290
174,185
175,188
176,189
177,195
178,268
179,190
179,323
180,191
180,193
180,194
180,196
180,201
181,192
181,197
182,200
182,323
183,198
183,229
183,252
183,362
183,493
184,497
185,193
185,202
185,266
186,491
187,199
187,335
188,203
189,206
190,207
191,208
192,211
193,204
193,209
193,210
193,216
193,323
193,440
194,205
194,433
195,215
195,219
195,430
196,212
196,217
197,214
198,218
198,219
199,213
199,288
200,416
201,370
203,220
204,222
205,223
206,221
207,230
208,232
209,226
210,227
211,233
212,228
213,224
213,231
213,432
214,225
214,317
215,234
216,230
216,235
216,391
217,229
217,268
218,321
219,236
219,401
220,238
221,237
222,239
223,241
224,243
225,246
226,242
227,247
228,249
229,240
229,244
229,248
229,250
230,387
231,245
231,383
232,253
233,252
234,491
234,492
236,251
237,266
238,254
239,255
240,256
241,267
242,257
243,260
244,258
245,259
246,261
247,262
248,263
249,265
250,264
250,492
252,270
252,271
253,268
253,269
253,272
254,273
255,274
256,285
257,286
258,287
259,275
260,278
261,279
262,281
263,276
264,282
265,283
266,288
266,299
267,334
267,383
267,469
268,277
268,290
269,280
269,287
270,384
271,284
272,289
273,298
274,294
275,293
276,295
277,296
278,299
279,300
280,297
281,298
282,298
283,291
283,368
283,441
284,292
284,384
285,301
285,339
286,302
286,304
287,307
287,318
288,303
288,306
288,482
289,305
289,469
291,308
292,310
293,311
294,309
295,312
296,317
297,313
298,316
298,319
301,314
302,315
302,320
303,323
304,318
304,321
304,322
305,350
305,418
307,418
308,332
309,324
310,333
311,325
312,326
313,328
314,327
315,329
316,330
317,335
317,339
318,331
318,451
318,468
319,355
321,336
321,338
323,334
323,337
324,340
325,341
326,344
327,344
328,342
329,344
330,345
331,343
332,348
332,356
333,355
334,354
335,349
336,350
336,371
337,353
338,347
338,351
339,346
339,352
339,468
340,357
341,358
342,360
343,359
345,490
349,363
350,497
351,364
351,420
351,492
352,361
353,362
353,402
357,367
358,365
359,366
360,372
360,373
360,439
361,370
361,492
362,371
362,479
363,368
363,369
363,375
363,386
364,374
364,494
365,376
366,377
367,378
367,388
368,379
368,387
369,380
369,384
371,385
371,391
372,390
373,381
373,382
373,383
373,386
374,390
375,389
376,392
377,393
378,394
379,398
380,399
381,395
381,400
382,396
383,397
384,417
386,471
388,401
389,430
390,402
391,403
391,404
392,406
393,405
394,408
395,409
396,410
397,412
398,413
399,415
400,414
401,407
402,411
402,418
402,419
403,416
403,417
404,420
404,430
405,423
406,421
407,422
408,424
409,429
410,426
411,427
412,425
413,430
414,429
415,428
419,432
420,431
420,433
421,434
422,435
423,436
424,439
425,437
426,440
427,441
428,438
430,442
432,444
432,445
433,443
434,451
435,446
436,447
437,448
438,450
439,449
439,457
440,455
442,453
444,452
445,454
445,456
446,464
447,460
448,462
449,463
450,459
451,465
451,470
452,458
452,469
452,483
453,461
455,466
455,467
455,468
455,471
456,491
458,473
459,475
460,472
461,476
462,477
463,478
464,480
465,474
465,481
465,490
466,482
467,483
467,484
468,479
469,485
471,479
472,486
473,490
474,487
475,488
476,491
477,489
479,490
480,500
481,494
481,499
482,492
482,493
482,495
482,497
484,490
484,496
484,498

<end>
