<number of tasks>
500

<cycle time>
1000

<order strength>
0.595


<task times>
1 382
2 236
3 236
4 426
5 53
6 218
7 27
8 405
9 223
10 67
11 163
12 227
13 543
14 275
15 163
16 300
17 93
18 280
19 52
20 137
21 559
22 64
23 230
24 76
25 613
26 158
27 461
28 128
29 105
30 513
31 185
32 357
33 214
34 494
35 41
36 139
37 41
38 38
39 110
40 79
41 88
42 142
43 224
44 30
45 323
46 74
47 98
48 244
49 159
50 190
51 229
52 285
53 223
54 269
55 43
56 339
57 234
58 223
59 360
60 42
61 115
62 106
63 89
64 627
65 208
66 496
67 177
68 53
69 178
70 242
71 150
72 266
73 67
74 252
75 213
76 204
77 144
78 225
79 21
80 237
81 513
82 84
83 549
84 305
85 202
86 275
87 59
88 140
89 74
90 173
91 139
92 26
93 39
94 130
95 186
96 41
97 209
98 356
99 168
100 280
101 75
102 210
103 166
104 165
105 157
106 217
107 328
108 122
109 75
110 163
111 285
112 103
113 84
114 136
115 570
116 329
117 325
118 52
119 157
120 134
121 262
122 333
123 73
124 187
125 435
126 250
127 179
128 24
129 59
130 148
131 71
132 58
133 316
134 271
135 344
136 87
137 87
138 140
139 339
140 83
141 536
142 80
143 112
144 60
145 32
146 124
147 567
148 24
149 115
150 199
151 158
152 496
153 30
154 20
155 513
156 66
157 257
158 484
159 482
160 164
161 453
162 54
163 239
164 545
165 27
166 91
167 150
168 362
169 35
170 617
171 213
172 445
173 285
174 157
175 214
176 115
177 240
178 246
179 106
180 69
181 64
182 554
183 276
184 37
185 351
186 505
187 484
188 486
189 288
190 496
191 279
192 93
193 165
194 132
195 422
196 134
197 48
198 493
199 107
200 56
201 363
202 60
203 94
204 514
205 183
206 148
207 99
208 538
209 301
210 291
211 189
212 38
213 131
214 87
215 482
216 36
217 163
218 61
219 33
220 142
221 399
222 546
223 225
224 274
225 493
226 449
227 285
228 118
229 214
230 60
231 76
232 449
233 73
234 86
235 157
236 269
237 420
238 188
239 59
240 484
241 32
242 165
243 343
244 408
245 167
246 152
247 239
248 299
249 179
250 104
251 59
252 167
253 83
254 265
255 321
256 84
257 134
258 465
259 22
260 187
261 126
262 90
263 39
264 76
265 153
266 204
267 231
268 530
269 124
270 500
271 141
272 244
273 226
274 24
275 268
276 263
277 63
278 455
279 313
280 273
281 57
282 123
283 63
284 311
285 35
286 304
287 58
288 60
289 59
290 512
291 396
292 490
293 492
294 207
295 125
296 477
297 57
298 488
299 97
300 73
301 205
302 114
303 98
304 263
305 288
306 27
307 265
308 217
309 110
310 359
311 537
312 128
313 201
314 72
315 145
316 289
317 156
318 238
319 163
320 126
321 74
322 90
323 532
324 36
325 103
326 119
327 23
328 162
329 284
330 229
331 27
332 473
333 279
334 646
335 59
336 176
337 266
338 140
339 192
340 583
341 143
342 448
343 133
344 331
345 41
346 462
347 128
348 29
349 386
350 57
351 44
352 361
353 32
354 167
355 470
356 166
357 520
358 49
359 24
360 481
361 250
362 178
363 600
364 214
365 54
366 105
367 233
368 116
369 123
370 34
371 95
372 102
373 158
374 36
375 220
376 423
377 476
378 116
379 73
380 196
381 334
382 86
383 170
384 90
385 548
386 199
387 148
388 458
389 233
390 330
391 441
392 246
393 262
394 355
395 333
396 177
397 224
398 190
399 176
400 337
401 300
402 494
403 141
404 318
405 164
406 94
407 389
408 173
409 565
410 29
411 58
412 132
413 583
414 122
415 76
416 58
417 184
418 592
419 402
420 507
421 500
422 114
423 367
424 118
425 106
426 94
427 541
428 242
429 61
430 114
431 178
432 51
433 112
434 514
435 504
436 194
437 213
438 52
439 158
440 366
441 350
442 164
443 35
444 126
445 518
446 53
447 160
448 503
449 158
450 105
451 149
452 318
453 97
454 119
455 314
456 79
457 294
458 282
459 169
460 385
461 347
462 215
463 82
464 191
465 77
466 88
467 557
468 84
469 137
470 437
471 413
472 133
473 125
474 117
475 102
476 337
477 459
478 432
479 530
480 329
481 459
482 25
483 290
484 101
485 185
486 168
487 122
488 69
489 424
490 278
491 482
492 451
493 76
494 171
495 594
496 185
497 124
498 141
499 111
500 237

<precedence relations>
1,252
2,170
3,16
4,16
5,16
6,16
7,77
8,77
9,463
10,457
11,13
11,14
11,17
11,18
11,20
11,22
11,24
12,15
12,19
12,21
12,23
13,296
14,273
15,273
16,29
16,30
16,31
16,32
16,33
16,34
16,35
16,36
16,37
16,38
16,39
16,42
17,77
18,41
19,41
20,41
21,41
22,26
22,40
22,43
23,27
23,28
23,62
24,25
24,26
24,27
24,28
24,40
25,252
26,296
27,60
28,60
29,44
29,79
29,80
29,112
29,116
30,44
30,45
30,46
30,47
31,44
31,45
31,295
32,117
33,47
34,139
35,44
36,114
36,159
36,231
36,293
36,359
37,138
37,209
37,221
37,225
38,44
38,175
38,212
38,225
39,48
39,128
39,129
40,77
41,46
41,47
41,49
41,50
41,51
41,52
41,53
41,54
41,55
41,56
42,104
42,174
42,236
42,240
43,44
43,45
43,57
43,80
43,81
43,101
43,121
43,124
43,156
44,252
45,273
46,60
47,60
48,139
49,395
50,174
51,58
51,59
51,60
51,61
52,58
52,59
52,60
53,66
54,58
54,59
54,61
54,63
54,64
55,59
55,95
55,112
55,156
55,157
56,58
56,59
56,62
56,65
56,67
57,99
57,110
57,126
58,252
59,170
60,68
60,69
60,70
60,71
60,72
60,73
60,74
60,75
60,76
60,77
60,78
60,79
60,80
61,420
62,139
63,77
64,77
65,77
66,77
67,68
67,77
67,78
67,79
67,80
68,253
69,155
69,159
69,217
69,289
69,350
70,116
71,81
71,82
71,141
71,168
71,240
72,81
72,96
72,156
72,170
72,199
73,81
73,114
73,236
73,238
74,96
74,123
74,124
74,178
74,200
74,201
74,207
74,350
75,82
75,96
75,109
75,121
75,125
76,81
76,82
76,95
76,111
76,147
76,166
76,213
76,217
76,221
76,256
77,83
77,84
77,85
77,86
77,87
77,88
77,89
77,90
77,91
77,92
77,93
77,94
78,174
79,95
79,118
79,133
80,126
80,146
80,147
80,160
80,199
81,253
82,474
83,174
84,97
84,98
84,99
84,143
84,144
84,145
85,97
85,98
85,99
85,118
85,157
86,97
86,98
86,126
87,97
87,98
87,99
87,120
88,100
89,99
89,111
89,112
89,113
89,114
89,115
89,116
89,117
90,97
90,98
90,99
90,100
91,97
91,98
91,99
91,100
92,199
92,210
92,251
93,98
93,129
94,126
95,291
96,97
96,237
96,248
96,347
96,359
97,252
98,139
99,139
100,101
100,102
100,103
100,104
100,105
100,106
101,252
102,253
103,395
104,458
105,108
105,112
105,113
105,114
105,115
105,116
105,117
106,107
106,109
106,110
106,111
106,146
106,154
106,176
106,214
106,235
106,261
107,252
108,420
109,421
110,323
111,323
112,139
113,395
114,291
115,119
115,121
115,125
115,126
116,118
116,120
116,123
116,124
116,125
116,126
117,120
117,122
118,252
119,273
120,474
121,474
122,139
123,457
124,457
125,127
125,128
125,129
125,130
125,131
125,132
125,133
125,134
125,135
125,136
126,164
126,234
127,296
128,170
129,323
130,139
131,139
132,376
133,489
134,137
134,138
134,141
134,143
135,137
135,140
135,142
135,144
135,145
135,158
136,160
136,243
137,352
138,474
139,146
139,147
139,148
139,149
139,150
139,151
139,152
139,153
139,154
139,155
139,158
140,463
141,174
142,155
142,204
143,211
143,228
143,287
144,146
144,147
144,154
144,156
144,157
144,169
144,177
145,147
145,218
145,260
145,261
146,253
147,346
148,159
148,161
148,237
149,159
149,207
149,359
150,159
150,165
150,167
150,211
150,212
150,216
150,217
150,218
150,219
151,163
151,165
151,166
152,171
152,231
152,248
153,160
153,162
153,211
153,228
154,291
155,457
156,174
157,261
157,348
157,375
158,159
158,164
159,252
160,170
161,352
162,395
163,457
164,174
165,168
165,172
165,175
165,178
165,206
166,169
166,177
166,207
166,243
166,311
166,312
167,171
167,173
167,176
167,204
167,224
168,252
169,252
170,179
170,180
170,181
170,182
170,183
170,184
170,185
170,186
170,187
170,188
170,198
171,346
172,323
173,291
174,189
174,190
174,191
174,192
174,193
174,194
174,195
174,196
174,197
174,251
175,489
176,198
176,199
176,244
177,198
177,204
178,230
178,291
178,326
179,457
180,200
180,290
180,339
181,205
181,221
182,201
182,202
182,207
183,203
184,200
184,201
184,209
184,239
185,208
185,227
185,283
185,324
186,206
186,338
187,215
187,291
187,321
188,214
188,286
188,318
189,200
189,229
189,350
190,203
191,205
191,214
191,255
191,257
191,345
191,375
192,204
192,207
192,275
192,348
192,359
192,375
193,214
193,232
193,291
194,351
195,217
195,232
195,250
195,318
195,319
195,331
195,397
196,200
196,203
196,210
196,214
196,216
196,227
197,206
197,207
197,252
197,255
197,284
198,200
198,273
199,230
199,324
199,398
200,252
201,252
202,253
203,253
204,474
205,420
206,457
207,407
208,489
209,212
209,213
209,214
209,216
209,217
209,219
210,211
210,215
210,218
211,252
212,252
213,253
214,420
215,420
216,346
217,463
218,220
218,221
218,225
219,222
219,223
219,224
219,226
220,420
221,323
222,395
223,458
224,458
225,228
225,229
225,230
225,232
225,233
225,235
226,227
226,231
226,234
226,241
226,249
227,420
228,346
229,395
230,395
231,463
232,458
233,237
233,238
233,288
233,320
233,321
233,349
234,236
234,240
234,244
235,237
235,238
235,239
235,241
235,242
235,243
235,244
236,252
237,252
238,252
239,252
240,251
240,253
241,245
241,247
241,248
241,274
241,288
241,321
242,245
242,246
242,249
243,349
244,246
244,250
245,252
246,253
247,420
248,395
249,463
250,255
250,256
250,259
251,254
251,257
251,258
251,260
251,261
252,262
252,263
252,264
252,265
252,318
253,266
253,267
253,268
253,269
253,270
253,271
253,272
253,273
253,274
254,273
255,421
256,376
257,376
258,407
259,311
259,320
259,411
260,273
260,313
261,337
261,349
261,350
262,323
263,280
264,280
264,297
264,351
265,376
265,419
266,281
266,283
267,285
267,481
268,281
268,346
269,284
269,286
269,318
270,275
270,280
270,375
271,327
272,314
272,330
272,361
273,275
273,276
273,277
273,278
273,279
273,282
273,284
274,455
274,480
274,500
275,352
277,292
277,338
278,286
278,287
278,293
279,286
279,287
279,290
280,420
281,291
282,489
283,286
283,289
283,295
284,287
284,288
284,294
285,422
286,296
287,296
288,352
289,420
290,323
291,298
291,299
291,300
291,301
291,397
292,458
293,302
293,322
293,420
294,297
295,311
295,314
295,411
295,419
296,303
296,304
296,305
296,306
296,307
296,308
296,309
296,310
297,420
298,312
299,313
300,439
300,449
300,481
301,311
301,378
302,418
303,315
303,319
303,358
304,315
305,328
305,343
306,314
306,328
307,320
307,329
307,330
308,317
308,322
309,321
309,408
310,329
310,345
311,376
312,314
312,318
313,316
313,378
313,411
314,474
315,323
316,376
317,329
318,322
318,324
318,330
319,325
319,380
320,322
320,463
320,481
321,325
321,326
321,327
321,328
321,375
321,440
322,474
323,331
323,332
323,333
323,334
323,335
323,336
323,338
323,340
324,395
325,407
326,407
327,407
328,459
329,339
330,337
330,358
331,346
332,342
332,360
332,361
333,341
333,342
333,360
334,341
335,406
335,447
336,449
336,458
337,395
338,344
339,341
339,343
340,361
341,346
342,345
342,375
343,347
343,348
343,349
343,350
343,351
344,345
344,346
345,352
346,353
346,354
346,355
346,356
346,357
346,407
347,407
348,352
348,360
349,358
349,376
350,359
350,361
351,398
352,362
352,363
352,364
352,365
352,366
352,367
352,368
352,369
352,370
352,371
352,372
352,373
352,374
353,375
354,443
355,461
357,375
357,444
358,406
358,451
358,456
358,460
361,377
361,396
361,408
361,425
362,376
363,376
364,376
364,379
364,380
365,376
366,376
366,378
367,381
367,406
367,460
368,454
368,481
369,441
370,408
370,438
371,463
371,472
372,380
372,395
372,409
373,377
373,378
374,451
375,441
375,454
376,382
376,383
376,384
376,385
376,386
376,387
376,388
376,389
376,390
376,391
376,392
376,393
376,394
377,395
378,407
379,489
380,489
381,396
381,397
382,407
383,408
383,443
383,447
383,459
383,488
384,439
385,410
387,398
387,424
388,438
388,472
391,406
392,409
392,412
392,418
392,436
393,440
394,452
395,399
395,400
395,401
395,402
395,403
395,404
395,405
396,419
396,423
397,408
397,455
398,421
399,500
400,441
401,410
402,418
402,459
402,488
402,490
403,412
404,411
404,440
405,411
405,419
406,457
407,409
407,413
407,414
407,415
407,416
407,417
408,480
409,420
410,420
411,420
412,421
413,422
413,423
413,441
413,461
414,426
414,444
414,449
415,425
416,458
417,424
417,438
417,463
418,460
420,427
420,428
420,429
420,430
420,439
421,431
421,432
421,433
421,434
421,435
421,437
421,438
421,452
422,436
423,437
423,450
424,439
424,452
425,443
426,456
428,446
429,441
429,443
430,445
431,440
432,443
432,460
434,444
435,456
436,457
437,443
437,500
439,442
439,486
440,474
441,458
442,489
444,450
444,453
444,455
445,449
445,454
446,447
446,448
446,451
446,452
447,474
448,457
449,457
450,458
451,489
452,459
453,461
454,456
454,460
455,459
456,463
457,464
457,465
457,466
457,467
458,468
458,469
458,470
458,471
458,473
459,472
459,473
461,462
462,474
463,475
463,476
463,477
463,478
463,479
466,474
467,480
468,500
469,481
471,474
471,480
474,482
474,483
474,484
474,485
476,486
476,487
476,488
476,490
476,500
478,487
481,486
482,489
484,490
489,491
489,492
489,493
489,494
489,495
489,496
489,497
489,498
489,499
489,500

<end>
