<number of tasks>
500

<cycle time>
1000

<order strength>
0.196


<task times>
1 113
2 126
3 242
4 214
5 45
6 162
7 191
8 182
9 60
10 95
11 34
12 140
13 157
14 48
15 266
16 222
17 185
18 31
19 83
20 90
21 224
22 67
23 178
24 209
25 297
26 268
27 66
28 216
29 373
30 51
31 173
32 146
33 79
34 167
35 21
36 25
37 188
38 51
39 36
40 111
41 70
42 60
43 61
44 88
45 128
46 113
47 146
48 145
49 68
50 189
51 252
52 127
53 355
54 63
55 161
56 72
57 131
58 140
59 326
60 315
61 276
62 224
63 57
64 157
65 36
66 150
67 30
68 59
69 138
70 90
71 96
72 169
73 207
74 70
75 179
76 147
77 32
78 178
79 134
80 21
81 204
82 87
83 33
84 247
85 110
86 191
87 174
88 194
89 39
90 235
91 151
92 163
93 195
94 124
95 125
96 326
97 84
98 130
99 114
100 29
101 34
102 81
103 31
104 73
105 33
106 44
107 74
108 107
109 165
110 110
111 102
112 315
113 88
114 41
115 27
116 319
117 172
118 194
119 157
120 170
121 149
122 193
123 175
124 252
125 41
126 284
127 142
128 273
129 26
130 174
131 23
132 378
133 23
134 92
135 234
136 126
137 268
138 75
139 141
140 32
141 190
142 116
143 93
144 83
145 38
146 175
147 124
148 85
149 128
150 176
151 203
152 160
153 163
154 41
155 138
156 79
157 95
158 165
159 146
160 154
161 37
162 97
163 62
164 269
165 405
166 150
167 176
168 189
169 60
170 169
171 147
172 153
173 367
174 38
175 61
176 195
177 101
178 183
179 40
180 101
181 156
182 99
183 111
184 111
185 142
186 193
187 147
188 54
189 309
190 196
191 157
192 177
193 210
194 140
195 77
196 114
197 116
198 221
199 143
200 203
201 162
202 149
203 256
204 36
205 157
206 52
207 289
208 238
209 90
210 164
211 148
212 186
213 183
214 125
215 132
216 150
217 189
218 105
219 88
220 32
221 333
222 64
223 62
224 234
225 202
226 185
227 82
228 35
229 80
230 218
231 117
232 166
233 36
234 25
235 283
236 49
237 179
238 76
239 24
240 40
241 69
242 187
243 156
244 218
245 280
246 23
247 76
248 282
249 264
250 85
251 94
252 137
253 218
254 47
255 201
256 102
257 125
258 126
259 198
260 166
261 219
262 98
263 130
264 152
265 201
266 85
267 72
268 45
269 167
270 107
271 210
272 159
273 322
274 231
275 182
276 134
277 138
278 145
279 308
280 22
281 204
282 132
283 122
284 93
285 81
286 42
287 118
288 176
289 211
290 48
291 271
292 180
293 122
294 171
295 202
296 172
297 313
298 46
299 218
300 267
301 156
302 100
303 126
304 177
305 158
306 220
307 115
308 65
309 62
310 242
311 228
312 144
313 148
314 170
315 42
316 232
317 117
318 122
319 119
320 158
321 189
322 193
323 57
324 128
325 279
326 202
327 259
328 36
329 197
330 118
331 105
332 39
333 272
334 138
335 26
336 200
337 203
338 47
339 70
340 295
341 96
342 201
343 198
344 115
345 246
346 167
347 116
348 58
349 140
350 145
351 40
352 129
353 40
354 74
355 227
356 66
357 116
358 145
359 50
360 201
361 59
362 180
363 79
364 204
365 143
366 95
367 46
368 71
369 180
370 258
371 58
372 254
373 101
374 191
375 221
376 255
377 86
378 25
379 29
380 117
381 100
382 42
383 141
384 23
385 223
386 158
387 32
388 205
389 147
390 48
391 83
392 43
393 196
394 293
395 155
396 184
397 81
398 73
399 104
400 116
401 114
402 64
403 100
404 39
405 167
406 116
407 244
408 197
409 92
410 213
411 82
412 199
413 128
414 109
415 71
416 309
417 166
418 148
419 244
420 242
421 218
422 29
423 124
424 41
425 33
426 153
427 96
428 128
429 37
430 95
431 304
432 38
433 32
434 61
435 187
436 205
437 48
438 220
439 101
440 131
441 130
442 150
443 31
444 49
445 117
446 45
447 32
448 120
449 145
450 155
451 42
452 48
453 78
454 100
455 57
456 69
457 140
458 168
459 160
460 172
461 64
462 61
463 75
464 182
465 295
466 98
467 145
468 139
469 97
470 72
471 284
472 303
473 65
474 36
475 179
476 149
477 228
478 169
479 149
480 143
481 60
482 84
483 144
484 70
485 141
486 89
487 246
488 220
489 175
490 99
491 72
492 194
493 174
494 43
495 78
496 65
497 78
498 108
499 221
500 109

<precedence relations>
1,29
3,212
4,26
5,43
6,31
7,214
7,393
8,22
9,21
10,20
10,25
10,28
11,30
11,33
12,23
12,49
13,19
14,24
15,431
16,19
16,27
17,32
18,164
19,36
20,40
22,146
22,381
23,46
23,135
23,349
25,100
25,116
25,269
25,275
26,34
27,42
27,43
28,38
29,44
30,41
31,35
32,37
33,39
33,45
34,54
35,48
35,96
36,47
37,53
37,433
38,138
38,180
39,50
39,51
39,52
39,148
40,60
42,49
42,56
42,57
42,58
42,233
43,55
44,59
46,61
47,77
47,88
48,265
48,294
48,384
51,64
51,69
52,69
52,72
52,191
53,62
53,66
54,69
54,74
55,71
55,75
55,80
56,68
56,74
56,95
57,73
58,63
58,65
61,67
61,70
62,84
62,105
63,86
63,90
65,227
66,321
66,376
68,76
68,79
68,81
68,88
68,119
68,144
69,82
69,89
70,83
70,85
70,87
71,77
72,78
72,80
72,353
74,182
74,270
74,352
75,299
76,102
76,215
76,399
77,101
77,103
78,429
78,470
79,92
79,96
79,273
80,236
81,98
81,279
81,343
82,95
82,104
83,97
84,163
85,99
85,131
87,204
88,91
89,93
89,94
89,100
90,105
91,106
92,107
93,118
94,111
94,113
94,114
94,124
94,125
95,480
96,109
96,122
96,289
97,306
98,112
98,121
99,110
99,119
99,227
99,228
100,212
101,108
102,115
103,116
103,123
104,120
105,117
106,392
107,128
107,237
107,309
109,130
109,131
110,140
112,200
112,234
113,126
115,307
116,133
117,134
118,129
118,136
118,259
119,401
120,127
121,137
121,138
121,139
122,132
124,142
124,180
125,135
126,156
127,143
128,141
128,145
128,300
128,343
129,142
129,144
129,146
131,151
132,186
132,224
132,275
133,148
133,149
133,153
134,145
134,152
135,150
138,154
140,147
140,155
141,160
141,167
141,342
143,161
143,399
144,157
144,421
145,466
145,491
146,159
146,165
147,461
148,162
148,168
149,163
149,379
149,460
150,170
150,366
151,169
151,352
152,164
152,467
153,158
154,166
154,331
155,200
156,237
157,174
157,177
157,448
158,176
158,181
158,182
159,179
159,183
159,210
161,172
162,175
162,180
163,171
164,463
166,334
167,483
168,178
170,173
170,496
171,192
175,186
175,188
175,198
176,187
176,191
176,193
177,189
177,195
177,203
178,185
178,201
180,197
180,383
181,190
181,202
183,184
183,194
183,196
183,199
183,200
183,462
184,211
184,218
185,222
186,207
186,221
187,213
187,286
189,216
189,220
189,347
189,444
191,368
192,209
192,215
194,214
195,217
195,402
197,210
197,284
197,347
198,206
198,238
200,205
200,208
200,437
201,219
201,319
201,345
202,212
203,204
203,418
204,280
205,295
205,387
207,223
207,225
207,227
207,232
207,234
209,228
210,229
210,349
211,230
211,415
212,224
212,241
213,301
214,351
214,361
218,233
218,376
218,428
221,226
221,231
222,363
223,236
223,245
223,247
224,239
224,242
225,241
225,252
226,244
228,250
229,249
230,246
231,240
231,248
232,235
232,238
232,243
232,386
233,237
233,356
235,255
235,381
235,398
236,266
237,465
238,263
240,253
241,389
241,455
242,480
244,258
244,262
244,356
245,251
245,254
245,257
245,261
246,256
246,493
247,252
248,260
248,403
248,498
250,259
250,295
250,327
251,281
251,406
253,277
253,282
253,291
254,270
254,274
254,283
255,271
255,276
255,287
256,264
256,269
256,275
257,265
257,278
259,268
259,273
261,272
261,279
262,266
262,267
262,327
262,479
263,280
263,343
266,293
269,289
269,404
270,285
270,298
270,451
272,288
272,291
273,314
274,284
274,295
277,287
277,306
278,286
278,292
279,296
280,294
281,290
282,388
283,444
284,302
284,303
284,305
285,301
288,304
291,306
291,423
292,298
293,304
294,297
295,300
296,299
298,310
298,311
298,317
299,313
299,316
300,307
300,315
301,314
302,309
302,349
304,318
304,359
305,308
305,311
306,312
307,336
309,323
310,322
310,331
310,434
311,319
312,321
312,327
312,334
313,325
313,330
314,332
317,324
317,326
317,328
317,333
318,320
318,329
319,346
321,372
322,343
323,339
323,475
324,345
325,336
325,342
326,340
326,344
326,402
328,363
329,491
330,348
330,488
331,335
331,341
331,393
332,337
333,338
334,390
334,410
336,350
336,357
339,352
340,347
340,348
340,356
341,349
343,353
344,358
346,351
346,354
346,355
347,359
347,369
347,371
347,467
348,370
350,366
351,362
351,364
352,368
355,363
356,365
357,360
357,361
357,367
357,422
359,373
359,425
360,376
361,382
361,388
362,372
363,377
363,378
363,379
363,382
364,453
365,383
365,445
367,376
367,403
368,374
368,375
368,381
371,380
371,403
372,394
372,399
374,386
374,390
374,393
374,395
374,412
374,423
377,396
379,385
379,392
380,384
380,387
380,398
381,388
381,397
382,389
382,391
382,440
382,444
383,399
384,409
384,420
385,401
385,406
386,436
389,445
390,404
390,405
392,400
392,402
392,407
392,408
392,462
392,493
394,412
395,410
396,403
396,475
397,411
400,498
401,419
401,427
403,415
403,420
404,421
404,428
405,416
405,426
406,414
406,425
406,462
408,417
408,418
408,424
409,422
411,423
412,413
413,431
414,434
414,474
415,431
421,484
422,440
422,473
423,433
423,434
423,437
424,435
424,436
424,441
426,429
426,430
427,439
427,473
428,432
428,438
429,448
429,474
430,442
430,446
430,451
431,456
433,447
434,455
435,449
436,452
437,445
438,444
439,450
439,454
440,443
440,453
442,458
442,465
444,466
445,464
446,457
446,460
446,469
446,470
447,461
448,462
452,467
452,471
453,459
454,463
455,472
456,468
457,479
459,475
461,477
462,482
463,474
468,483
469,473
469,476
469,480
472,478
472,481
473,496
474,486
474,494
474,497
475,489
478,485
478,490
478,491
478,493
479,484
479,488
479,495
479,498
481,487
481,500
482,492
482,499

<end>
