<number of tasks>
500

<cycle time>
1000

<order strength>
0.597


<task times>
1 465
2 382
3 380
4 488
5 269
6 461
7 673
8 319
9 410
10 685
11 674
12 511
13 226
14 500
15 507
16 485
17 432
18 446
19 682
20 573
21 560
22 506
23 450
24 389
25 567
26 482
27 622
28 496
29 661
30 412
31 634
32 396
33 397
34 386
35 592
36 373
37 561
38 373
39 528
40 590
41 573
42 515
43 452
44 593
45 431
46 481
47 442
48 445
49 493
50 418
51 558
52 546
53 524
54 317
55 381
56 502
57 354
58 418
59 615
60 527
61 677
62 497
63 509
64 523
65 494
66 630
67 509
68 597
69 507
70 635
71 341
72 460
73 573
74 563
75 368
76 574
77 521
78 541
79 525
80 448
81 527
82 482
83 593
84 619
85 339
86 673
87 398
88 504
89 516
90 441
91 392
92 555
93 478
94 435
95 392
96 572
97 286
98 282
99 504
100 601
101 420
102 434
103 462
104 370
105 519
106 631
107 336
108 563
109 316
110 366
111 308
112 347
113 722
114 511
115 595
116 660
117 594
118 629
119 306
120 543
121 400
122 470
123 288
124 379
125 432
126 253
127 698
128 471
129 681
130 636
131 318
132 408
133 394
134 624
135 451
136 342
137 346
138 487
139 510
140 746
141 517
142 352
143 623
144 475
145 712
146 608
147 404
148 486
149 510
150 457
151 577
152 443
153 538
154 407
155 376
156 616
157 646
158 432
159 430
160 335
161 520
162 421
163 665
164 631
165 536
166 575
167 584
168 493
169 266
170 587
171 445
172 733
173 610
174 467
175 697
176 389
177 328
178 601
179 341
180 627
181 632
182 610
183 507
184 423
185 471
186 465
187 668
188 319
189 276
190 627
191 560
192 503
193 402
194 416
195 771
196 440
197 601
198 456
199 520
200 440
201 406
202 596
203 569
204 479
205 270
206 567
207 483
208 740
209 513
210 699
211 613
212 549
213 526
214 633
215 299
216 682
217 491
218 688
219 352
220 529
221 708
222 677
223 600
224 343
225 222
226 404
227 506
228 566
229 584
230 398
231 356
232 450
233 448
234 616
235 465
236 719
237 614
238 532
239 410
240 390
241 452
242 631
243 491
244 583
245 366
246 658
247 481
248 341
249 396
250 746
251 606
252 504
253 261
254 509
255 666
256 760
257 578
258 550
259 412
260 476
261 526
262 788
263 560
264 548
265 575
266 548
267 339
268 711
269 522
270 662
271 539
272 366
273 603
274 707
275 498
276 443
277 729
278 688
279 400
280 307
281 423
282 459
283 573
284 640
285 458
286 445
287 467
288 623
289 363
290 652
291 635
292 613
293 732
294 529
295 503
296 656
297 575
298 402
299 502
300 468
301 407
302 364
303 392
304 642
305 616
306 504
307 480
308 662
309 462
310 494
311 492
312 699
313 434
314 627
315 584
316 468
317 475
318 491
319 538
320 682
321 614
322 463
323 346
324 591
325 209
326 483
327 454
328 287
329 697
330 384
331 639
332 578
333 495
334 607
335 437
336 474
337 524
338 584
339 460
340 518
341 711
342 409
343 478
344 655
345 530
346 328
347 639
348 535
349 466
350 389
351 260
352 644
353 564
354 533
355 526
356 591
357 357
358 293
359 422
360 572
361 597
362 556
363 592
364 449
365 536
366 527
367 548
368 501
369 501
370 325
371 196
372 502
373 731
374 314
375 489
376 395
377 409
378 698
379 643
380 377
381 596
382 550
383 495
384 384
385 190
386 703
387 582
388 664
389 432
390 464
391 639
392 554
393 594
394 501
395 576
396 731
397 584
398 500
399 539
400 394
401 367
402 458
403 466
404 478
405 558
406 496
407 372
408 583
409 510
410 488
411 368
412 350
413 465
414 558
415 505
416 558
417 535
418 769
419 670
420 457
421 616
422 389
423 559
424 578
425 391
426 577
427 678
428 465
429 359
430 326
431 630
432 325
433 493
434 667
435 723
436 583
437 366
438 398
439 676
440 610
441 430
442 557
443 490
444 569
445 531
446 386
447 381
448 676
449 458
450 498
451 358
452 620
453 462
454 653
455 680
456 410
457 414
458 510
459 581
460 577
461 516
462 437
463 514
464 573
465 535
466 413
467 477
468 324
469 580
470 618
471 259
472 590
473 625
474 592
475 478
476 437
477 663
478 492
479 403
480 360
481 499
482 449
483 602
484 324
485 339
486 506
487 488
488 494
489 454
490 552
491 439
492 324
493 537
494 613
495 704
496 451
497 517
498 467
499 510
500 597

<precedence relations>
1,9
2,13
2,152
3,61
3,62
4,10
4,14
5,11
6,198
7,15
7,19
8,12
8,60
8,82
8,92
9,20
10,16
10,18
10,19
10,20
10,21
11,17
11,18
11,19
11,20
11,21
11,23
12,71
13,24
13,44
14,18
14,19
14,43
15,18
15,22
16,25
17,29
18,26
19,27
19,63
20,30
20,31
20,82
21,28
21,30
21,31
21,32
21,33
22,30
22,31
22,32
22,33
22,71
22,82
23,30
23,31
23,32
23,33
24,103
25,34
26,36
27,38
28,39
29,35
30,37
30,40
30,43
31,40
31,41
31,42
32,41
33,40
33,41
33,42
33,44
34,50
35,45
36,46
37,47
38,48
39,52
40,49
40,50
40,54
41,51
41,53
41,83
41,108
42,176
43,138
44,350
45,60
46,55
47,56
48,57
49,59
50,60
50,137
51,58
51,60
51,62
52,60
52,63
53,60
53,139
54,60
54,61
55,68
56,65
57,66
58,67
59,70
60,69
60,73
61,64
61,72
62,122
62,173
63,69
63,71
64,76
65,75
66,82
67,77
68,78
69,74
70,80
70,106
71,79
71,80
71,83
72,80
72,81
73,188
74,84
75,85
76,87
77,90
78,90
79,89
80,86
80,93
80,95
81,88
81,92
82,108
82,183
83,90
83,91
83,94
84,99
85,102
86,96
87,97
88,98
89,104
90,101
90,102
90,103
90,104
90,105
91,100
91,101
91,102
91,107
92,101
92,102
92,103
92,106
93,101
93,102
93,103
93,108
94,106
94,256
95,103
95,104
95,128
96,110
97,115
98,116
99,113
100,114
101,109
101,112
101,115
101,163
102,117
103,111
103,115
103,116
104,115
104,116
104,117
105,186
106,171
106,255
106,314
107,148
108,164
108,186
109,118
110,119
111,120
112,121
113,122
114,123
115,176
116,124
116,149
117,122
117,123
117,160
117,184
118,128
119,126
120,127
121,128
122,125
122,129
122,256
123,148
123,176
124,130
125,131
126,132
127,135
128,134
128,136
128,137
128,138
128,139
128,141
129,133
129,138
129,140
129,150
130,136
130,139
131,142
132,148
133,144
134,145
135,146
136,143
137,146
137,150
137,256
138,146
138,147
138,199
139,175
139,211
140,149
141,146
141,151
141,152
142,155
143,157
144,158
145,159
146,153
146,154
146,185
146,198
147,156
147,161
148,419
149,163
150,259
151,160
151,211
151,220
151,281
152,162
152,164
153,165
154,166
155,169
156,167
157,168
158,170
159,171
160,187
160,300
161,171
162,172
162,173
162,175
162,176
163,186
164,172
164,174
165,182
166,177
167,178
168,184
169,179
170,180
171,186
171,329
172,181
172,361
173,208
174,182
174,256
175,183
175,185
176,187
176,188
176,256
177,192
178,190
179,193
180,191
181,195
182,196
183,189
183,338
184,196
184,197
185,194
185,196
186,197
186,212
187,198
187,199
187,221
187,314
188,196
188,200
189,201
190,202
191,208
192,203
193,204
194,205
195,206
196,207
196,212
197,211
198,209
198,317
199,210
199,259
199,330
200,213
201,214
202,215
203,217
204,218
205,219
206,219
207,216
207,220
207,221
207,270
208,241
208,248
208,288
209,219
210,229
210,247
210,333
211,222
211,241
211,373
212,252
213,229
213,268
213,314
214,224
215,223
216,225
217,226
218,227
219,229
220,228
220,350
220,360
220,439
221,229
221,230
222,483
223,231
224,233
225,232
226,234
227,237
228,236
229,235
229,238
229,241
230,237
230,239
230,240
231,242
232,247
233,243
234,244
235,245
236,246
237,248
237,251
237,303
238,251
238,452
239,249
239,252
240,249
240,355
241,250
241,371
242,254
243,256
244,255
245,255
246,253
246,441
246,451
247,261
247,290
248,291
249,259
250,257
250,446
251,289
251,399
252,258
252,260
252,319
253,264
254,262
255,263
255,265
255,266
256,270
257,267
257,421
258,269
259,267
259,359
260,267
260,268
261,267
261,379
262,271
263,272
264,273
265,274
266,276
267,275
267,279
267,381
268,277
268,278
268,280
269,293
270,281
271,282
272,288
273,283
274,286
275,285
276,287
277,284
277,291
277,292
277,293
278,465
279,289
279,325
279,326
279,331
279,458
280,290
282,297
283,300
284,294
285,295
286,296
287,298
288,303
288,318
289,479
290,299
290,305
291,304
291,407
292,301
292,305
293,302
293,312
293,315
293,365
294,307
295,312
296,309
297,310
298,313
299,306
299,311
299,312
299,318
300,311
300,314
301,308
301,355
301,455
302,318
303,315
303,316
303,319
303,329
304,311
304,317
304,340
305,311
305,318
305,326
306,320
307,325
308,322
309,323
310,326
311,321
311,359
312,327
312,382
312,388
313,329
313,455
314,331
315,331
315,332
316,327
316,332
317,330
317,333
317,368
318,324
319,328
320,338
321,335
322,336
323,337
324,334
324,339
326,428
326,481
326,482
327,340
327,459
329,448
329,457
329,464
330,357
330,366
331,387
331,498
332,438
333,474
334,342
335,341
336,344
337,345
338,347
338,349
339,343
339,345
339,346
339,350
340,348
340,380
340,427
341,351
342,353
343,352
344,354
345,366
346,360
346,448
346,450
346,455
346,496
347,357
347,358
347,361
347,383
348,387
348,419
349,355
349,356
349,357
349,388
350,355
350,356
350,359
350,387
350,449
351,365
352,363
353,364
354,362
355,375
355,416
356,367
357,365
357,372
357,406
357,421
359,368
360,492
361,366
361,431
361,441
362,369
363,372
364,370
365,465
366,373
366,418
367,371
367,374
368,375
368,430
369,376
370,378
371,377
371,383
371,496
372,379
372,384
372,386
372,387
373,381
373,385
373,388
373,451
374,380
374,382
374,458
375,499
376,391
377,392
378,393
379,389
379,390
379,395
380,394
380,397
380,431
382,426
384,398
386,399
387,396
388,420
388,429
389,400
390,402
391,404
392,407
393,406
394,403
395,405
396,401
398,408
399,409
399,450
400,416
401,412
402,413
403,411
404,415
405,414
406,410
407,419
407,420
407,421
408,418
409,417
410,422
411,423
412,426
413,425
414,424
415,426
416,430
416,431
417,427
417,429
418,428
420,435
420,447
420,455
422,432
423,434
424,434
425,433
427,441
428,440
428,489
429,437
429,439
429,474
430,435
430,436
431,438
431,498
431,500
432,442
433,444
434,443
434,451
435,448
435,452
436,446
439,447
440,445
440,450
441,449
442,455
443,454
444,455
445,453
447,463
448,456
448,458
448,459
449,472
452,457
453,460
454,461
455,464
455,482
457,463
457,484
458,462
459,465
459,498
460,466
461,468
462,467
462,471
462,479
463,469
463,492
465,470
465,472
465,473
465,474
466,476
467,477
468,475
469,478
470,483
471,481
471,484
472,480
472,482
473,479
475,486
476,485
477,487
478,488
481,492
482,489
482,490
482,491
485,493
486,496
487,494
488,495
489,497
490,499
490,500
492,498
492,500

<end>
