<number of tasks>
500

<cycle time>
1000

<order strength>
0.195


<task times>
1 167
2 56
3 87
4 123
5 198
6 274
7 55
8 47
9 54
10 36
11 464
12 214
13 131
14 22
15 219
16 100
17 228
18 223
19 58
20 303
21 42
22 448
23 193
24 199
25 106
26 517
27 114
28 111
29 170
30 526
31 131
32 70
33 26
34 53
35 412
36 343
37 28
38 43
39 131
40 258
41 259
42 207
43 31
44 62
45 103
46 118
47 54
48 117
49 189
50 73
51 243
52 508
53 325
54 381
55 69
56 87
57 417
58 312
59 117
60 518
61 64
62 502
63 346
64 569
65 22
66 123
67 559
68 513
69 178
70 137
71 138
72 34
73 312
74 57
75 239
76 156
77 103
78 259
79 74
80 201
81 81
82 171
83 78
84 345
85 192
86 376
87 519
88 57
89 175
90 338
91 172
92 506
93 470
94 570
95 387
96 293
97 193
98 166
99 153
100 186
101 135
102 38
103 83
104 204
105 208
106 76
107 159
108 341
109 313
110 22
111 34
112 124
113 192
114 130
115 73
116 44
117 47
118 82
119 219
120 529
121 266
122 422
123 530
124 129
125 211
126 494
127 204
128 37
129 492
130 115
131 28
132 74
133 47
134 216
135 169
136 150
137 35
138 24
139 150
140 25
141 366
142 127
143 192
144 205
145 238
146 195
147 224
148 47
149 462
150 137
151 213
152 246
153 222
154 44
155 206
156 205
157 314
158 171
159 130
160 244
161 71
162 525
163 398
164 88
165 516
166 131
167 95
168 368
169 457
170 477
171 120
172 139
173 141
174 147
175 179
176 270
177 232
178 171
179 106
180 375
181 183
182 186
183 366
184 270
185 211
186 165
187 450
188 182
189 55
190 188
191 77
192 274
193 143
194 491
195 169
196 39
197 250
198 328
199 115
200 547
201 124
202 74
203 38
204 250
205 87
206 327
207 263
208 716
209 76
210 346
211 84
212 104
213 536
214 164
215 150
216 83
217 173
218 141
219 255
220 37
221 90
222 278
223 80
224 346
225 78
226 255
227 140
228 361
229 73
230 213
231 136
232 108
233 80
234 311
235 253
236 133
237 71
238 148
239 314
240 227
241 39
242 259
243 478
244 356
245 41
246 189
247 242
248 215
249 286
250 392
251 420
252 54
253 30
254 104
255 494
256 252
257 22
258 113
259 25
260 231
261 158
262 86
263 202
264 117
265 41
266 155
267 121
268 82
269 233
270 519
271 284
272 48
273 260
274 523
275 26
276 377
277 391
278 112
279 114
280 167
281 233
282 285
283 303
284 123
285 110
286 125
287 450
288 178
289 146
290 32
291 225
292 202
293 56
294 518
295 132
296 70
297 341
298 176
299 162
300 141
301 115
302 472
303 52
304 191
305 38
306 212
307 45
308 171
309 194
310 201
311 25
312 122
313 176
314 74
315 403
316 191
317 105
318 205
319 36
320 48
321 476
322 164
323 44
324 38
325 89
326 143
327 234
328 202
329 206
330 534
331 46
332 133
333 80
334 68
335 109
336 113
337 134
338 493
339 78
340 453
341 328
342 576
343 95
344 72
345 150
346 560
347 246
348 83
349 200
350 99
351 81
352 56
353 108
354 26
355 278
356 466
357 72
358 89
359 87
360 465
361 46
362 68
363 201
364 240
365 75
366 546
367 134
368 230
369 23
370 454
371 86
372 44
373 148
374 466
375 256
376 224
377 30
378 100
379 473
380 56
381 428
382 327
383 63
384 273
385 329
386 461
387 24
388 236
389 109
390 184
391 92
392 118
393 58
394 177
395 198
396 174
397 233
398 106
399 224
400 325
401 124
402 70
403 169
404 164
405 84
406 54
407 30
408 132
409 225
410 462
411 36
412 252
413 150
414 67
415 297
416 125
417 126
418 156
419 345
420 213
421 211
422 24
423 75
424 130
425 80
426 564
427 218
428 243
429 326
430 195
431 234
432 172
433 247
434 31
435 483
436 72
437 94
438 177
439 69
440 413
441 417
442 172
443 539
444 520
445 257
446 70
447 164
448 575
449 553
450 103
451 238
452 135
453 75
454 315
455 493
456 110
457 193
458 84
459 230
460 527
461 233
462 336
463 244
464 187
465 204
466 363
467 526
468 465
469 622
470 94
471 179
472 139
473 214
474 126
475 124
476 31
477 582
478 56
479 129
480 115
481 105
482 301
483 423
484 365
485 207
486 84
487 30
488 401
489 412
490 376
491 86
492 434
493 24
494 189
495 191
496 225
497 49
498 243
499 239
500 267

<precedence relations>
2,28
3,112
3,322
3,329
4,23
5,14
5,21
5,134
6,23
6,26
6,65
7,16
8,18
8,25
8,334
9,29
9,30
10,14
10,15
10,17
10,24
10,188
11,27
12,15
12,20
12,162
13,19
13,22
13,79
14,31
14,35
14,37
14,103
14,310
15,62
15,417
16,33
16,34
17,31
17,43
18,38
18,42
18,44
18,45
18,105
19,48
20,36
21,338
22,144
24,39
24,46
24,47
25,40
26,254
27,259
28,470
29,41
29,160
30,32
30,40
30,344
31,171
32,50
32,56
32,59
32,172
33,54
33,108
34,53
34,60
36,49
36,63
37,317
38,62
38,469
39,62
39,165
39,305
40,61
41,55
42,57
42,489
45,51
45,58
45,134
45,367
46,332
48,52
48,81
49,73
49,78
49,80
50,74
50,413
50,483
51,66
51,447
52,65
52,72
52,77
53,69
53,75
53,151
53,255
54,65
54,71
54,317
55,389
56,64
56,67
56,106
57,99
57,142
59,462
60,76
60,101
61,68
61,79
63,70
63,81
65,282
66,297
66,468
67,82
69,293
69,432
70,83
70,93
70,94
71,87
71,88
71,95
72,94
72,235
73,90
73,92
73,344
74,385
75,85
75,98
76,239
76,410
78,89
78,97
78,397
79,91
79,114
79,154
80,86
80,486
81,84
81,96
82,104
83,110
85,99
85,105
85,108
86,102
87,109
88,118
88,119
88,344
89,114
89,117
90,184
90,279
91,103
91,377
92,100
92,246
93,107
93,113
93,116
93,467
94,101
94,106
94,115
94,212
95,482
96,111
98,112
98,120
98,370
99,121
99,134
99,152
100,122
100,133
100,194
100,284
102,135
102,302
102,447
105,218
106,239
106,411
106,433
107,132
107,213
107,344
108,135
109,129
109,432
111,126
111,128
112,131
112,240
113,194
113,232
114,125
114,130
115,173
115,303
118,121
118,123
118,127
118,347
120,124
121,137
121,230
122,141
122,382
123,143
123,208
125,138
126,136
126,144
127,139
127,272
128,433
129,204
130,145
131,147
131,333
134,140
134,296
135,142
135,387
136,149
136,155
136,190
136,201
138,150
139,151
139,157
139,159
140,158
140,161
140,276
140,353
140,359
141,156
142,152
142,328
143,147
144,148
144,153
144,154
144,160
145,146
145,286
147,162
147,165
148,170
149,173
149,195
149,241
150,447
151,166
152,407
153,455
154,171
154,208
155,163
155,164
157,167
157,172
157,176
158,169
159,168
159,471
162,189
162,416
163,175
163,179
163,180
163,387
164,177
164,178
164,181
165,409
166,185
167,186
167,189
167,190
167,248
168,188
168,222
168,270
169,440
170,174
170,176
170,187
171,183
171,184
171,185
173,182
173,338
174,195
177,372
178,198
178,426
179,245
180,290
181,194
181,200
181,435
182,193
183,196
185,191
185,197
185,287
187,201
188,235
189,199
189,368
190,192
192,203
192,207
192,467
193,210
193,286
194,202
194,256
195,205
195,211
195,213
196,204
196,307
197,206
197,214
197,288
197,442
199,209
199,212
200,216
200,273
201,208
201,292
201,370
202,224
203,219
204,217
204,222
204,223
204,226
205,225
205,228
206,215
208,216
208,222
208,227
209,221
210,220
210,275
211,229
212,433
213,490
214,218
214,313
214,491
215,242
215,243
216,231
216,241
216,246
216,476
217,230
217,488
218,351
218,471
219,245
220,232
220,239
221,234
221,237
221,238
221,494
223,460
225,244
225,247
226,233
227,240
229,235
229,236
229,354
231,253
232,255
234,258
235,259
236,252
236,257
239,416
240,250
240,260
241,297
241,431
242,256
243,248
244,249
247,251
247,254
247,370
248,266
248,267
248,273
249,265
250,272
251,316
253,263
254,268
254,373
255,261
255,329
256,264
256,271
257,370
258,262
258,269
258,270
258,400
261,285
263,280
263,287
263,324
263,343
264,279
265,286
265,288
266,281
266,331
266,387
267,275
268,276
269,284
270,274
271,282
272,278
272,289
273,277
273,283
274,294
275,293
275,295
276,290
276,303
277,296
277,297
277,454
278,298
278,299
278,304
284,424
285,295
286,292
286,301
287,300
288,291
288,302
289,355
289,444
290,310
291,305
291,308
292,306
292,311
292,316
293,313
294,307
294,309
294,319
294,413
295,311
295,312
295,486
296,318
298,477
301,317
302,315
302,470
304,314
305,336
306,329
307,330
309,334
310,320
310,332
310,360
311,322
311,326
311,359
312,327
312,331
314,323
314,324
315,325
316,333
316,335
317,328
319,321
320,469
323,339
323,342
323,348
324,338
324,341
324,349
325,343
325,382
327,346
327,470
328,351
329,454
331,337
331,409
331,469
332,344
333,340
333,347
335,408
336,345
336,350
337,356
339,354
340,355
340,394
342,353
342,358
342,360
346,357
346,385
348,352
349,359
350,361
351,355
352,364
352,366
353,365
354,363
354,367
354,377
355,375
355,379
356,370
356,372
356,373
356,378
357,376
358,371
358,374
359,362
359,369
361,368
362,382
362,387
363,384
364,384
365,386
365,388
366,383
367,414
368,385
370,389
370,391
371,452
372,381
373,390
374,392
374,423
374,452
377,380
377,408
377,424
379,390
381,397
383,400
383,402
384,398
385,396
386,403
387,395
387,408
388,394
390,399
392,393
392,401
394,408
394,416
394,458
395,411
395,417
395,483
396,410
396,412
396,418
398,404
398,414
399,407
399,415
401,406
402,409
402,413
403,405
403,420
404,421
404,430
405,422
406,419
408,427
408,431
409,420
409,423
409,425
410,428
411,432
417,424
418,426
418,429
420,433
420,439
421,436
421,447
422,434
422,435
423,444
423,446
424,443
424,445
425,437
426,441
428,438
429,440
430,442
433,458
434,455
437,457
440,452
440,454
440,459
442,451
442,452
442,460
443,456
444,449
445,448
445,450
445,453
449,463
449,472
450,461
450,466
451,467
452,465
452,473
455,469
456,470
456,471
457,468
458,477
460,462
460,464
462,483
462,485
464,486
465,479
466,478
466,481
467,490
468,487
469,488
470,475
470,484
471,474
471,477
471,480
472,476
472,489
473,482
476,494
476,500
477,492
478,493
478,499
480,498
481,497
483,491
489,495
489,496

<end>
