<number of tasks>
500

<cycle time>
1000

<order strength>
0.595


<task times>
1 267
2 311
3 584
4 551
5 619
6 586
7 548
8 481
9 530
10 542
11 411
12 620
13 456
14 443
15 488
16 217
17 481
18 654
19 520
20 533
21 594
22 575
23 371
24 612
25 609
26 521
27 502
28 725
29 469
30 453
31 512
32 363
33 531
34 373
35 309
36 595
37 394
38 468
39 506
40 408
41 432
42 261
43 582
44 647
45 432
46 285
47 662
48 497
49 559
50 464
51 608
52 468
53 452
54 371
55 641
56 616
57 598
58 551
59 489
60 546
61 574
62 551
63 336
64 680
65 510
66 499
67 520
68 554
69 481
70 330
71 399
72 625
73 442
74 802
75 248
76 478
77 414
78 484
79 346
80 520
81 325
82 260
83 700
84 521
85 285
86 438
87 692
88 380
89 494
90 616
91 818
92 550
93 383
94 575
95 533
96 778
97 564
98 280
99 513
100 323
101 551
102 282
103 534
104 533
105 438
106 495
107 269
108 537
109 483
110 575
111 430
112 391
113 313
114 724
115 451
116 483
117 388
118 516
119 156
120 435
121 413
122 519
123 672
124 598
125 473
126 609
127 522
128 563
129 280
130 632
131 412
132 539
133 676
134 478
135 516
136 594
137 485
138 448
139 656
140 509
141 643
142 738
143 415
144 447
145 617
146 369
147 567
148 635
149 516
150 554
151 418
152 614
153 428
154 528
155 516
156 664
157 480
158 387
159 540
160 306
161 439
162 642
163 541
164 675
165 377
166 515
167 210
168 383
169 648
170 640
171 602
172 431
173 458
174 816
175 604
176 547
177 318
178 447
179 393
180 260
181 682
182 656
183 644
184 326
185 590
186 756
187 424
188 620
189 450
190 679
191 518
192 213
193 493
194 491
195 614
196 590
197 468
198 317
199 451
200 194
201 479
202 621
203 426
204 489
205 466
206 710
207 551
208 486
209 476
210 415
211 505
212 427
213 611
214 582
215 400
216 714
217 482
218 427
219 404
220 349
221 502
222 300
223 337
224 543
225 421
226 507
227 465
228 796
229 615
230 549
231 264
232 489
233 661
234 242
235 343
236 540
237 326
238 472
239 695
240 712
241 460
242 255
243 443
244 630
245 629
246 546
247 517
248 480
249 542
250 511
251 512
252 775
253 514
254 720
255 396
256 449
257 555
258 652
259 587
260 367
261 565
262 514
263 603
264 432
265 566
266 571
267 569
268 692
269 593
270 639
271 667
272 592
273 651
274 402
275 488
276 462
277 334
278 545
279 472
280 393
281 564
282 652
283 476
284 560
285 397
286 557
287 614
288 567
289 541
290 496
291 628
292 374
293 213
294 738
295 452
296 621
297 699
298 188
299 450
300 412
301 358
302 416
303 458
304 370
305 495
306 284
307 497
308 561
309 316
310 537
311 224
312 441
313 210
314 617
315 650
316 399
317 653
318 468
319 468
320 513
321 432
322 690
323 308
324 513
325 658
326 135
327 504
328 448
329 624
330 407
331 611
332 587
333 534
334 576
335 553
336 577
337 694
338 436
339 537
340 523
341 228
342 373
343 279
344 385
345 555
346 547
347 671
348 357
349 474
350 448
351 299
352 567
353 438
354 427
355 426
356 507
357 314
358 569
359 435
360 529
361 601
362 409
363 347
364 774
365 631
366 397
367 634
368 506
369 472
370 606
371 357
372 377
373 413
374 515
375 555
376 330
377 316
378 559
379 592
380 350
381 529
382 690
383 373
384 466
385 499
386 515
387 468
388 626
389 536
390 439
391 734
392 801
393 520
394 785
395 409
396 273
397 454
398 485
399 639
400 494
401 636
402 529
403 648
404 472
405 501
406 318
407 552
408 461
409 426
410 632
411 501
412 596
413 522
414 506
415 260
416 508
417 425
418 564
419 526
420 509
421 573
422 497
423 504
424 443
425 380
426 588
427 439
428 573
429 505
430 668
431 241
432 408
433 620
434 556
435 513
436 501
437 546
438 530
439 710
440 591
441 656
442 539
443 122
444 557
445 398
446 295
447 380
448 593
449 503
450 522
451 373
452 475
453 524
454 429
455 653
456 469
457 670
458 347
459 389
460 564
461 471
462 648
463 527
464 371
465 521
466 532
467 565
468 506
469 568
470 508
471 434
472 489
473 579
474 426
475 424
476 470
477 561
478 553
479 419
480 540
481 544
482 536
483 265
484 531
485 460
486 554
487 644
488 308
489 597
490 605
491 570
492 371
493 472
494 274
495 569
496 526
497 335
498 549
499 415
500 410

<precedence relations>
1,26
2,26
3,151
4,121
5,121
6,374
7,101
8,320
9,247
10,11
10,12
10,13
10,14
10,15
10,16
10,17
10,18
10,19
10,20
10,21
10,22
10,23
10,24
11,26
12,26
13,26
14,175
15,175
16,151
17,151
18,73
19,121
20,167
21,101
22,339
23,247
24,25
24,27
24,28
24,29
24,30
24,31
24,32
24,33
24,34
24,35
24,36
25,436
26,38
26,39
26,40
26,41
26,42
27,175
28,151
29,73
30,121
31,101
32,101
33,210
34,47
34,48
35,37
35,44
35,45
35,46
35,80
36,43
36,65
36,98
36,108
37,194
38,101
39,54
39,87
39,173
39,183
40,49
40,50
40,58
40,91
40,92
41,55
41,87
41,149
42,73
43,121
44,167
45,61
45,183
46,49
46,51
46,56
46,86
46,135
46,150
47,52
47,57
48,53
48,66
48,67
48,75
48,133
48,153
49,151
50,151
51,151
52,73
53,121
54,487
55,101
56,60
56,108
56,166
57,59
57,61
57,63
57,64
57,69
57,70
58,62
58,65
58,66
58,67
58,68
59,194
60,400
61,151
62,151
63,73
64,121
65,121
66,167
67,290
68,70
68,71
68,72
68,76
68,77
68,79
68,110
69,72
69,74
69,75
69,78
69,80
70,194
71,400
72,151
73,82
73,83
73,84
73,85
73,86
73,87
73,88
73,90
73,91
73,92
74,121
75,269
76,487
77,101
78,101
79,295
80,81
80,89
80,93
80,94
80,95
80,115
81,151
82,290
83,97
83,102
84,98
84,106
85,96
85,99
86,423
87,101
88,101
89,295
90,315
91,98
91,101
91,148
92,96
92,97
92,103
92,104
92,148
93,96
93,99
94,109
95,100
95,105
95,107
96,151
97,151
98,121
99,121
100,121
101,108
101,109
101,111
101,112
101,113
101,114
101,115
101,116
101,125
102,210
103,402
104,320
105,135
106,259
107,110
107,117
108,194
109,151
110,121
111,295
112,418
113,118
113,124
114,119
114,240
114,293
115,118
115,120
115,122
116,317
116,462
117,123
117,180
118,194
119,400
120,151
121,126
121,127
121,128
121,129
121,130
121,131
121,132
122,290
123,125
123,135
123,136
124,133
124,134
124,192
125,194
126,469
127,175
128,167
129,247
130,137
130,139
130,142
131,140
131,143
132,137
132,145
132,147
133,269
134,137
134,144
134,269
135,141
135,148
136,137
136,138
136,146
136,156
137,469
138,345
139,151
140,151
141,487
142,210
143,339
144,320
145,149
145,151
145,154
145,155
145,156
146,260
147,150
147,152
147,154
147,210
148,149
148,153
148,154
148,156
149,194
150,400
151,158
151,159
151,160
151,161
151,162
151,165
152,487
153,247
154,290
155,157
155,163
156,157
156,164
156,200
157,400
158,470
159,167
160,166
160,167
160,171
161,170
161,230
161,237
162,180
162,270
163,168
163,172
164,166
164,173
164,186
165,166
165,167
165,168
165,169
166,175
167,176
167,177
167,178
167,179
167,184
167,229
168,402
169,320
170,174
170,181
171,174
171,180
171,182
172,183
172,237
172,240
173,228
174,436
175,185
175,187
175,188
175,189
175,190
175,191
176,339
177,193
178,186
178,259
178,273
178,287
179,291
180,269
181,192
181,212
181,252
181,262
183,282
185,194
186,400
187,269
188,210
189,247
190,199
190,201
191,198
191,222
191,306
192,196
192,197
193,195
193,200
194,202
194,203
194,204
194,205
194,206
194,207
194,208
194,209
195,470
196,269
197,374
198,423
199,210
200,210
201,211
201,321
201,367
202,282
203,222
204,213
204,248
205,224
206,222
206,266
206,336
207,421
208,223
208,229
208,230
208,235
209,212
209,306
209,316
210,212
210,214
210,215
210,216
210,217
210,218
210,219
210,220
210,221
211,499
212,400
213,423
214,250
214,489
215,228
216,233
216,394
217,227
217,397
218,226
218,320
219,232
219,239
220,461
220,463
221,225
221,303
221,395
222,339
223,283
223,447
224,229
225,469
226,400
227,423
228,230
228,235
228,236
228,241
229,231
229,232
229,233
229,234
229,237
229,238
229,239
229,240
230,436
231,469
232,374
233,423
234,320
235,247
236,290
237,242
237,245
237,249
237,286
238,246
238,264
239,243
239,244
239,423
240,265
240,294
241,248
241,262
241,282
242,436
243,400
244,345
245,470
246,320
247,250
247,251
247,253
247,254
247,255
247,256
247,257
247,258
248,260
248,264
248,272
249,252
249,259
250,436
251,269
252,269
253,343
255,325
255,393
256,264
256,320
256,358
257,261
257,262
257,265
258,262
258,266
259,373
259,466
260,261
260,263
260,267
261,269
262,418
263,320
264,304
264,305
265,273
266,268
266,272
267,270
267,271
267,373
268,345
269,274
269,275
269,276
269,277
269,278
269,279
269,280
269,281
269,283
270,423
271,423
272,316
273,282
273,284
274,315
274,394
274,471
275,287
275,290
276,380
277,285
278,288
278,291
278,293
278,396
279,292
279,294
280,289
280,344
281,296
282,290
283,474
284,286
285,423
286,295
287,295
288,402
289,402
290,297
290,298
290,299
290,300
290,301
290,302
290,304
291,296
291,372
292,303
292,313
293,373
293,401
293,423
294,304
294,320
295,307
295,308
295,309
295,310
295,311
295,312
296,418
297,313
297,397
298,420
299,327
299,378
300,315
300,422
301,346
302,305
302,306
302,313
302,327
303,314
303,318
304,316
304,342
305,345
306,423
307,320
308,378
308,495
309,372
310,462
311,324
311,326
312,317
312,367
312,392
312,420
313,323
314,319
314,322
314,339
315,317
315,416
315,417
316,318
316,321
317,469
318,400
319,423
320,325
320,327
320,328
320,329
320,330
320,331
320,332
320,333
320,334
321,325
321,326
321,337
322,499
323,335
323,336
323,459
324,325
325,374
326,418
327,339
328,337
330,341
330,342
330,394
331,341
331,343
331,345
332,343
333,338
333,340
333,369
334,460
335,344
336,342
336,344
337,345
338,402
339,347
339,348
339,349
339,350
339,351
339,352
339,353
339,354
339,355
339,356
339,357
339,373
340,346
341,346
341,376
341,393
342,466
343,466
344,345
344,358
344,370
345,360
345,361
345,362
345,363
345,364
345,365
346,423
347,370
347,500
348,367
348,374
349,371
351,366
352,434
353,418
354,470
355,379
356,359
356,366
356,380
357,368
358,369
359,400
360,474
360,500
362,373
363,372
363,373
363,375
363,376
363,378
365,373
366,374
368,396
369,395
371,374
371,377
371,416
372,469
373,400
374,381
374,382
374,383
374,384
374,385
374,386
374,387
374,388
374,389
374,390
374,391
374,392
374,394
374,396
375,379
375,395
377,393
378,380
379,400
380,487
381,402
382,461
382,472
385,466
385,500
386,465
387,419
388,399
388,403
388,458
388,466
388,471
390,401
390,447
391,398
392,495
393,467
393,498
396,397
396,418
397,469
398,469
399,469
400,404
400,405
400,406
400,407
400,408
400,409
400,410
400,411
400,416
401,470
402,412
402,413
402,414
402,415
403,411
403,464
404,418
405,421
408,419
409,467
410,461
411,487
412,417
414,422
415,471
416,420
417,423
418,422
418,424
418,425
418,426
418,427
418,428
418,429
418,430
418,431
418,432
418,433
418,434
419,434
421,435
421,489
422,436
423,437
423,438
423,439
423,440
423,441
423,442
423,443
423,444
423,445
425,463
425,473
425,474
426,488
429,447
430,460
430,469
431,446
436,448
436,449
436,450
436,451
436,452
436,453
436,454
436,455
436,456
437,457
440,487
441,457
441,458
445,472
445,473
446,488
450,496
454,461
456,487
457,459
457,497
458,460
459,463
459,466
460,464
460,465
460,467
461,462
461,468
462,469
463,469
464,470
465,487
466,474
467,472
467,473
468,471
469,475
469,476
469,477
469,478
469,479
469,480
469,481
469,482
470,483
470,484
470,485
470,486
470,489
471,487
472,488
472,495
480,495
487,490
487,491
487,492
487,493
487,494
490,496
490,499
492,500
493,497
494,498

<end>
