<number of tasks>
500

<cycle time>
1000

<order strength>
0.271


<task times>
1 79
2 24
3 485
4 219
5 71
6 61
7 152
8 455
9 397
10 180
11 148
12 482
13 142
14 215
15 330
16 171
17 370
18 205
19 393
20 508
21 90
22 130
23 291
24 33
25 263
26 232
27 495
28 328
29 199
30 201
31 149
32 262
33 308
34 74
35 180
36 324
37 268
38 105
39 45
40 28
41 505
42 510
43 217
44 89
45 87
46 244
47 188
48 50
49 126
50 60
51 123
52 94
53 225
54 206
55 54
56 152
57 103
58 197
59 304
60 68
61 384
62 206
63 181
64 372
65 243
66 175
67 453
68 350
69 493
70 259
71 213
72 231
73 395
74 85
75 371
76 58
77 83
78 549
79 23
80 585
81 72
82 113
83 234
84 511
85 232
86 144
87 156
88 131
89 103
90 127
91 48
92 206
93 185
94 361
95 142
96 30
97 263
98 249
99 210
100 197
101 184
102 94
103 528
104 578
105 399
106 507
107 40
108 69
109 511
110 114
111 111
112 117
113 467
114 108
115 144
116 94
117 180
118 155
119 148
120 122
121 163
122 195
123 254
124 83
125 522
126 285
127 500
128 103
129 38
130 75
131 146
132 184
133 260
134 241
135 65
136 558
137 248
138 31
139 116
140 455
141 59
142 339
143 235
144 539
145 260
146 336
147 62
148 458
149 261
150 196
151 136
152 29
153 36
154 60
155 248
156 101
157 26
158 153
159 38
160 35
161 26
162 182
163 95
164 131
165 141
166 200
167 165
168 134
169 579
170 38
171 207
172 79
173 59
174 78
175 275
176 43
177 187
178 398
179 197
180 86
181 166
182 43
183 225
184 340
185 361
186 121
187 124
188 160
189 417
190 41
191 79
192 56
193 63
194 207
195 187
196 476
197 511
198 243
199 161
200 57
201 60
202 286
203 239
204 450
205 327
206 213
207 132
208 497
209 233
210 133
211 160
212 543
213 59
214 154
215 300
216 193
217 211
218 103
219 513
220 414
221 57
222 58
223 84
224 21
225 431
226 32
227 210
228 76
229 495
230 137
231 327
232 525
233 134
234 46
235 171
236 33
237 187
238 304
239 384
240 371
241 182
242 107
243 241
244 146
245 287
246 483
247 122
248 505
249 170
250 209
251 380
252 251
253 26
254 124
255 50
256 125
257 291
258 124
259 177
260 117
261 204
262 162
263 495
264 177
265 53
266 446
267 186
268 97
269 208
270 57
271 28
272 228
273 154
274 133
275 306
276 68
277 287
278 409
279 63
280 397
281 273
282 94
283 146
284 160
285 534
286 493
287 116
288 435
289 564
290 264
291 118
292 101
293 482
294 324
295 284
296 123
297 32
298 64
299 77
300 367
301 110
302 521
303 190
304 214
305 23
306 457
307 172
308 25
309 317
310 118
311 219
312 303
313 73
314 120
315 349
316 27
317 78
318 291
319 53
320 303
321 490
322 493
323 141
324 72
325 229
326 186
327 78
328 179
329 142
330 229
331 58
332 131
333 253
334 222
335 280
336 100
337 418
338 508
339 104
340 72
341 500
342 133
343 196
344 387
345 97
346 252
347 222
348 236
349 39
350 88
351 184
352 41
353 124
354 508
355 266
356 68
357 328
358 131
359 290
360 96
361 442
362 140
363 352
364 671
365 70
366 86
367 273
368 283
369 96
370 238
371 258
372 139
373 105
374 197
375 93
376 36
377 489
378 240
379 276
380 313
381 386
382 228
383 559
384 73
385 286
386 611
387 167
388 512
389 297
390 292
391 137
392 281
393 333
394 520
395 443
396 505
397 168
398 94
399 325
400 286
401 327
402 148
403 269
404 190
405 580
406 171
407 141
408 409
409 222
410 21
411 148
412 202
413 283
414 445
415 540
416 195
417 425
418 469
419 225
420 97
421 58
422 54
423 54
424 45
425 119
426 340
427 121
428 496
429 385
430 88
431 498
432 163
433 43
434 20
435 230
436 122
437 180
438 293
439 260
440 79
441 289
442 60
443 48
444 274
445 313
446 33
447 267
448 321
449 131
450 150
451 503
452 304
453 217
454 77
455 425
456 110
457 163
458 68
459 148
460 422
461 56
462 191
463 579
464 330
465 326
466 41
467 184
468 163
469 25
470 144
471 302
472 182
473 149
474 301
475 170
476 100
477 321
478 551
479 209
480 509
481 104
482 248
483 70
484 582
485 115
486 47
487 69
488 87
489 332
490 65
491 80
492 511
493 561
494 164
495 201
496 248
497 115
498 37
499 102
500 161

<precedence relations>
1,76
2,368
3,471
4,107
5,107
6,107
7,214
8,191
9,23
10,24
11,16
11,22
12,18
12,27
12,29
13,17
13,19
13,21
13,25
14,15
14,20
14,26
14,28
15,76
16,76
17,302
18,471
19,471
20,108
21,108
22,246
23,36
24,30
25,37
25,39
25,40
25,41
26,33
27,34
27,42
28,31
28,32
28,35
28,38
29,43
30,302
31,471
32,107
33,107
34,108
35,246
36,50
37,51
38,49
38,52
38,54
38,56
39,45
40,44
40,46
41,47
41,57
42,48
42,55
43,53
44,76
45,107
46,107
47,173
48,386
49,191
50,69
51,72
52,70
53,71
54,58
54,74
55,63
55,67
56,60
56,61
57,59
57,62
57,64
57,65
57,66
57,68
57,73
57,75
58,76
59,76
60,76
61,76
62,107
63,107
64,107
65,173
66,214
67,246
68,191
69,88
70,85
71,87
72,78
72,79
72,80
72,82
72,89
72,93
73,77
73,84
73,86
73,91
73,92
74,83
75,81
75,90
76,94
76,95
76,96
76,97
76,98
76,99
76,100
76,101
76,102
76,103
76,104
76,105
76,106
77,107
78,107
79,108
80,108
81,214
82,214
83,191
84,191
85,110
86,112
87,111
91,113
93,109
94,125
94,126
95,130
107,114
107,115
107,116
107,117
107,118
107,119
107,129
108,120
108,121
108,122
108,123
109,191
110,128
111,127
112,124
114,137
115,140
116,138
116,142
117,132
121,134
124,173
125,135
126,136
127,131
128,139
129,133
129,141
131,302
132,173
133,191
134,191
135,150
136,151
137,148
138,153
138,156
139,144
139,145
139,146
139,147
139,157
140,154
141,143
142,149
142,152
142,155
143,471
144,272
145,272
146,272
147,173
148,166
149,164
149,165
150,158
150,159
150,168
150,171
152,169
153,163
153,167
154,170
155,162
157,160
157,161
158,368
159,368
160,471
161,173
162,191
163,191
164,177
165,178
166,179
167,176
168,174
169,172
169,175
169,180
171,181
171,182
172,272
173,184
173,186
173,187
173,188
173,189
173,190
173,195
173,196
174,214
175,191
176,191
177,183
178,192
179,194
180,185
180,193
181,197
182,198
183,368
184,272
185,472
186,213
187,209
187,212
188,201
191,202
191,203
191,204
191,205
191,206
191,210
191,211
192,199
193,207
194,208
197,200
199,302
200,472
201,214
203,223
206,221
206,225
207,216
208,217
209,215
209,224
210,219
211,220
211,222
212,218
214,230
214,231
214,232
214,233
214,234
214,235
214,236
214,237
214,242
215,240
216,239
219,227
220,228
220,243
221,241
224,238
225,226
225,229
226,368
227,472
228,386
229,386
230,250
231,249
232,254
233,252
233,253
234,251
238,246
239,247
240,244
242,245
242,248
244,472
245,472
246,256
246,257
246,258
246,259
247,263
248,260
248,262
249,255
249,261
250,265
250,269
250,270
250,271
251,264
251,266
252,267
253,268
255,272
256,275
259,282
260,273
261,276
262,277
264,274
264,280
266,283
267,281
271,278
271,279
272,285
272,286
272,287
272,288
272,289
272,290
272,291
273,296
274,292
275,293
276,284
277,295
278,294
279,297
281,300
282,298
282,299
283,301
284,302
285,305
289,303
292,308
293,309
294,306
295,307
297,304
300,310
302,311
302,312
302,313
302,314
302,315
302,316
302,317
302,318
302,319
302,320
302,321
302,322
302,323
302,324
302,325
302,326
302,327
302,328
302,329
302,330
302,331
302,332
302,333
302,334
302,335
302,336
303,471
304,337
305,338
306,341
307,342
308,339
308,344
309,343
309,345
310,340
313,352
314,353
319,347
331,355
332,354
337,351
338,346
339,348
339,350
340,349
346,368
347,386
348,360
349,363
350,358
350,359
350,361
351,357
351,367
352,362
353,364
353,366
355,356
355,365
356,368
357,368
358,368
359,372
360,371
361,374
362,375
363,376
364,377
365,370
365,373
367,369
367,378
367,379
367,380
368,381
368,382
368,383
368,384
368,385
368,394
368,395
368,398
369,471
370,386
371,387
372,393
373,389
374,390
375,388
376,391
377,392
378,399
379,396
379,397
381,411
386,400
386,401
386,402
386,403
386,404
387,409
388,405
389,406
390,410
391,409
392,408
394,407
399,412
401,416
402,419
402,420
405,413
406,414
407,415
408,417
410,421
411,418
413,424
414,425
415,426
416,423
416,427
419,422
419,428
421,429
422,471
423,430
424,431
425,432
426,433
427,434
427,435
428,436
428,439
429,437
429,438
430,440
431,441
432,442
433,443
434,444
435,445
436,446
436,447
436,449
436,453
436,455
437,448
437,452
438,454
439,450
439,451
440,462
441,456
442,463
443,458
444,459
445,464
446,460
447,461
448,466
449,457
449,468
451,465
451,470
452,467
453,469
456,471
457,472
458,474
459,475
460,474
461,473
466,477
467,476
468,478
471,479
471,480
471,481
471,482
471,483
471,484
471,485
471,486
471,487
471,488
471,489
471,490
471,491
472,492
472,493
472,494
472,495
472,496
472,497
472,498
472,499
473,500

<end>
