<number of tasks>
500

<cycle time>
1000

<order strength>
0.195


<task times>
1 43
2 142
3 151
4 139
5 109
6 161
7 160
8 135
9 154
10 60
11 56
12 271
13 108
14 160
15 150
16 117
17 68
18 102
19 160
20 314
21 36
22 154
23 199
24 292
25 59
26 336
27 286
28 93
29 123
30 172
31 125
32 90
33 64
34 162
35 31
36 120
37 151
38 141
39 229
40 267
41 161
42 131
43 91
44 196
45 36
46 71
47 239
48 87
49 96
50 63
51 149
52 206
53 204
54 98
55 144
56 119
57 97
58 105
59 79
60 117
61 262
62 92
63 203
64 129
65 80
66 74
67 237
68 89
69 123
70 186
71 143
72 121
73 92
74 93
75 89
76 114
77 73
78 74
79 52
80 180
81 58
82 78
83 102
84 91
85 38
86 136
87 93
88 113
89 53
90 123
91 152
92 46
93 245
94 276
95 115
96 122
97 55
98 276
99 262
100 98
101 153
102 43
103 126
104 268
105 158
106 35
107 143
108 51
109 100
110 87
111 253
112 65
113 77
114 185
115 160
116 196
117 181
118 29
119 182
120 133
121 178
122 103
123 150
124 55
125 85
126 24
127 61
128 81
129 138
130 147
131 61
132 65
133 22
134 22
135 47
136 60
137 75
138 44
139 96
140 147
141 169
142 34
143 33
144 198
145 187
146 55
147 52
148 339
149 85
150 95
151 237
152 22
153 223
154 135
155 54
156 177
157 134
158 173
159 79
160 206
161 89
162 84
163 281
164 22
165 150
166 164
167 291
168 35
169 110
170 110
171 136
172 145
173 90
174 23
175 214
176 152
177 60
178 68
179 81
180 139
181 182
182 143
183 157
184 192
185 140
186 197
187 257
188 184
189 61
190 26
191 52
192 47
193 84
194 130
195 67
196 130
197 31
198 23
199 55
200 88
201 27
202 62
203 212
204 189
205 31
206 143
207 80
208 250
209 256
210 21
211 44
212 83
213 57
214 69
215 179
216 296
217 64
218 50
219 262
220 21
221 136
222 183
223 68
224 81
225 78
226 248
227 235
228 152
229 56
230 112
231 155
232 80
233 304
234 144
235 203
236 62
237 25
238 107
239 230
240 327
241 162
242 163
243 97
244 42
245 64
246 257
247 137
248 132
249 158
250 137
251 396
252 198
253 151
254 62
255 132
256 55
257 92
258 203
259 42
260 324
261 154
262 134
263 210
264 187
265 190
266 217
267 165
268 159
269 99
270 109
271 207
272 89
273 192
274 72
275 34
276 92
277 273
278 421
279 234
280 96
281 129
282 83
283 202
284 80
285 57
286 136
287 227
288 101
289 123
290 41
291 162
292 78
293 97
294 34
295 82
296 127
297 231
298 176
299 53
300 66
301 199
302 33
303 111
304 184
305 91
306 102
307 204
308 44
309 58
310 81
311 181
312 206
313 119
314 29
315 96
316 121
317 135
318 254
319 191
320 184
321 27
322 87
323 313
324 31
325 90
326 44
327 142
328 111
329 176
330 48
331 34
332 167
333 217
334 159
335 111
336 216
337 92
338 181
339 175
340 129
341 133
342 49
343 24
344 309
345 175
346 60
347 87
348 139
349 81
350 36
351 83
352 26
353 37
354 89
355 165
356 166
357 121
358 285
359 314
360 21
361 152
362 182
363 60
364 91
365 149
366 117
367 254
368 86
369 156
370 194
371 103
372 133
373 209
374 146
375 96
376 61
377 224
378 152
379 89
380 47
381 184
382 104
383 92
384 437
385 171
386 78
387 27
388 172
389 36
390 192
391 88
392 176
393 158
394 36
395 23
396 50
397 308
398 173
399 203
400 155
401 60
402 111
403 97
404 274
405 234
406 49
407 120
408 42
409 257
410 145
411 131
412 206
413 101
414 68
415 107
416 356
417 297
418 131
419 69
420 264
421 153
422 291
423 328
424 208
425 147
426 119
427 136
428 123
429 39
430 255
431 206
432 282
433 229
434 40
435 208
436 204
437 131
438 64
439 194
440 47
441 59
442 58
443 125
444 100
445 122
446 47
447 70
448 132
449 146
450 204
451 68
452 145
453 200
454 97
455 104
456 103
457 216
458 175
459 157
460 232
461 43
462 70
463 36
464 126
465 98
466 77
467 195
468 143
469 114
470 65
471 155
472 63
473 114
474 137
475 164
476 80
477 174
478 115
479 133
480 41
481 41
482 149
483 39
484 49
485 197
486 171
487 96
488 97
489 124
490 209
491 147
492 190
493 199
494 180
495 105
496 201
497 221
498 200
499 145
500 33

<precedence relations>
1,23
1,25
1,86
1,123
2,242
2,298
2,382
2,395
3,409
5,38
6,429
7,52
7,149
7,161
7,253
8,170
9,28
9,178
11,43
11,197
13,23
14,22
14,27
14,127
14,389
15,34
15,191
16,29
16,33
17,24
17,64
18,32
18,35
18,244
19,31
19,426
20,26
21,24
21,30
21,36
21,276
23,38
23,113
23,185
23,187
24,56
25,37
26,46
26,128
27,41
27,188
29,44
30,299
31,39
31,43
32,47
33,40
34,408
35,42
35,45
36,37
36,281
37,51
37,54
37,55
37,59
37,272
38,204
40,61
40,62
40,65
40,266
40,317
41,58
41,202
41,308
43,50
43,63
43,146
43,167
44,53
44,306
45,48
45,49
45,52
45,56
45,57
46,64
47,60
48,73
48,84
50,68
50,70
51,389
52,71
53,69
53,368
53,386
54,75
54,389
55,332
56,67
56,102
57,78
57,130
57,259
58,312
58,446
59,200
59,328
59,389
60,66
60,76
62,77
63,74
63,204
63,424
64,72
66,197
66,409
67,87
68,152
68,185
69,84
69,89
70,79
70,315
71,140
71,474
72,85
72,90
72,92
73,80
73,81
73,86
74,83
74,163
74,251
74,274
74,365
76,396
77,82
78,88
78,342
79,122
79,187
80,100
80,101
80,102
81,92
81,95
82,97
82,103
82,105
83,104
83,106
84,93
84,96
84,99
84,330
86,107
87,94
88,489
89,402
90,91
90,98
90,251
91,150
92,210
93,447
94,180
96,111
96,112
96,119
97,116
98,110
99,325
101,108
102,109
102,113
102,121
103,131
103,477
105,115
105,117
105,118
105,274
107,114
107,162
107,304
107,473
108,278
108,296
108,335
109,123
109,159
109,163
110,121
110,125
110,127
111,126
111,128
112,130
112,131
112,166
113,122
113,133
114,329
115,124
116,120
117,129
117,132
120,145
121,135
121,142
121,149
121,272
122,141
123,138
123,282
124,146
124,369
124,429
124,479
125,400
125,434
126,137
126,140
126,338
126,408
127,136
127,439
128,143
128,373
129,147
130,144
130,349
131,150
132,136
132,139
132,148
132,151
132,174
133,134
135,156
135,163
136,152
136,375
137,480
138,161
140,162
140,498
141,251
142,164
143,153
143,195
143,204
144,158
144,160
145,280
147,219
149,157
149,159
150,154
151,155
151,187
151,380
152,165
152,168
153,169
153,171
153,187
153,328
155,173
155,215
156,167
156,172
156,174
159,175
160,180
160,216
160,406
162,268
163,166
163,170
164,206
165,187
166,186
167,181
167,185
167,263
169,176
169,454
170,188
170,335
172,184
172,406
173,183
175,177
175,178
175,179
175,180
175,182
176,190
176,425
177,197
177,202
178,191
178,205
179,198
180,203
181,192
182,198
182,204
183,196
183,199
183,396
184,189
184,194
184,201
184,485
185,317
186,193
186,195
186,259
187,498
188,200
189,207
189,216
189,253
190,208
190,211
190,234
190,464
191,210
191,213
193,215
193,263
194,415
198,206
198,438
199,212
199,217
200,218
200,366
200,416
203,209
204,214
204,277
204,431
206,228
206,233
208,224
208,236
208,311
210,227
210,231
210,235
211,223
211,237
211,263
212,221
212,229
212,232
213,309
213,460
214,220
215,222
215,226
215,403
216,225
216,230
217,219
217,234
217,441
219,249
220,241
220,242
220,245
220,250
221,386
222,294
226,418
227,404
227,488
228,238
229,410
231,239
231,424
232,243
232,244
232,247
233,246
233,248
235,240
236,251
238,285
239,261
240,256
240,440
241,254
242,267
243,259
243,260
243,264
243,265
243,295
244,268
245,395
246,257
246,263
246,301
247,255
247,258
248,252
248,266
249,253
249,323
250,262
252,269
252,277
252,283
254,271
254,279
254,482
255,272
256,483
257,273
258,325
261,274
261,462
262,281
262,282
262,446
263,275
263,280
263,403
264,270
265,276
266,281
267,278
269,285
269,293
269,298
270,294
270,353
272,284
272,291
273,289
273,486
274,290
274,297
275,284
275,288
276,440
277,287
277,458
278,292
278,295
281,294
282,286
283,296
284,303
285,306
286,308
286,311
287,309
288,474
289,299
289,363
290,304
290,345
292,300
293,302
294,305
294,310
296,301
298,307
298,312
298,313
301,315
301,322
302,317
306,319
307,314
307,320
308,318
310,316
310,321
310,455
311,333
312,360
314,326
314,331
315,324
315,333
316,329
316,336
317,442
318,323
318,325
319,330
319,334
320,335
320,439
321,327
321,328
321,418
322,332
323,345
324,344
324,461
325,342
325,441
328,336
329,343
329,388
330,341
331,337
331,340
331,348
331,349
332,338
332,347
333,339
333,351
334,350
334,431
335,346
336,356
336,363
337,363
338,354
338,364
338,367
339,358
341,361
341,362
341,457
342,352
342,366
345,369
346,357
346,368
347,353
348,359
348,360
349,357
349,365
349,483
350,355
353,386
353,444
354,371
354,379
355,380
355,429
356,378
357,375
357,381
358,370
359,384
360,376
361,377
361,383
361,444
362,373
362,382
365,415
366,370
366,385
366,472
368,371
368,372
369,374
370,394
371,397
372,459
374,395
375,391
376,447
377,392
379,388
380,446
381,457
383,393
384,396
385,387
385,390
386,389
387,400
387,417
388,398
388,411
388,414
389,402
389,404
389,415
389,451
390,403
390,409
392,416
393,401
394,459
395,407
395,410
396,399
396,405
396,406
396,408
396,412
396,413
398,432
401,421
401,426
404,430
404,464
404,490
405,420
406,418
406,420
406,425
407,422
408,424
409,428
411,429
412,419
412,431
413,421
414,427
417,423
418,436
418,461
420,433
420,441
420,442
423,495
424,446
425,434
425,437
427,435
427,440
428,438
428,444
429,445
429,447
429,463
431,443
432,439
434,449
434,450
434,458
436,451
436,460
437,459
439,456
440,474
442,452
442,453
442,461
444,454
444,455
445,481
447,448
447,457
448,477
448,500
450,469
451,472
452,463
452,464
452,465
452,473
452,476
455,468
456,462
456,475
459,470
459,471
459,474
460,467
460,480
461,466
462,481
462,483
463,482
467,485
469,480
470,484
471,478
471,480
471,486
472,479
478,496
479,487
479,499
480,488
480,494
480,495
481,497
483,492
483,498
485,489
485,490
485,493
485,500
486,491

<end>
