<number of tasks>
500

<cycle time>
1000

<order strength>
0.198


<task times>
1 425
2 286
3 536
4 435
5 615
6 288
7 678
8 576
9 521
10 672
11 529
12 520
13 370
14 513
15 702
16 502
17 337
18 325
19 357
20 456
21 335
22 623
23 468
24 362
25 524
26 570
27 579
28 509
29 480
30 587
31 621
32 471
33 449
34 676
35 426
36 723
37 492
38 435
39 503
40 730
41 736
42 452
43 394
44 574
45 609
46 567
47 631
48 661
49 717
50 756
51 521
52 475
53 376
54 716
55 512
56 380
57 413
58 592
59 351
60 612
61 714
62 354
63 451
64 508
65 519
66 432
67 275
68 542
69 506
70 691
71 768
72 429
73 380
74 536
75 380
76 552
77 589
78 563
79 694
80 469
81 605
82 518
83 532
84 301
85 784
86 482
87 645
88 465
89 522
90 509
91 334
92 532
93 360
94 405
95 623
96 516
97 424
98 525
99 513
100 390
101 294
102 420
103 408
104 359
105 655
106 507
107 418
108 408
109 208
110 498
111 440
112 445
113 662
114 351
115 580
116 536
117 496
118 263
119 419
120 580
121 606
122 373
123 658
124 621
125 512
126 541
127 514
128 618
129 542
130 572
131 553
132 891
133 543
134 648
135 578
136 550
137 440
138 318
139 469
140 432
141 481
142 397
143 496
144 708
145 331
146 476
147 372
148 505
149 367
150 542
151 531
152 547
153 500
154 517
155 494
156 635
157 424
158 318
159 453
160 373
161 628
162 553
163 373
164 574
165 464
166 300
167 602
168 652
169 638
170 468
171 372
172 438
173 579
174 585
175 374
176 238
177 451
178 541
179 595
180 395
181 549
182 576
183 606
184 511
185 729
186 630
187 366
188 653
189 473
190 595
191 511
192 567
193 337
194 377
195 633
196 530
197 545
198 427
199 588
200 423
201 459
202 631
203 548
204 555
205 110
206 606
207 442
208 493
209 267
210 620
211 441
212 546
213 693
214 566
215 365
216 601
217 552
218 376
219 567
220 525
221 628
222 556
223 253
224 454
225 419
226 378
227 354
228 438
229 324
230 433
231 604
232 448
233 412
234 707
235 487
236 569
237 590
238 217
239 440
240 593
241 287
242 488
243 414
244 676
245 747
246 561
247 409
248 448
249 597
250 594
251 465
252 579
253 573
254 519
255 482
256 437
257 603
258 663
259 291
260 476
261 345
262 427
263 350
264 529
265 635
266 584
267 383
268 517
269 626
270 282
271 506
272 522
273 502
274 801
275 439
276 211
277 675
278 525
279 516
280 608
281 614
282 601
283 437
284 542
285 635
286 366
287 515
288 305
289 249
290 588
291 370
292 654
293 473
294 355
295 679
296 746
297 638
298 441
299 602
300 362
301 326
302 506
303 426
304 510
305 548
306 466
307 551
308 464
309 257
310 569
311 576
312 491
313 451
314 218
315 551
316 331
317 488
318 288
319 542
320 592
321 471
322 442
323 689
324 471
325 359
326 433
327 327
328 603
329 652
330 610
331 504
332 560
333 556
334 389
335 379
336 489
337 493
338 680
339 502
340 267
341 671
342 732
343 493
344 558
345 545
346 483
347 680
348 391
349 472
350 370
351 462
352 382
353 601
354 415
355 306
356 394
357 614
358 376
359 332
360 187
361 703
362 459
363 416
364 624
365 400
366 655
367 503
368 659
369 413
370 626
371 357
372 383
373 534
374 569
375 469
376 622
377 662
378 341
379 449
380 521
381 479
382 516
383 538
384 562
385 422
386 422
387 630
388 511
389 372
390 529
391 629
392 272
393 464
394 467
395 300
396 420
397 710
398 451
399 666
400 703
401 599
402 388
403 430
404 531
405 665
406 300
407 554
408 432
409 498
410 598
411 520
412 743
413 591
414 699
415 537
416 347
417 606
418 427
419 479
420 507
421 410
422 487
423 850
424 611
425 432
426 516
427 424
428 466
429 574
430 677
431 523
432 572
433 574
434 430
435 518
436 635
437 635
438 341
439 453
440 404
441 420
442 333
443 469
444 384
445 304
446 250
447 412
448 587
449 616
450 570
451 401
452 315
453 653
454 585
455 524
456 276
457 401
458 595
459 560
460 336
461 390
462 563
463 213
464 668
465 586
466 589
467 489
468 314
469 381
470 695
471 410
472 394
473 274
474 383
475 704
476 564
477 368
478 346
479 635
480 519
481 518
482 431
483 436
484 441
485 367
486 515
487 544
488 620
489 612
490 457
491 532
492 555
493 658
494 466
495 428
496 624
497 703
498 608
499 564
500 431

<precedence relations>
1,12
2,13
3,15
4,16
5,11
5,14
5,17
5,151
6,19
6,21
6,24
6,27
7,17
7,86
7,247
8,23
8,26
8,118
9,18
10,20
10,22
10,25
10,28
11,31
12,32
13,29
14,34
15,30
16,36
17,33
17,201
18,35
18,36
19,39
19,40
19,43
20,38
20,102
20,441
21,37
21,73
23,382
24,41
26,488
27,36
27,57
28,42
28,104
28,303
29,44
30,45
31,46
32,53
33,49
34,50
35,51
36,47
36,52
36,367
37,48
38,54
38,353
39,55
40,53
40,56
40,57
41,65
41,159
41,207
43,200
44,65
45,66
46,62
47,58
48,59
49,60
50,61
51,63
52,64
53,71
54,333
55,69
55,73
55,206
55,366
56,70
56,72
56,207
57,67
57,68
58,81
59,82
60,82
61,85
62,79
63,80
64,82
65,88
66,178
66,250
67,74
67,86
68,75
68,87
68,399
69,76
69,89
69,116
69,441
70,77
71,78
71,204
72,83
73,82
73,84
73,256
74,90
75,91
76,92
77,93
78,94
79,96
80,99
81,98
82,100
82,101
82,103
82,146
82,428
83,95
83,124
84,97
86,245
87,492
87,494
88,104
88,105
88,106
88,221
89,102
90,110
91,112
92,113
93,114
94,115
95,107
96,108
97,109
98,111
99,116
99,117
99,118
99,120
100,121
100,124
100,353
102,248
103,122
103,125
103,427
106,117
106,119
106,123
106,353
107,126
108,128
109,127
110,129
111,131
112,146
114,136
114,139
114,140
115,133
115,138
116,130
116,132
118,366
119,135
119,137
119,160
120,134
121,484
122,160
122,238
122,268
122,460
123,238
123,354
123,394
124,139
126,142
127,143
128,145
129,146
130,144
131,147
132,141
132,148
132,372
133,257
134,151
135,320
135,349
136,152
138,237
139,149
139,150
140,166
141,155
142,156
143,153
144,157
145,158
146,154
146,161
146,162
146,334
147,160
147,165
147,457
148,203
148,240
149,163
150,159
151,165
152,164
152,166
153,167
154,168
155,169
156,174
157,170
158,171
159,172
159,349
160,173
160,178
160,490
162,179
162,441
164,175
165,176
165,177
166,347
166,430
167,180
168,187
169,181
170,182
171,183
172,185
173,186
174,188
174,189
174,225
175,184
175,192
175,354
176,191
177,190
178,474
179,193
180,194
181,195
182,199
183,200
184,196
185,204
186,198
187,208
187,209
187,210
188,197
188,202
188,206
188,245
189,270
190,201
191,207
191,319
192,203
192,205
194,211
195,213
196,217
197,218
198,212
199,219
199,221
199,222
199,223
201,214
201,224
202,215
203,216
203,225
204,220
209,459
210,226
211,233
212,227
213,233
214,228
215,229
216,230
217,234
218,231
219,232
222,239
223,238
224,235
225,237
226,236
226,240
226,241
227,242
228,243
229,244
230,245
231,247
232,245
233,488
234,245
234,250
235,287
235,425
236,248
236,486
239,246
240,245
241,249
242,251
243,253
244,255
245,252
245,257
246,254
246,258
246,355
247,256
248,259
248,284
249,408
250,272
251,265
252,262
253,263
254,264
255,260
255,266
255,273
256,261
257,267
257,269
257,270
257,271
257,497
258,270
258,272
259,268
260,274
261,276
262,275
263,282
264,278
265,277
266,279
267,280
267,288
267,347
268,281
269,284
269,286
269,289
269,415
270,283
270,287
271,286
272,285
274,290
275,291
276,292
277,295
278,296
279,294
280,297
281,293
283,298
283,425
284,299
285,300
285,301
285,302
287,332
288,460
289,303
289,457
290,304
291,307
292,314
293,305
294,306
295,315
296,309
297,312
298,310
299,311
300,313
301,308
301,318
301,320
302,331
303,316
303,317
303,319
303,495
304,321
305,328
306,324
307,322
308,323
309,325
310,326
311,331
312,327
313,332
314,329
314,335
315,330
315,336
317,337
318,334
319,333
321,338
322,340
323,339
324,343
325,342
326,346
327,345
328,348
328,353
329,341
330,344
330,354
332,498
333,349
334,347
334,352
335,350
335,351
336,355
336,356
337,357
338,366
339,358
340,359
341,361
342,362
343,360
344,364
345,363
346,470
347,365
349,368
349,371
350,370
351,367
352,372
352,442
354,482
357,369
358,381
359,374
360,375
361,378
362,376
363,377
364,379
365,373
365,385
366,408
366,495
367,380
368,382
368,383
368,408
370,384
373,387
374,386
375,388
376,389
377,390
378,391
379,392
380,393
381,395
381,396
381,397
381,399
385,394
385,398
385,470
386,400
387,408
388,402
389,404
390,401
391,403
392,407
393,406
394,405
396,409
396,412
396,413
396,415
397,415
398,411
399,410
399,414
400,416
401,418
402,420
403,421
404,422
405,423
406,424
407,417
408,429
408,432
409,419
411,425
411,427
412,426
412,428
412,474
412,476
414,431
415,430
416,433
417,434
418,435
419,436
420,437
421,441
422,442
423,438
424,439
425,440
427,443
429,444
429,447
430,445
432,446
432,448
432,449
433,450
434,451
435,455
436,457
437,452
438,453
439,454
440,456
442,461
442,462
443,460
449,458
449,459
450,468
451,464
452,470
453,466
454,471
455,465
456,468
457,472
458,463
459,467
459,474
459,476
460,473
462,469
462,475
462,500
463,478
464,481
465,482
466,479
467,480
468,484
468,488
469,477
470,490
473,486
473,487
475,485
475,489
476,483
477,491
478,492
479,493
480,492
481,495
481,497
483,494
484,496
484,498
484,499
487,500

<end>
