<number of tasks>
500

<cycle time>
1000

<order strength>
0.896


<task times>
1 391
2 559
3 497
4 461
5 486
6 392
7 353
8 426
9 313
10 406
11 461
12 359
13 234
14 521
15 418
16 342
17 400
18 407
19 437
20 415
21 518
22 446
23 313
24 428
25 550
26 503
27 567
28 584
29 541
30 396
31 375
32 429
33 534
34 642
35 471
36 611
37 521
38 606
39 547
40 774
41 385
42 647
43 460
44 394
45 441
46 472
47 603
48 412
49 426
50 616
51 369
52 517
53 541
54 402
55 483
56 295
57 680
58 429
59 579
60 643
61 473
62 525
63 450
64 456
65 450
66 618
67 534
68 559
69 600
70 531
71 454
72 539
73 641
74 503
75 471
76 752
77 758
78 462
79 357
80 491
81 456
82 336
83 353
84 526
85 605
86 306
87 380
88 336
89 363
90 548
91 377
92 470
93 439
94 476
95 418
96 703
97 692
98 442
99 693
100 457
101 475
102 450
103 401
104 557
105 665
106 289
107 594
108 677
109 437
110 608
111 563
112 539
113 424
114 859
115 373
116 508
117 406
118 266
119 497
120 625
121 556
122 513
123 521
124 540
125 670
126 588
127 360
128 609
129 477
130 405
131 549
132 363
133 542
134 611
135 686
136 358
137 442
138 532
139 569
140 543
141 441
142 527
143 491
144 397
145 566
146 605
147 406
148 370
149 546
150 338
151 471
152 456
153 468
154 442
155 651
156 516
157 473
158 527
159 399
160 462
161 528
162 525
163 373
164 492
165 238
166 509
167 502
168 604
169 335
170 606
171 497
172 786
173 469
174 441
175 477
176 526
177 363
178 526
179 403
180 609
181 625
182 420
183 736
184 451
185 514
186 379
187 372
188 451
189 477
190 426
191 564
192 380
193 665
194 609
195 475
196 408
197 561
198 437
199 670
200 315
201 544
202 601
203 461
204 399
205 630
206 648
207 546
208 619
209 496
210 695
211 570
212 512
213 519
214 521
215 568
216 630
217 459
218 529
219 543
220 416
221 549
222 676
223 532
224 623
225 412
226 643
227 628
228 641
229 298
230 538
231 509
232 714
233 499
234 370
235 561
236 608
237 472
238 402
239 482
240 660
241 597
242 458
243 746
244 533
245 642
246 616
247 532
248 495
249 483
250 464
251 560
252 499
253 558
254 508
255 602
256 294
257 486
258 519
259 492
260 561
261 733
262 448
263 332
264 525
265 239
266 526
267 570
268 559
269 530
270 430
271 506
272 588
273 510
274 399
275 590
276 533
277 507
278 413
279 514
280 515
281 518
282 542
283 454
284 657
285 552
286 750
287 358
288 433
289 479
290 435
291 571
292 685
293 521
294 582
295 351
296 575
297 526
298 643
299 415
300 568
301 693
302 598
303 617
304 556
305 520
306 474
307 369
308 347
309 366
310 441
311 737
312 515
313 367
314 422
315 373
316 539
317 664
318 397
319 665
320 517
321 598
322 349
323 485
324 631
325 497
326 380
327 385
328 263
329 693
330 526
331 373
332 416
333 431
334 571
335 468
336 555
337 405
338 443
339 650
340 478
341 641
342 542
343 520
344 549
345 495
346 527
347 445
348 538
349 433
350 470
351 409
352 492
353 512
354 479
355 735
356 711
357 382
358 604
359 500
360 560
361 437
362 467
363 585
364 588
365 574
366 730
367 411
368 499
369 624
370 434
371 496
372 423
373 318
374 338
375 340
376 518
377 314
378 454
379 313
380 523
381 461
382 503
383 635
384 475
385 608
386 463
387 486
388 667
389 678
390 347
391 396
392 448
393 590
394 500
395 571
396 434
397 460
398 417
399 487
400 562
401 364
402 477
403 365
404 643
405 419
406 314
407 548
408 473
409 564
410 391
411 486
412 505
413 583
414 171
415 496
416 595
417 395
418 549
419 376
420 451
421 569
422 402
423 432
424 525
425 361
426 494
427 504
428 530
429 521
430 639
431 465
432 539
433 568
434 293
435 649
436 516
437 552
438 469
439 334
440 518
441 687
442 369
443 496
444 289
445 412
446 530
447 441
448 543
449 497
450 614
451 582
452 754
453 398
454 707
455 577
456 638
457 425
458 449
459 596
460 557
461 331
462 624
463 702
464 527
465 717
466 516
467 473
468 599
469 559
470 339
471 625
472 441
473 519
474 461
475 479
476 504
477 787
478 381
479 374
480 319
481 467
482 320
483 486
484 658
485 360
486 504
487 651
488 579
489 700
490 628
491 489
492 531
493 482
494 235
495 518
496 452
497 673
498 332
499 592
500 442

<precedence relations>
1,18
1,33
2,6
2,7
2,8
2,9
3,6
3,9
4,6
4,7
4,8
4,9
5,6
5,7
5,8
5,9
6,10
6,11
6,12
6,13
6,14
6,15
7,10
7,11
7,12
7,13
7,14
7,15
8,10
8,11
8,12
8,13
8,14
8,15
9,10
9,11
9,12
9,13
9,14
9,15
10,16
10,17
10,21
11,18
11,32
11,33
12,16
12,17
13,16
13,20
14,16
14,17
14,18
14,19
14,20
14,21
15,16
15,17
15,19
15,21
16,22
16,25
16,26
16,27
17,22
17,23
17,26
17,27
18,24
18,25
19,22
19,27
20,22
20,23
20,24
20,25
20,26
20,27
21,22
21,23
21,24
21,27
22,28
22,29
22,30
22,31
22,32
22,33
22,34
23,28
23,29
23,30
23,31
23,34
24,28
24,29
24,30
24,31
24,34
25,28
25,29
25,30
25,39
26,28
26,29
27,28
27,29
27,30
27,33
27,34
28,46
28,50
29,82
30,35
30,36
30,38
31,35
31,36
31,37
31,39
32,35
32,36
33,35
33,36
34,35
34,36
34,39
35,41
36,40
36,41
36,42
36,43
36,44
36,45
36,46
37,40
37,41
37,42
37,43
37,44
37,45
37,46
38,40
38,41
38,42
38,43
38,45
38,46
39,40
39,41
39,42
39,43
39,44
39,45
39,46
40,92
40,98
41,47
41,48
41,49
41,50
41,51
41,52
41,53
42,47
42,48
42,52
42,53
43,47
43,52
43,53
44,47
44,48
44,49
44,50
44,51
45,104
46,47
46,48
46,49
46,51
46,52
46,53
47,54
47,55
47,56
47,57
47,58
48,54
48,55
48,56
48,57
48,58
49,54
49,55
49,58
50,54
50,55
50,56
50,57
50,58
51,57
52,54
52,55
52,57
52,58
53,54
53,55
53,56
53,57
53,58
54,59
54,60
54,61
54,62
54,63
54,64
55,59
55,60
55,61
55,62
55,63
55,64
56,59
56,60
56,61
56,62
56,63
56,64
57,59
57,60
57,61
57,62
57,63
57,64
58,59
58,60
58,61
58,62
58,63
58,64
59,65
59,66
60,65
60,66
61,65
61,66
62,65
62,66
63,65
63,66
64,65
64,66
65,67
65,68
65,69
65,70
65,71
65,72
65,73
65,74
66,67
66,68
66,69
66,70
66,71
66,72
66,73
66,74
67,75
67,76
67,77
67,78
68,75
68,76
68,77
68,78
69,75
69,76
69,77
69,78
70,75
71,79
71,80
71,88
71,92
71,93
72,75
72,76
72,77
72,78
73,75
73,76
73,77
73,78
74,75
74,76
74,77
74,78
75,79
75,80
75,81
75,82
75,83
76,79
76,80
76,81
76,82
76,83
77,79
77,80
77,81
77,82
78,79
78,80
78,81
79,84
79,94
80,84
80,86
81,85
82,84
82,85
82,86
83,84
83,86
83,87
83,88
84,89
84,90
84,91
84,95
85,91
85,92
85,93
85,95
86,89
86,90
86,91
87,90
87,92
87,93
87,94
87,95
88,158
89,96
90,96
90,97
90,98
91,96
91,98
92,96
93,96
93,97
93,98
94,96
94,97
94,98
95,96
95,97
95,98
96,99
96,100
96,101
96,102
96,103
96,104
96,105
96,106
97,99
97,100
97,101
97,102
97,103
97,104
97,105
97,106
98,99
98,100
98,101
98,102
98,103
98,104
98,105
98,106
99,107
99,108
99,109
100,107
100,108
100,109
101,107
101,108
101,109
102,107
103,107
103,108
103,109
104,107
104,108
104,109
105,107
105,108
105,109
106,107
106,108
106,109
107,110
107,111
107,112
107,113
108,110
108,111
108,112
108,113
109,110
109,111
109,112
109,113
110,114
110,115
110,116
111,114
111,115
111,116
112,114
112,115
112,116
113,114
113,115
113,116
114,117
114,118
114,120
115,117
115,118
115,119
115,120
116,117
116,118
116,119
116,120
117,121
117,123
118,121
118,122
118,123
119,121
119,122
119,123
120,121
120,122
120,123
121,124
121,125
121,126
121,127
121,128
122,124
122,125
122,126
122,127
122,128
123,124
123,125
123,126
123,127
123,128
124,129
124,130
124,131
124,132
125,129
125,130
125,131
125,132
126,129
126,130
126,131
126,132
127,129
127,130
127,131
127,132
128,129
128,130
128,131
128,132
129,133
129,134
129,135
130,133
130,134
130,135
131,133
131,134
131,135
132,133
132,134
132,135
133,136
133,137
133,139
133,140
134,136
134,137
134,138
134,139
134,140
135,137
135,138
135,150
135,158
135,159
136,141
136,142
136,143
136,144
136,145
137,227
138,172
139,141
139,142
139,143
139,144
139,145
139,146
140,141
140,146
141,147
141,148
141,149
141,150
141,151
141,152
141,153
142,147
142,149
143,147
143,148
143,157
144,147
144,148
144,149
144,150
144,153
145,147
145,148
145,152
146,147
146,148
146,150
146,151
146,152
146,153
147,154
147,155
147,158
148,159
149,163
150,154
150,155
150,156
150,157
151,155
152,213
153,154
153,156
153,159
153,162
154,160
154,161
155,160
155,161
155,162
156,161
157,160
157,161
157,162
158,160
158,161
159,160
160,163
160,164
160,165
160,166
160,167
160,168
161,163
161,164
162,163
162,166
163,169
163,170
163,174
164,169
164,170
164,171
164,173
164,174
165,169
165,170
165,171
165,172
165,173
165,174
166,169
166,170
166,171
166,172
166,173
166,174
167,169
167,172
168,191
169,175
169,176
170,175
171,175
171,176
172,175
172,176
173,175
174,190
175,177
175,178
175,179
175,182
175,183
175,184
175,185
176,177
176,178
176,180
176,181
176,185
177,186
177,191
178,409
179,188
179,288
180,189
180,226
181,186
181,187
181,188
181,190
182,186
182,187
182,191
183,186
183,187
184,186
184,187
184,188
185,186
186,192
186,193
186,194
186,199
187,192
187,193
187,194
187,195
187,196
187,197
187,198
187,199
188,192
188,286
189,192
189,195
189,198
190,192
190,193
190,194
190,198
190,199
191,192
191,197
191,204
192,295
192,314
193,200
194,200
194,201
194,202
194,203
195,200
196,200
196,201
196,202
196,206
197,201
197,205
198,311
199,203
200,205
200,227
200,230
201,208
202,204
202,207
203,204
203,206
204,209
205,211
205,215
206,209
207,209
208,209
208,210
208,212
208,213
208,214
209,219
209,233
210,216
210,218
210,222
211,220
211,232
212,256
213,216
213,217
213,229
213,230
214,216
214,217
214,230
215,216
215,221
216,223
216,224
216,228
216,231
216,232
216,233
217,223
217,225
217,232
217,233
218,223
219,223
219,224
219,232
219,236
220,225
220,228
220,229
220,233
221,223
221,224
222,223
222,224
222,226
222,227
222,230
223,234
224,234
225,234
225,235
225,236
226,234
226,235
226,236
227,234
228,234
228,235
229,273
229,274
230,310
230,327
231,234
231,235
231,236
232,234
232,235
233,234
234,238
234,239
234,240
234,241
235,237
236,237
236,238
237,242
238,243
238,245
239,363
239,439
240,290
240,300
241,244
242,246
242,247
242,248
242,249
242,251
242,252
243,246
243,279
243,283
244,247
244,250
244,251
245,246
245,247
245,249
245,252
246,288
246,290
247,253
247,254
247,255
247,257
248,253
248,254
248,255
248,256
249,271
250,253
251,256
251,271
252,253
252,254
253,258
253,260
253,271
253,281
254,258
254,259
254,261
254,262
254,282
255,258
256,263
257,259
257,263
257,264
257,277
257,282
258,265
259,265
259,266
259,267
259,268
259,271
260,265
260,269
260,284
261,265
261,266
261,268
261,270
261,272
262,265
262,266
263,265
263,266
264,266
264,290
265,273
265,274
266,274
266,278
267,273
268,273
268,274
268,279
269,273
269,274
269,275
269,277
269,288
270,273
270,276
270,288
271,300
271,307
272,273
273,283
274,357
275,279
275,282
276,279
277,280
278,279
278,281
278,284
279,285
279,286
279,287
279,289
280,285
281,288
281,301
282,285
282,286
283,290
284,289
284,313
285,291
285,292
285,293
285,294
285,295
286,291
286,292
287,291
287,292
288,291
288,300
289,293
289,297
290,294
290,295
291,309
291,360
292,297
292,299
292,300
292,302
293,296
293,298
294,296
294,297
294,302
295,301
295,316
296,303
296,304
297,303
297,305
297,307
298,303
299,328
300,303
300,304
300,306
301,306
301,331
301,332
302,303
302,319
302,324
303,308
303,309
304,309
304,310
304,311
304,312
305,309
306,313
306,336
306,337
307,332
307,337
308,334
309,314
309,315
310,314
310,316
311,314
312,317
313,315
313,367
313,384
314,318
314,346
315,318
315,322
316,319
317,320
317,321
318,323
318,325
318,347
319,326
320,327
320,328
321,324
322,463
323,447
323,450
324,332
325,330
325,333
325,397
326,329
327,331
327,333
328,329
328,330
329,334
330,335
330,340
330,372
331,334
331,335
331,336
331,337
332,334
332,335
332,336
334,338
335,362
335,400
335,451
336,338
337,456
338,339
338,340
338,341
338,342
338,343
338,344
339,422
340,350
340,471
341,347
342,345
342,348
342,351
342,352
343,345
343,347
343,349
343,352
344,346
345,353
346,356
347,354
347,373
347,382
347,389
347,401
347,402
348,353
349,356
350,481
350,489
351,463
351,484
351,493
352,355
352,359
352,362
353,358
353,360
353,363
354,361
354,362
354,423
355,357
355,417
356,359
356,384
356,407
356,425
357,366
358,367
358,368
360,364
360,366
361,413
361,493
362,365
363,378
364,369
364,371
364,373
364,374
365,442
367,369
368,370
368,372
369,375
369,377
369,378
369,380
371,380
371,445
372,426
372,467
374,376
374,379
375,386
375,387
375,406
376,381
376,382
376,383
376,384
377,468
378,385
380,381
380,495
381,493
382,390
382,398
382,406
383,389
383,391
384,442
385,388
386,392
386,393
386,451
387,391
388,397
389,396
389,430
389,437
390,394
390,399
390,403
391,394
391,395
393,396
393,398
394,400
394,404
395,401
396,400
396,403
397,402
397,406
397,409
398,405
398,440
398,475
399,455
399,456
400,408
401,407
401,409
401,410
402,407
403,407
403,415
404,489
407,416
407,445
407,454
408,412
408,414
409,411
410,413
410,415
410,451
411,420
411,422
411,446
411,460
412,420
412,487
412,495
413,418
413,458
414,419
415,417
415,439
416,417
416,421
416,435
416,453
416,456
418,428
419,423
419,427
420,429
420,471
421,424
421,484
422,425
422,426
422,430
422,458
423,471
423,497
424,433
425,447
425,464
426,431
426,473
426,477
427,434
427,435
430,432
430,438
431,437
431,438
431,440
431,472
434,436
434,439
435,483
436,446
437,444
438,441
438,442
438,443
438,444
439,445
439,450
440,485
441,451
442,449
442,465
443,493
445,447
445,448
446,450
446,453
447,453
448,452
448,479
450,454
450,494
451,465
452,456
452,457
452,458
453,455
455,459
455,461
456,466
456,478
457,460
457,462
458,470
458,489
459,465
460,463
461,466
462,464
463,471
463,473
464,467
465,468
465,474
465,490
466,469
466,470
466,472
468,475
468,476
469,477
470,477
473,478
474,479
475,480
475,500
476,482
476,483
476,486
477,485
479,481
479,484
480,491
482,487
483,489
483,500
484,492
484,494
485,488
485,490
486,493
488,498
490,496
490,497
490,500
491,495
492,499
493,497
494,496
494,498

<end>
