<number of tasks>
500

<cycle time>
1000

<order strength>
0.195


<task times>
1 187
2 230
3 29
4 46
5 54
6 346
7 33
8 543
9 138
10 450
11 466
12 179
13 280
14 130
15 28
16 237
17 26
18 141
19 468
20 538
21 87
22 46
23 163
24 474
25 128
26 257
27 107
28 498
29 150
30 108
31 290
32 177
33 232
34 240
35 95
36 443
37 223
38 103
39 202
40 338
41 146
42 80
43 60
44 29
45 23
46 67
47 165
48 217
49 356
50 45
51 579
52 61
53 241
54 519
55 81
56 50
57 90
58 536
59 135
60 562
61 202
62 68
63 274
64 557
65 51
66 86
67 547
68 361
69 251
70 499
71 85
72 307
73 282
74 117
75 276
76 129
77 144
78 255
79 154
80 204
81 105
82 232
83 76
84 181
85 83
86 293
87 149
88 139
89 354
90 456
91 209
92 128
93 231
94 462
95 568
96 96
97 285
98 418
99 300
100 464
101 151
102 108
103 72
104 107
105 90
106 139
107 175
108 152
109 427
110 159
111 162
112 520
113 186
114 502
115 51
116 533
117 113
118 92
119 540
120 61
121 148
122 127
123 44
124 119
125 29
126 498
127 51
128 252
129 304
130 112
131 78
132 252
133 317
134 340
135 555
136 488
137 228
138 361
139 29
140 464
141 51
142 264
143 46
144 114
145 32
146 110
147 44
148 59
149 81
150 77
151 285
152 439
153 302
154 25
155 85
156 137
157 27
158 498
159 43
160 196
161 91
162 124
163 346
164 166
165 125
166 211
167 105
168 152
169 144
170 471
171 449
172 226
173 177
174 102
175 272
176 158
177 166
178 82
179 42
180 384
181 27
182 304
183 511
184 133
185 368
186 52
187 251
188 76
189 134
190 82
191 426
192 89
193 300
194 536
195 272
196 175
197 53
198 221
199 212
200 515
201 118
202 302
203 338
204 125
205 477
206 466
207 152
208 329
209 488
210 520
211 50
212 44
213 236
214 38
215 67
216 86
217 442
218 438
219 334
220 96
221 537
222 158
223 508
224 328
225 543
226 72
227 246
228 55
229 434
230 149
231 116
232 178
233 124
234 104
235 251
236 519
237 325
238 34
239 43
240 544
241 168
242 336
243 91
244 192
245 76
246 106
247 106
248 412
249 40
250 130
251 64
252 26
253 238
254 252
255 159
256 192
257 192
258 79
259 160
260 265
261 382
262 145
263 70
264 117
265 259
266 581
267 509
268 244
269 487
270 222
271 33
272 293
273 510
274 104
275 150
276 290
277 100
278 26
279 291
280 308
281 458
282 45
283 49
284 118
285 320
286 433
287 611
288 53
289 419
290 265
291 338
292 27
293 378
294 63
295 596
296 126
297 220
298 132
299 539
300 73
301 406
302 337
303 63
304 264
305 208
306 292
307 143
308 233
309 496
310 257
311 66
312 274
313 233
314 113
315 80
316 77
317 34
318 491
319 67
320 69
321 191
322 27
323 202
324 61
325 97
326 197
327 171
328 428
329 317
330 161
331 287
332 183
333 68
334 155
335 61
336 218
337 163
338 115
339 109
340 31
341 229
342 151
343 97
344 282
345 93
346 93
347 82
348 359
349 35
350 508
351 59
352 544
353 29
354 125
355 67
356 268
357 51
358 79
359 355
360 156
361 111
362 135
363 182
364 599
365 227
366 26
367 94
368 78
369 258
370 500
371 206
372 222
373 48
374 307
375 234
376 59
377 23
378 209
379 156
380 34
381 320
382 401
383 391
384 87
385 472
386 167
387 469
388 161
389 245
390 291
391 123
392 98
393 144
394 108
395 297
396 238
397 147
398 208
399 288
400 141
401 487
402 312
403 366
404 155
405 135
406 429
407 76
408 298
409 500
410 226
411 313
412 495
413 236
414 324
415 242
416 140
417 159
418 488
419 276
420 222
421 220
422 56
423 511
424 337
425 69
426 43
427 464
428 419
429 114
430 107
431 43
432 448
433 423
434 340
435 547
436 202
437 130
438 267
439 149
440 280
441 60
442 56
443 246
444 128
445 179
446 227
447 486
448 162
449 256
450 502
451 206
452 128
453 41
454 31
455 107
456 146
457 132
458 294
459 139
460 119
461 249
462 66
463 244
464 24
465 312
466 141
467 229
468 61
469 310
470 587
471 217
472 159
473 298
474 150
475 345
476 78
477 100
478 92
479 167
480 97
481 39
482 142
483 51
484 206
485 131
486 162
487 177
488 282
489 522
490 200
491 190
492 458
493 559
494 487
495 425
496 141
497 102
498 530
499 439
500 262

<precedence relations>
1,12
2,13
3,19
4,20
5,22
6,14
6,15
6,17
6,18
6,21
7,16
7,23
8,333
11,24
11,25
12,26
13,37
14,27
15,28
16,30
17,31
18,32
19,33
20,35
21,34
22,36
23,29
23,41
24,38
24,53
25,39
25,40
25,141
25,324
26,43
27,45
28,47
29,46
30,48
31,53
32,49
33,52
34,50
35,51
36,42
36,87
38,44
38,55
39,189
39,335
41,54
41,56
42,59
43,60
44,62
45,63
46,58
47,65
48,66
49,61
50,68
51,67
52,57
53,68
53,69
53,223
54,64
54,70
57,71
58,72
59,73
60,75
61,74
62,78
63,79
64,76
65,77
66,77
67,77
68,83
69,80
70,81
70,82
70,84
70,85
70,86
70,87
70,151
71,93
72,94
73,89
74,95
75,90
76,91
77,88
78,98
79,96
79,192
80,92
80,466
84,97
84,114
84,349
85,436
86,100
87,99
87,400
88,102
89,103
90,104
91,108
92,109
93,101
93,105
93,106
93,114
95,110
95,113
96,107
96,112
96,115
96,209
97,350
97,400
97,476
98,116
99,111
101,117
102,125
103,126
104,119
105,118
106,120
107,121
108,122
109,127
110,123
110,132
110,155
111,128
112,129
112,130
112,297
114,124
114,131
114,324
115,270
116,432
117,134
118,135
119,136
120,139
121,139
122,137
123,138
124,133
125,189
125,255
126,143
127,140
127,177
127,463
128,383
129,358
130,141
130,241
130,462
130,476
131,142
131,400
132,156
133,144
134,145
135,147
136,148
137,149
138,150
139,146
139,256
140,152
140,156
140,465
141,154
141,308
141,348
142,153
142,155
143,151
144,161
145,162
146,157
147,158
148,159
149,160
150,166
151,395
152,167
153,170
153,299
154,164
154,374
155,169
156,163
156,165
156,168
156,171
156,200
157,174
158,174
159,173
160,176
161,177
161,185
162,178
162,181
162,182
163,172
163,184
164,180
164,236
166,180
166,206
167,175
168,183
169,179
169,490
170,359
172,186
173,189
174,188
174,191
174,193
175,187
177,196
177,450
178,199
178,468
180,190
180,195
180,200
181,197
181,236
183,198
183,379
183,435
183,449
183,453
184,192
185,194
185,497
186,201
187,202
188,203
189,206
189,209
189,213
189,217
190,204
190,215
192,214
192,238
192,344
193,211
194,210
194,212
194,252
194,254
195,207
195,446
197,209
198,205
198,208
200,216
201,218
202,220
203,221
204,222
205,219
206,228
207,225
207,227
207,296
208,295
208,419
209,223
209,226
210,224
210,434
211,229
211,335
211,415
212,362
214,484
216,459
218,236
219,231
220,233
221,234
222,230
223,232
225,238
225,240
225,362
226,239
227,315
228,237
228,241
229,235
230,243
231,250
232,245
233,248
234,249
235,242
235,246
235,247
235,255
236,254
236,435
237,244
237,251
237,252
237,256
237,334
239,253
242,257
243,259
244,258
245,266
246,260
247,261
248,262
249,267
251,263
252,268
253,264
253,270
256,265
256,269
257,272
258,275
259,276
260,274
261,277
262,278
263,279
264,271
264,280
264,458
265,273
265,281
265,285
265,477
266,287
266,362
267,282
267,283
269,284
270,286
271,288
272,295
273,289
274,290
275,296
276,292
277,291
278,297
279,298
280,293
280,300
280,304
280,307
281,294
282,299
282,301
282,303
283,305
283,306
285,308
287,302
287,399
288,309
289,312
290,314
291,314
292,310
293,311
294,313
295,324
296,320
297,323
298,319
301,316
301,434
302,315
302,317
302,495
304,318
304,379
306,322
307,321
307,466
309,329
310,325
311,330
312,331
313,332
315,326
316,327
317,328
317,333
322,334
322,335
325,337
326,338
327,339
328,340
329,336
330,341
331,342
332,343
333,345
333,346
333,347
333,350
334,344
334,348
334,349
336,352
337,353
338,355
339,356
340,356
341,354
342,358
343,351
343,364
344,357
345,363
346,365
346,379
348,360
348,362
348,459
349,361
349,363
349,366
349,449
350,359
351,368
352,370
353,369
354,374
355,371
356,367
356,377
357,372
358,378
359,376
359,379
360,373
360,381
361,380
362,383
362,468
363,375
366,382
367,385
368,386
369,387
370,388
371,392
372,393
373,384
373,389
373,390
373,395
375,391
375,398
376,394
378,399
378,400
380,397
381,396
384,401
385,403
386,402
387,404
388,406
389,407
390,409
391,410
392,408
393,413
394,411
395,405
395,417
396,412
396,414
396,416
396,418
396,419
396,493
398,415
401,421
402,429
403,420
404,422
405,423
406,430
407,427
408,425
409,428
410,426
411,431
412,424
412,435
412,436
413,434
417,433
418,433
419,432
419,475
420,447
421,437
422,438
423,439
424,440
425,441
426,448
427,443
428,444
429,442
429,451
430,450
432,445
432,446
432,498
434,449
434,453
436,452
437,458
438,459
439,460
440,456
441,458
442,455
443,458
444,458
445,457
446,454
447,468
448,463
448,465
448,500
450,462
450,464
451,466
452,467
453,461
453,499
454,469
455,470
456,471
457,473
458,472
458,477
462,475
464,484
466,474
466,476
469,478
470,480
471,482
472,481
473,482
474,479
474,483
476,484
476,485
478,486
479,487
480,489
481,488
482,492
482,496
483,491
483,494
484,490
484,495
484,497
485,493
485,498
485,499
485,500

<end>
