<number of tasks>
500

<cycle time>
1000

<order strength>
0.254


<task times>
1 135
2 33
3 202
4 96
5 57
6 300
7 64
8 483
9 282
10 60
11 513
12 158
13 221
14 519
15 113
16 466
17 596
18 306
19 199
20 184
21 161
22 65
23 105
24 209
25 146
26 133
27 168
28 374
29 499
30 244
31 73
32 277
33 168
34 107
35 457
36 572
37 128
38 35
39 230
40 76
41 173
42 234
43 143
44 419
45 305
46 207
47 179
48 263
49 165
50 328
51 82
52 98
53 131
54 114
55 141
56 325
57 532
58 211
59 262
60 151
61 268
62 46
63 169
64 84
65 171
66 133
67 210
68 259
69 357
70 243
71 88
72 494
73 79
74 70
75 369
76 23
77 486
78 82
79 86
80 76
81 194
82 147
83 144
84 60
85 252
86 40
87 203
88 254
89 379
90 167
91 268
92 456
93 52
94 151
95 65
96 358
97 125
98 448
99 261
100 75
101 64
102 341
103 370
104 197
105 499
106 283
107 152
108 210
109 241
110 413
111 142
112 263
113 476
114 40
115 268
116 162
117 118
118 319
119 47
120 107
121 299
122 575
123 106
124 162
125 88
126 129
127 263
128 150
129 572
130 89
131 278
132 335
133 173
134 87
135 574
136 314
137 130
138 144
139 103
140 568
141 338
142 258
143 31
144 221
145 312
146 259
147 264
148 145
149 36
150 252
151 152
152 160
153 231
154 99
155 252
156 179
157 391
158 170
159 462
160 47
161 397
162 195
163 172
164 188
165 474
166 25
167 597
168 353
169 68
170 38
171 556
172 203
173 118
174 256
175 394
176 423
177 122
178 520
179 209
180 290
181 473
182 174
183 178
184 326
185 496
186 89
187 305
188 100
189 63
190 108
191 125
192 189
193 120
194 112
195 222
196 230
197 196
198 58
199 495
200 396
201 138
202 312
203 94
204 215
205 276
206 466
207 261
208 233
209 106
210 45
211 111
212 102
213 233
214 91
215 223
216 263
217 100
218 86
219 162
220 536
221 601
222 371
223 63
224 268
225 99
226 181
227 156
228 300
229 426
230 90
231 145
232 245
233 123
234 338
235 71
236 501
237 288
238 242
239 221
240 232
241 191
242 176
243 503
244 405
245 104
246 22
247 254
248 537
249 128
250 237
251 165
252 171
253 230
254 155
255 219
256 315
257 357
258 503
259 21
260 530
261 490
262 501
263 74
264 237
265 219
266 252
267 98
268 97
269 338
270 96
271 146
272 73
273 82
274 265
275 53
276 430
277 43
278 140
279 154
280 200
281 182
282 167
283 494
284 229
285 188
286 154
287 187
288 134
289 474
290 521
291 45
292 262
293 81
294 509
295 302
296 197
297 74
298 317
299 375
300 534
301 484
302 221
303 168
304 69
305 260
306 335
307 181
308 283
309 516
310 510
311 119
312 191
313 122
314 175
315 115
316 27
317 109
318 60
319 312
320 32
321 171
322 44
323 86
324 141
325 101
326 226
327 168
328 181
329 71
330 183
331 307
332 262
333 51
334 99
335 26
336 51
337 36
338 223
339 552
340 84
341 252
342 534
343 208
344 269
345 69
346 543
347 69
348 136
349 152
350 155
351 247
352 503
353 79
354 149
355 90
356 131
357 187
358 140
359 94
360 46
361 187
362 517
363 540
364 210
365 101
366 479
367 143
368 73
369 29
370 279
371 144
372 197
373 194
374 183
375 103
376 470
377 305
378 532
379 197
380 91
381 127
382 115
383 505
384 81
385 72
386 116
387 228
388 99
389 157
390 385
391 107
392 37
393 39
394 246
395 136
396 195
397 177
398 227
399 507
400 72
401 558
402 56
403 209
404 209
405 194
406 232
407 90
408 141
409 209
410 273
411 486
412 252
413 302
414 106
415 129
416 83
417 72
418 278
419 125
420 261
421 37
422 204
423 66
424 284
425 82
426 462
427 269
428 110
429 215
430 190
431 51
432 495
433 299
434 299
435 412
436 342
437 49
438 184
439 376
440 92
441 502
442 208
443 111
444 31
445 105
446 28
447 257
448 89
449 29
450 172
451 256
452 521
453 54
454 60
455 67
456 138
457 226
458 75
459 159
460 161
461 173
462 242
463 129
464 427
465 111
466 145
467 169
468 30
469 382
470 274
471 509
472 66
473 346
474 161
475 466
476 537
477 485
478 285
479 172
480 181
481 543
482 516
483 531
484 89
485 231
486 224
487 624
488 193
489 258
490 215
491 86
492 55
493 487
494 482
495 144
496 168
497 111
498 243
499 292
500 38

<precedence relations>
1,34
2,34
3,34
4,34
5,333
6,196
7,387
8,25
9,25
10,25
11,25
12,25
13,25
14,29
15,19
15,20
15,21
15,22
15,23
15,24
15,26
15,27
15,28
16,17
16,18
16,30
16,31
16,32
17,428
18,34
19,333
20,89
21,89
22,196
23,216
24,216
25,36
25,40
25,41
25,42
25,43
25,44
25,45
25,46
25,47
25,48
26,420
27,50
28,51
29,52
30,49
32,33
32,35
32,37
32,38
32,39
32,53
32,54
33,428
34,55
34,56
34,57
34,58
34,59
34,60
34,61
35,89
36,196
37,216
38,387
39,239
40,66
40,69
41,65
43,72
47,71
48,67
48,70
49,420
50,68
51,62
54,63
54,64
55,172
56,196
57,75
60,80
60,84
60,86
61,83
62,172
63,172
64,388
65,388
66,82
67,81
70,85
71,74
71,76
71,78
72,73
72,77
72,79
73,428
74,172
75,333
76,333
77,89
78,196
79,196
80,196
81,97
82,98
83,87
83,88
83,93
83,95
83,96
83,99
83,100
84,90
84,94
84,103
86,91
86,92
86,101
86,102
86,104
87,172
88,333
89,105
89,106
89,107
89,108
89,109
89,110
89,111
89,112
89,113
89,120
89,124
90,196
91,196
92,216
93,466
94,388
95,239
96,115
97,116
98,114
99,117
99,123
101,121
103,118
104,119
104,122
105,196
108,136
109,130
110,129
112,127
114,420
115,125
116,131
117,132
118,133
118,134
119,138
120,126
120,135
120,137
122,128
125,428
126,333
127,466
128,388
129,388
130,239
131,147
132,148
133,150
134,142
134,144
134,149
134,151
134,152
135,153
136,141
136,145
136,154
136,155
137,139
137,140
137,143
137,146
139,172
140,172
141,196
142,388
143,388
144,239
145,239
146,420
147,156
148,162
149,163
150,165
151,161
151,167
152,164
152,169
152,170
153,160
154,158
155,157
155,159
155,166
155,168
155,171
156,172
157,172
158,196
159,196
160,196
161,179
162,173
163,173
164,181
165,173
166,177
166,180
166,182
166,184
167,183
167,187
168,175
168,176
168,178
169,174
169,185
169,186
172,188
172,189
172,190
172,191
172,192
172,193
172,194
172,197
172,198
172,203
172,208
173,196
174,196
175,216
176,466
177,466
178,420
179,202
180,199
181,200
182,201
184,207
185,195
185,204
185,205
187,206
188,388
189,239
190,218
190,220
191,226
195,333
196,209
196,210
196,211
196,212
196,213
196,214
196,215
197,216
198,216
199,223
200,217
201,224
202,225
203,219
203,222
204,227
206,221
209,239
210,239
211,240
211,242
213,251
214,228
215,249
216,229
216,230
216,231
216,232
216,233
216,234
216,235
216,236
216,237
217,247
218,244
219,245
220,246
221,241
222,243
222,248
225,238
226,250
228,428
229,253
229,267
232,272
235,261
235,268
236,252
238,388
239,254
239,255
239,256
239,257
239,258
239,259
239,260
240,262
241,263
242,264
243,265
244,269
245,270
246,271
248,266
252,428
253,388
254,282
256,281
260,280
261,420
262,278
263,273
264,273
265,275
266,276
267,277
268,274
270,279
273,387
274,286
275,283
276,287
277,291
278,293
278,296
279,288
279,290
279,292
279,294
280,284
280,285
280,289
282,295
283,333
284,388
285,420
286,302
287,304
288,305
289,297
289,301
289,303
289,312
290,306
290,309
292,307
293,313
294,310
295,298
295,300
295,311
296,299
296,308
297,333
298,466
299,387
300,388
301,318
302,323
303,319
304,324
305,320
306,321
307,322
308,314
308,331
309,315
309,326
309,329
309,330
311,317
313,316
313,325
313,327
313,328
314,333
315,388
316,420
317,420
318,337
319,338
320,339
321,336
322,334
323,335
325,340
325,341
327,332
332,428
333,342
333,343
333,344
333,345
333,346
333,347
333,352
334,348
335,349
336,350
339,351
341,353
342,466
344,355
345,354
345,364
346,363
346,366
348,358
349,359
350,360
351,357
352,356
352,362
352,365
353,361
353,367
353,368
354,466
355,466
356,420
357,370
358,373
359,369
360,372
361,371
363,376
363,377
365,375
368,374
369,420
370,384
371,381
372,382
373,380
373,383
373,386
375,385
377,378
377,379
378,387
379,388
380,388
381,392
382,389
383,390
384,393
384,395
385,394
385,396
385,397
386,391
386,398
387,399
387,400
387,401
387,402
387,403
387,404
387,405
387,406
388,407
388,408
388,409
388,410
388,411
388,412
389,414
390,415
391,413
393,418
394,416
398,417
399,420
400,421
402,427
409,419
413,422
414,423
415,426
417,424
417,425
419,428
420,430
420,431
420,432
420,433
421,435
422,429
423,436
424,434
425,437
426,438
427,439
428,440
428,441
428,442
428,443
428,444
429,466
430,447
430,448
432,450
434,445
435,449
436,446
438,451
438,452
440,461
440,462
441,460
443,464
445,458
446,454
447,455
448,456
449,465
450,457
450,463
451,453
452,459
453,466
454,467
455,469
456,472
457,471
458,474
458,475
459,468
460,470
463,473
466,476
466,477
466,478
466,479
466,480
466,481
467,482
468,483
469,485
470,484
471,485
473,486
475,487
477,492
478,493
482,489
483,490
484,488
486,491
488,494
490,499
492,497
492,500
493,495
493,496
493,498

<end>
