<number of tasks>
500

<cycle time>
1000

<order strength>
0.599


<task times>
1 669
2 491
3 463
4 469
5 251
6 448
7 547
8 619
9 501
10 525
11 514
12 592
13 527
14 605
15 438
16 546
17 539
18 426
19 443
20 458
21 528
22 445
23 522
24 639
25 560
26 399
27 565
28 641
29 606
30 468
31 623
32 460
33 456
34 658
35 505
36 547
37 361
38 609
39 515
40 472
41 376
42 594
43 394
44 390
45 751
46 489
47 396
48 392
49 840
50 285
51 490
52 308
53 670
54 528
55 434
56 388
57 443
58 538
59 535
60 404
61 593
62 477
63 418
64 425
65 529
66 314
67 571
68 323
69 523
70 454
71 455
72 327
73 445
74 510
75 545
76 698
77 435
78 495
79 441
80 409
81 243
82 400
83 759
84 675
85 565
86 602
87 393
88 722
89 475
90 436
91 443
92 376
93 361
94 461
95 676
96 572
97 451
98 581
99 725
100 457
101 573
102 526
103 383
104 591
105 467
106 419
107 391
108 580
109 409
110 631
111 620
112 536
113 367
114 360
115 373
116 447
117 574
118 469
119 427
120 614
121 421
122 398
123 320
124 390
125 532
126 473
127 458
128 497
129 670
130 484
131 569
132 551
133 469
134 384
135 571
136 553
137 308
138 667
139 554
140 452
141 443
142 491
143 347
144 731
145 511
146 536
147 455
148 529
149 528
150 578
151 377
152 576
153 517
154 503
155 230
156 446
157 371
158 432
159 395
160 484
161 461
162 464
163 548
164 490
165 650
166 573
167 542
168 445
169 602
170 371
171 416
172 542
173 608
174 511
175 540
176 584
177 389
178 525
179 539
180 517
181 562
182 771
183 565
184 537
185 528
186 493
187 341
188 511
189 650
190 489
191 497
192 585
193 429
194 358
195 539
196 509
197 224
198 492
199 602
200 504
201 303
202 618
203 558
204 520
205 465
206 507
207 361
208 284
209 476
210 552
211 360
212 536
213 550
214 525
215 480
216 528
217 561
218 539
219 750
220 554
221 285
222 534
223 418
224 548
225 432
226 321
227 718
228 450
229 621
230 702
231 542
232 516
233 535
234 450
235 400
236 607
237 373
238 528
239 539
240 515
241 607
242 395
243 456
244 450
245 399
246 604
247 368
248 510
249 562
250 570
251 324
252 570
253 567
254 737
255 575
256 345
257 495
258 753
259 584
260 338
261 557
262 433
263 437
264 545
265 557
266 515
267 301
268 491
269 533
270 425
271 557
272 344
273 703
274 707
275 633
276 373
277 646
278 380
279 498
280 567
281 540
282 551
283 450
284 445
285 664
286 395
287 293
288 526
289 398
290 467
291 513
292 561
293 191
294 622
295 613
296 576
297 464
298 545
299 554
300 423
301 355
302 517
303 482
304 455
305 546
306 411
307 390
308 712
309 496
310 552
311 429
312 698
313 257
314 418
315 393
316 588
317 455
318 437
319 450
320 514
321 404
322 425
323 662
324 541
325 532
326 450
327 558
328 557
329 355
330 496
331 678
332 607
333 476
334 477
335 408
336 570
337 616
338 446
339 286
340 379
341 528
342 531
343 454
344 633
345 460
346 481
347 698
348 574
349 418
350 387
351 576
352 523
353 427
354 452
355 577
356 647
357 326
358 774
359 721
360 634
361 592
362 474
363 626
364 674
365 391
366 263
367 445
368 654
369 551
370 678
371 431
372 671
373 564
374 483
375 488
376 625
377 570
378 468
379 571
380 643
381 565
382 561
383 787
384 339
385 428
386 543
387 469
388 412
389 539
390 682
391 554
392 503
393 604
394 444
395 585
396 429
397 528
398 414
399 607
400 541
401 452
402 491
403 548
404 426
405 469
406 352
407 404
408 578
409 507
410 477
411 596
412 507
413 394
414 543
415 547
416 584
417 660
418 496
419 509
420 524
421 513
422 602
423 475
424 749
425 587
426 459
427 779
428 610
429 632
430 602
431 493
432 530
433 632
434 349
435 271
436 415
437 299
438 485
439 485
440 443
441 484
442 663
443 479
444 585
445 532
446 643
447 400
448 504
449 595
450 675
451 492
452 363
453 637
454 442
455 566
456 549
457 519
458 611
459 610
460 520
461 654
462 420
463 462
464 611
465 598
466 737
467 559
468 548
469 439
470 269
471 309
472 637
473 645
474 410
475 495
476 498
477 447
478 392
479 568
480 544
481 564
482 434
483 553
484 384
485 601
486 494
487 666
488 449
489 565
490 305
491 443
492 379
493 496
494 456
495 516
496 375
497 497
498 623
499 385
500 668

<precedence relations>
1,11
2,13
3,10
3,12
3,15
4,41
5,14
5,34
6,16
6,19
6,21
6,23
7,14
7,15
7,22
7,34
8,14
8,15
8,16
8,17
8,18
8,22
9,14
9,17
9,20
9,33
9,34
10,24
11,25
12,27
13,26
14,28
14,35
15,33
16,29
16,67
17,29
18,30
18,32
18,34
18,35
19,29
19,30
19,31
19,56
20,268
20,342
21,29
21,30
21,31
22,127
22,256
23,29
24,40
25,36
26,37
27,38
28,39
29,68
30,41
32,65
33,40
33,41
34,40
34,41
35,40
35,41
36,44
37,45
38,42
39,46
40,43
40,45
40,47
40,58
41,44
41,45
41,46
41,74
42,48
43,50
44,49
44,51
44,52
44,57
44,58
45,52
45,53
45,54
45,55
45,59
46,52
46,55
47,56
47,143
47,242
48,61
49,62
50,63
51,64
52,60
53,65
53,66
53,67
53,68
54,65
54,66
55,65
55,66
56,67
56,265
56,273
57,67
57,295
58,65
58,67
58,75
58,115
59,101
60,70
61,74
62,71
63,75
64,72
65,69
65,76
66,72
67,335
68,73
68,77
68,78
69,79
70,80
71,83
72,81
72,86
72,88
72,219
73,82
74,87
74,115
75,85
75,90
76,91
77,84
77,89
77,92
78,84
79,95
80,93
81,94
82,97
83,101
84,96
84,98
85,99
85,100
85,104
86,102
86,342
87,99
87,100
88,157
89,99
90,99
91,103
92,105
92,122
93,112
94,113
95,107
96,108
97,109
98,111
99,106
99,112
99,114
99,120
100,110
100,112
100,113
101,112
102,157
103,112
103,120
104,481
105,115
105,144
106,116
107,119
108,117
109,120
110,118
111,120
112,121
112,122
113,120
114,293
115,120
115,219
115,256
116,123
117,124
118,127
119,125
120,127
120,128
120,129
121,126
121,128
121,129
121,206
121,247
122,127
122,128
122,130
122,192
123,132
124,131
125,134
126,133
127,135
128,232
128,257
128,342
129,134
129,137
129,230
130,136
130,138
130,242
131,139
132,140
133,144
134,141
135,142
135,145
136,143
136,148
136,203
137,147
137,149
138,143
138,146
138,157
139,152
140,153
141,154
142,155
143,150
143,151
143,168
143,240
144,264
145,160
146,156
146,218
147,159
147,266
147,359
148,158
149,156
149,157
150,161
151,164
152,162
153,165
154,166
155,167
156,163
156,168
156,169
156,171
157,172
157,271
157,359
157,371
158,265
158,271
158,342
159,168
159,278
159,395
160,170
160,203
161,173
162,174
163,175
164,176
165,178
166,179
167,177
168,305
168,435
170,183
170,184
171,180
171,181
171,182
171,263
171,266
172,185
172,383
173,186
174,188
175,187
176,190
177,189
178,191
179,192
180,191
180,344
180,372
180,426
181,293
181,308
181,426
182,248
183,194
183,238
184,239
184,474
185,193
186,196
187,195
188,198
189,199
190,197
191,200
191,406
191,448
192,203
192,277
192,359
193,201
193,202
193,207
193,248
193,257
194,202
194,204
194,205
194,206
195,208
196,209
197,210
198,211
199,212
200,286
200,326
200,380
201,324
202,270
203,281
204,287
204,302
204,315
205,250
205,368
205,435
206,213
207,315
207,335
208,214
209,219
210,215
211,216
212,220
213,217
213,218
213,221
213,222
214,224
215,225
216,228
217,226
218,223
218,227
219,227
219,228
219,231
220,241
221,227
221,229
221,232
221,233
222,230
223,234
224,238
225,235
226,237
227,236
227,241
228,238
229,325
229,448
230,242
230,271
231,238
231,239
231,287
231,317
232,239
232,263
232,278
233,240
233,287
234,243
235,247
236,244
237,245
238,245
238,250
238,281
239,250
240,260
240,305
240,318
240,362
241,246
241,248
241,249
242,245
242,358
243,252
244,254
245,251
245,258
245,384
246,253
246,255
246,258
247,256
247,349
247,372
248,260
248,280
248,351
248,381
249,257
249,259
250,380
250,384
251,261
252,263
253,262
254,263
255,264
255,265
257,266
258,334
259,273
261,267
262,268
263,345
264,271
265,268
265,359
266,268
266,269
266,270
266,272
266,273
267,274
268,279
268,281
268,306
268,317
268,433
269,275
269,278
270,408
270,427
271,275
272,276
272,277
272,280
273,275
273,276
273,280
274,283
275,282
275,284
275,285
275,287
276,284
276,295
278,304
278,345
279,448
280,286
280,301
280,396
281,296
281,303
282,289
283,291
284,288
284,290
284,293
284,294
285,296
285,433
286,446
287,292
287,295
288,297
289,298
290,299
291,300
292,308
292,426
293,302
293,305
293,306
293,307
293,309
294,304
295,303
295,418
296,301
296,302
296,370
297,314
298,315
299,311
300,313
301,310
301,312
302,316
302,336
303,314
303,318
303,336
303,349
304,317
304,435
304,448
305,344
305,418
306,318
306,407
307,314
307,317
307,395
307,433
308,326
308,448
309,447
310,319
311,320
312,322
313,321
315,324
316,323
316,326
317,325
317,476
318,324
318,360
319,328
320,329
321,330
322,332
323,331
324,327
324,333
324,421
324,445
325,336
325,347
325,406
326,334
326,335
327,337
328,339
329,338
330,342
331,340
332,343
333,346
333,350
333,351
333,357
333,435
334,345
334,347
334,491
335,341
335,349
335,350
336,344
336,348
337,357
338,352
339,358
340,353
340,355
340,356
341,354
342,359
342,362
342,381
344,419
345,360
347,369
349,457
350,373
350,417
351,361
352,369
353,363
354,364
355,366
356,367
357,368
357,444
358,474
359,365
359,370
360,373
360,409
361,372
361,373
362,371
362,407
362,420
363,375
364,377
365,378
366,380
367,379
368,374
368,384
368,434
368,438
369,381
370,376
370,395
371,382
371,383
372,406
373,382
374,385
375,386
376,388
377,390
378,392
379,387
380,389
380,391
380,393
380,395
381,394
381,396
382,428
383,438
384,443
385,397
386,406
387,398
388,400
389,401
390,407
391,402
392,403
393,404
394,405
395,399
395,410
395,411
396,408
396,409
396,445
397,413
398,414
399,412
400,417
401,417
402,415
403,416
404,417
405,417
407,418
407,468
408,421
409,420
410,419
410,500
412,422
413,423
414,424
415,425
416,426
417,475
418,428
419,428
420,427
420,456
420,499
421,469
422,430
423,429
424,431
425,432
426,433
426,435
426,436
426,438
427,434
427,447
427,475
427,492
428,436
428,437
429,439
430,443
431,440
432,445
433,441
434,442
434,469
435,444
436,446
436,492
438,447
438,448
438,487
439,449
440,452
441,453
442,454
443,451
444,450
444,457
446,455
446,458
447,480
448,456
448,459
449,462
450,460
451,461
452,464
453,465
454,466
455,463
455,467
455,469
456,468
456,469
459,491
460,474
461,475
462,470
463,471
464,476
465,472
466,474
467,473
468,479
468,480
469,477
469,478
469,481
470,482
471,483
472,485
473,487
476,489
476,491
477,484
477,490
478,486
478,497
479,492
480,488
482,493
483,494
484,495
485,497
486,496
487,499
488,500
490,498

<end>
