<number of tasks>
500

<cycle time>
1000

<order strength>
0.196


<task times>
1 96
2 148
3 508
4 307
5 250
6 87
7 185
8 145
9 61
10 198
11 118
12 119
13 270
14 223
15 292
16 86
17 313
18 273
19 283
20 234
21 188
22 411
23 137
24 47
25 132
26 226
27 549
28 32
29 145
30 445
31 56
32 286
33 250
34 104
35 31
36 105
37 398
38 513
39 135
40 229
41 184
42 270
43 482
44 206
45 233
46 153
47 145
48 503
49 419
50 175
51 541
52 43
53 145
54 264
55 494
56 418
57 587
58 185
59 249
60 30
61 78
62 123
63 161
64 603
65 80
66 299
67 192
68 81
69 137
70 166
71 283
72 163
73 57
74 55
75 171
76 390
77 107
78 429
79 148
80 49
81 269
82 133
83 138
84 264
85 194
86 143
87 169
88 164
89 39
90 106
91 255
92 223
93 477
94 167
95 20
96 22
97 86
98 148
99 120
100 484
101 289
102 55
103 66
104 329
105 403
106 499
107 49
108 548
109 563
110 124
111 296
112 550
113 463
114 88
115 29
116 54
117 158
118 449
119 235
120 105
121 58
122 137
123 67
124 40
125 230
126 113
127 132
128 58
129 119
130 337
131 148
132 149
133 121
134 212
135 557
136 156
137 48
138 549
139 153
140 358
141 224
142 45
143 193
144 56
145 59
146 132
147 295
148 389
149 299
150 336
151 307
152 275
153 181
154 332
155 93
156 465
157 95
158 555
159 108
160 44
161 40
162 463
163 433
164 284
165 458
166 201
167 221
168 87
169 470
170 70
171 114
172 142
173 196
174 255
175 510
176 96
177 153
178 192
179 185
180 68
181 114
182 267
183 172
184 232
185 412
186 525
187 290
188 77
189 463
190 239
191 229
192 45
193 161
194 422
195 34
196 169
197 505
198 162
199 212
200 526
201 361
202 461
203 74
204 146
205 74
206 130
207 306
208 431
209 78
210 327
211 421
212 119
213 45
214 105
215 159
216 45
217 114
218 556
219 81
220 98
221 175
222 21
223 58
224 423
225 168
226 29
227 44
228 164
229 68
230 112
231 375
232 216
233 75
234 88
235 116
236 204
237 58
238 464
239 133
240 495
241 213
242 313
243 105
244 86
245 180
246 78
247 94
248 37
249 289
250 515
251 469
252 96
253 83
254 126
255 233
256 279
257 28
258 221
259 72
260 121
261 86
262 409
263 28
264 97
265 57
266 180
267 371
268 96
269 77
270 155
271 152
272 74
273 536
274 428
275 40
276 156
277 146
278 256
279 192
280 137
281 194
282 136
283 229
284 141
285 282
286 117
287 221
288 145
289 81
290 300
291 185
292 402
293 448
294 274
295 199
296 284
297 256
298 90
299 113
300 293
301 250
302 435
303 183
304 174
305 164
306 92
307 110
308 171
309 263
310 90
311 131
312 337
313 58
314 66
315 187
316 470
317 170
318 223
319 273
320 239
321 33
322 423
323 219
324 205
325 191
326 275
327 466
328 191
329 95
330 88
331 201
332 79
333 188
334 30
335 123
336 29
337 183
338 320
339 133
340 208
341 212
342 280
343 564
344 235
345 162
346 198
347 111
348 129
349 84
350 69
351 424
352 353
353 376
354 96
355 202
356 109
357 63
358 43
359 337
360 583
361 395
362 35
363 501
364 260
365 107
366 360
367 330
368 47
369 63
370 88
371 51
372 551
373 554
374 240
375 223
376 97
377 122
378 20
379 375
380 193
381 186
382 458
383 286
384 28
385 139
386 106
387 136
388 93
389 246
390 266
391 58
392 99
393 22
394 134
395 81
396 570
397 149
398 125
399 81
400 323
401 51
402 172
403 381
404 152
405 516
406 51
407 144
408 92
409 34
410 366
411 89
412 76
413 130
414 69
415 37
416 154
417 110
418 245
419 184
420 386
421 253
422 49
423 335
424 292
425 87
426 159
427 177
428 247
429 357
430 206
431 105
432 96
433 58
434 265
435 216
436 511
437 85
438 188
439 34
440 25
441 102
442 224
443 222
444 569
445 287
446 416
447 319
448 119
449 25
450 46
451 476
452 204
453 74
454 207
455 285
456 343
457 132
458 602
459 487
460 46
461 386
462 270
463 83
464 427
465 133
466 119
467 143
468 230
469 107
470 398
471 145
472 251
473 77
474 149
475 165
476 356
477 231
478 479
479 226
480 251
481 333
482 59
483 147
484 131
485 452
486 133
487 141
488 67
489 271
490 492
491 217
492 257
493 135
494 233
495 438
496 130
497 296
498 263
499 491
500 234

<precedence relations>
1,14
2,14
3,14
4,14
5,14
6,218
7,18
8,19
9,20
10,15
10,17
10,21
10,22
10,23
10,25
11,12
11,13
11,16
11,24
11,26
12,150
13,150
14,27
14,28
14,29
14,30
14,31
14,32
15,79
16,79
17,111
18,33
19,37
20,35
21,36
21,40
22,34
23,443
24,39
26,38
27,461
28,461
29,79
30,49
30,53
33,472
34,79
35,41
36,42
36,45
36,46
36,52
37,47
37,57
38,48
38,50
39,44
39,54
39,55
40,43
40,51
40,56
40,58
41,138
42,138
43,138
44,434
45,434
46,219
47,219
48,461
49,111
50,111
51,453
52,62
53,65
54,59
54,63
54,64
54,70
55,67
55,69
55,74
55,75
55,76
55,121
56,60
56,71
56,72
57,61
57,66
57,73
57,78
58,68
58,77
59,472
60,218
61,79
62,82
63,83
64,86
65,81
66,84
67,85
67,471
71,80
73,89
76,87
76,90
76,283
77,88
77,491
79,92
79,93
79,94
79,95
79,96
79,97
80,111
81,99
82,102
83,103
84,100
85,101
86,104
87,98
87,106
89,91
89,107
90,105
91,138
92,110
92,116
95,109
95,120
98,111
99,112
100,114
101,108
102,121
103,113
103,117
105,115
107,118
107,119
107,315
108,472
109,218
110,218
111,124
111,125
111,126
111,127
112,122
113,129
113,131
113,134
114,128
115,130
115,133
117,123
119,132
120,346
121,299
122,367
123,138
124,453
127,145
128,453
129,140
130,141
131,135
131,142
131,144
132,136
132,146
132,147
132,148
133,137
133,139
134,143
135,381
136,150
137,150
138,149
138,151
138,152
138,153
138,154
138,155
138,156
138,157
138,158
139,218
140,159
141,161
142,162
143,160
143,163
143,167
144,168
145,165
145,169
146,164
147,166
147,500
149,381
150,171
150,172
150,173
150,174
150,175
150,218
151,218
152,177
152,179
152,182
158,176
159,170
160,178
161,180
162,170
163,181
165,184
166,186
168,183
169,185
169,187
170,367
171,472
172,188
173,194
174,303
176,219
177,189
178,193
179,190
180,191
181,193
182,192
183,195
183,198
185,199
186,196
186,197
188,205
189,200
190,207
191,208
192,206
193,204
194,210
195,203
195,211
195,213
195,216
196,212
196,214
198,201
198,209
198,217
199,202
199,215
199,364
200,218
201,218
202,434
203,219
204,220
205,221
206,222
208,223
214,225
215,224
218,226
218,227
218,228
218,229
218,230
218,231
218,244
218,246
218,247
219,232
219,233
219,234
219,235
219,236
219,237
219,238
220,239
221,241
222,240
223,242
223,243
223,248
223,249
224,245
226,252
226,255
227,258
227,265
228,251
231,261
231,262
234,263
235,260
239,253
240,254
241,250
242,257
243,256
247,266
248,259
249,264
250,472
251,461
252,272
253,273
254,270
255,274
256,275
257,271
258,269
258,277
261,267
261,276
261,278
261,281
262,321
263,268
263,279
265,280
267,367
268,472
269,285
270,286
271,287
272,284
273,288
274,282
275,282
277,289
277,291
277,294
279,283
279,293
280,290
280,292
282,367
283,472
284,297
285,295
286,299
287,298
288,296
288,305
288,308
289,303
289,306
289,307
289,317
290,302
291,300
292,301
292,331
293,304
294,309
295,472
296,453
297,310
298,310
300,311
301,312
301,319
302,317
302,320
303,322
305,313
305,315
305,318
307,321
308,314
309,316
310,472
311,324
312,328
313,323
313,326
313,330
313,332
314,325
315,327
315,333
317,329
317,335
318,331
318,337
319,334
319,336
323,339
324,344
325,340
326,341
327,342
328,338
329,343
329,351
330,347
330,352
332,346
332,350
333,349
333,353
335,345
336,348
338,461
339,356
340,354
341,354
342,357
343,360
344,355
344,358
344,359
345,361
345,365
346,362
349,364
353,363
354,381
355,367
356,368
357,369
358,370
359,371
360,373
361,372
361,378
361,379
362,380
363,376
364,366
364,374
364,377
365,375
366,381
367,382
367,383
367,384
367,385
367,386
367,387
367,388
368,390
369,389
370,393
371,392
372,391
374,397
375,398
376,396
377,394
377,395
378,399
381,400
381,401
381,402
381,403
381,404
382,472
385,408
387,412
387,415
389,407
390,406
391,407
392,405
392,413
393,480
394,410
394,422
395,414
396,411
398,409
401,420
402,416
405,417
406,419
407,418
407,421
407,422
416,434
417,423
418,424
419,432
420,428
420,429
421,426
421,427
421,430
422,425
422,431
422,433
423,434
424,437
425,438
425,442
429,443
430,440
431,435
431,441
432,436
432,439
432,444
434,445
434,446
434,447
434,448
434,449
434,450
434,451
435,461
436,453
437,452
438,454
439,457
443,456
444,455
444,458
445,467
446,460
446,469
446,470
450,471
452,461
453,462
453,463
453,464
453,465
453,466
454,468
458,459
459,472
460,472
461,473
461,474
461,475
461,476
461,477
461,484
462,479
463,482
464,481
467,478
468,483
471,480
472,485
472,486
472,487
472,488
472,489
472,496
476,494
478,491
479,490
480,493
480,495
480,500
483,497
484,492
484,498
484,499

<end>
