<number of tasks>
500

<cycle time>
1000

<order strength>
0.596


<task times>
1 606
2 284
3 581
4 469
5 492
6 482
7 479
8 386
9 665
10 514
11 662
12 499
13 621
14 450
15 306
16 504
17 570
18 419
19 593
20 740
21 580
22 658
23 540
24 462
25 447
26 535
27 450
28 453
29 490
30 508
31 609
32 703
33 633
34 626
35 577
36 443
37 453
38 417
39 599
40 709
41 442
42 498
43 628
44 556
45 473
46 319
47 699
48 461
49 374
50 483
51 604
52 517
53 368
54 550
55 555
56 419
57 607
58 378
59 553
60 514
61 576
62 468
63 589
64 494
65 362
66 345
67 382
68 565
69 472
70 196
71 557
72 479
73 564
74 514
75 475
76 516
77 689
78 734
79 657
80 451
81 454
82 572
83 623
84 386
85 342
86 616
87 522
88 384
89 583
90 452
91 661
92 400
93 633
94 581
95 317
96 474
97 478
98 558
99 492
100 455
101 439
102 590
103 611
104 528
105 410
106 396
107 381
108 430
109 442
110 625
111 574
112 353
113 354
114 453
115 255
116 308
117 620
118 636
119 693
120 432
121 499
122 447
123 400
124 457
125 294
126 461
127 425
128 418
129 582
130 318
131 517
132 472
133 393
134 471
135 595
136 262
137 584
138 570
139 622
140 552
141 364
142 418
143 668
144 643
145 392
146 263
147 575
148 381
149 645
150 404
151 734
152 197
153 535
154 539
155 656
156 567
157 602
158 332
159 377
160 469
161 396
162 533
163 187
164 379
165 699
166 477
167 561
168 575
169 349
170 519
171 357
172 555
173 656
174 414
175 456
176 577
177 501
178 516
179 437
180 556
181 624
182 522
183 422
184 703
185 521
186 381
187 707
188 530
189 358
190 528
191 547
192 471
193 651
194 489
195 356
196 585
197 671
198 557
199 479
200 508
201 358
202 421
203 367
204 379
205 587
206 459
207 322
208 430
209 507
210 447
211 534
212 359
213 578
214 527
215 686
216 516
217 646
218 610
219 443
220 309
221 571
222 380
223 377
224 514
225 601
226 682
227 707
228 567
229 385
230 362
231 626
232 609
233 444
234 355
235 523
236 240
237 438
238 631
239 575
240 487
241 615
242 685
243 461
244 415
245 521
246 606
247 380
248 631
249 592
250 391
251 482
252 573
253 533
254 477
255 618
256 561
257 457
258 328
259 510
260 640
261 507
262 551
263 423
264 532
265 173
266 558
267 525
268 433
269 766
270 519
271 629
272 500
273 425
274 576
275 520
276 257
277 771
278 499
279 480
280 565
281 534
282 443
283 507
284 503
285 616
286 603
287 467
288 557
289 689
290 405
291 587
292 507
293 499
294 394
295 470
296 589
297 494
298 485
299 484
300 424
301 622
302 405
303 527
304 464
305 562
306 283
307 210
308 409
309 507
310 778
311 319
312 447
313 469
314 488
315 478
316 464
317 543
318 663
319 390
320 577
321 593
322 550
323 584
324 408
325 432
326 474
327 415
328 253
329 423
330 374
331 595
332 466
333 583
334 541
335 379
336 635
337 725
338 513
339 448
340 632
341 541
342 506
343 581
344 431
345 404
346 441
347 332
348 630
349 485
350 514
351 603
352 391
353 609
354 329
355 510
356 880
357 527
358 332
359 664
360 595
361 606
362 405
363 382
364 543
365 470
366 107
367 451
368 542
369 387
370 584
371 389
372 414
373 600
374 363
375 308
376 497
377 535
378 407
379 351
380 505
381 325
382 179
383 441
384 387
385 591
386 314
387 590
388 256
389 502
390 594
391 699
392 613
393 544
394 428
395 753
396 483
397 437
398 584
399 456
400 579
401 566
402 512
403 371
404 666
405 460
406 708
407 383
408 393
409 298
410 364
411 423
412 517
413 540
414 460
415 695
416 382
417 574
418 521
419 530
420 497
421 537
422 755
423 320
424 698
425 378
426 317
427 417
428 299
429 612
430 577
431 619
432 425
433 525
434 475
435 662
436 556
437 466
438 455
439 359
440 442
441 313
442 664
443 776
444 702
445 315
446 373
447 605
448 541
449 774
450 466
451 571
452 399
453 419
454 431
455 648
456 624
457 458
458 550
459 621
460 584
461 285
462 501
463 679
464 465
465 638
466 552
467 650
468 609
469 529
470 355
471 522
472 359
473 398
474 455
475 467
476 457
477 576
478 473
479 375
480 522
481 635
482 434
483 424
484 658
485 389
486 351
487 503
488 483
489 486
490 667
491 456
492 355
493 571
494 424
495 540
496 455
497 714
498 507
499 490
500 531

<precedence relations>
1,12
1,15
1,19
2,11
3,11
3,12
4,11
5,11
5,12
5,13
5,18
5,47
6,17
6,20
7,11
7,12
7,13
7,16
8,70
8,184
9,16
10,14
11,25
11,92
12,159
13,23
14,21
14,22
15,21
15,27
15,48
16,21
17,291
17,297
17,302
18,220
18,305
18,490
19,24
19,26
20,22
20,55
21,28
21,29
21,35
22,29
23,28
23,32
23,92
24,28
24,29
24,33
25,28
25,34
25,37
26,28
26,29
26,30
26,31
26,36
27,28
27,38
28,39
28,40
28,41
29,39
29,40
29,42
29,47
30,40
30,45
30,46
31,39
32,39
33,39
33,86
34,39
34,43
34,44
34,45
34,48
34,59
35,39
35,156
36,367
36,371
37,105
37,382
38,108
39,117
40,49
40,116
41,53
42,50
42,56
43,52
44,49
44,50
44,51
44,52
44,53
45,259
45,292
45,383
47,54
48,49
48,55
48,113
48,116
49,57
49,58
49,61
49,123
50,58
51,57
51,60
51,62
51,67
51,184
52,57
52,58
52,79
52,133
53,57
53,58
53,65
53,101
54,57
54,58
54,59
54,64
54,84
55,57
55,58
55,63
55,133
56,57
57,72
57,74
58,67
58,69
59,123
60,210
60,234
60,379
61,75
62,66
62,141
63,66
63,67
63,71
63,124
64,73
65,66
65,68
65,70
66,143
66,457
67,89
68,78
68,79
68,83
69,76
69,82
70,115
70,123
70,209
71,178
72,369
72,389
72,478
73,80
74,76
74,77
74,85
75,77
75,81
75,84
76,86
76,87
76,88
76,95
77,87
77,88
78,91
78,187
79,90
79,93
79,97
79,209
80,86
80,92
80,96
81,86
81,89
81,96
81,108
82,94
83,106
83,286
84,189
84,309
84,353
85,193
86,99
86,106
87,105
87,175
88,176
88,194
89,103
89,174
89,175
90,98
90,160
90,190
91,107
91,158
92,355
92,378
92,461
92,479
93,100
94,98
94,102
94,104
94,108
94,137
95,98
96,98
96,99
96,101
97,410
97,464
98,109
98,181
98,187
98,188
99,110
100,113
100,116
101,115
102,231
102,270
102,272
103,114
103,242
105,426
106,253
106,334
106,380
107,111
108,112
109,119
109,120
109,212
109,226
110,118
110,124
110,127
111,130
112,125
112,126
112,128
112,129
112,130
113,451
114,290
114,353
115,117
115,118
115,121
115,122
115,126
115,127
116,117
116,123
116,167
117,131
117,132
118,137
118,204
119,131
119,191
119,204
119,215
120,141
121,269
121,304
121,334
122,133
122,135
122,318
122,358
123,132
124,131
124,132
124,135
125,131
125,132
125,139
125,140
126,134
126,146
126,198
126,211
127,374
128,132
128,209
129,187
129,384
129,385
129,456
130,136
130,138
130,142
130,184
131,144
131,402
131,458
132,145
132,146
132,147
133,250
133,389
134,245
134,353
135,406
136,153
136,179
137,419
138,145
138,146
138,163
139,143
139,152
139,180
140,148
140,149
140,150
141,151
142,490
144,227
144,426
145,165
145,212
146,219
147,157
147,159
147,163
147,166
148,160
148,161
148,207
148,221
149,155
150,154
151,158
151,198
152,154
152,156
152,162
152,164
152,167
153,430
154,246
155,168
156,168
156,171
157,190
157,269
157,303
158,168
159,216
159,287
160,476
160,482
161,175
162,173
163,170
163,174
164,168
165,169
165,240
165,247
165,345
165,347
166,168
166,172
167,171
167,176
167,177
168,178
168,199
168,237
169,323
169,409
170,180
170,183
170,289
171,228
171,263
171,304
171,391
171,400
172,187
172,219
172,220
173,179
173,184
174,180
175,178
175,179
175,181
176,339
177,182
178,191
178,192
179,185
179,186
179,193
180,185
180,188
180,189
180,194
180,307
181,316
182,187
182,288
182,381
183,190
183,227
184,344
184,458
185,196
185,197
186,195
186,198
188,205
188,206
188,249
189,277
190,199
191,202
192,195
193,200
194,224
195,204
195,206
195,211
196,205
196,227
197,208
197,210
197,212
198,201
198,202
198,203
198,204
199,207
199,213
200,209
200,224
201,214
202,217
202,218
202,222
202,230
203,282
203,302
204,219
204,230
204,274
204,305
204,307
204,313
205,214
206,214
206,259
207,382
207,440
207,466
208,216
209,220
210,371
210,415
210,427
211,479
211,480
212,215
212,258
213,214
213,215
213,221
213,250
214,223
214,224
214,231
215,224
215,228
216,230
217,227
217,229
218,236
218,314
219,223
219,224
219,271
220,226
221,309
222,225
223,232
224,241
224,301
225,235
225,238
225,243
226,237
228,278
228,383
229,232
229,233
229,234
229,239
229,242
229,244
230,240
230,268
230,281
231,236
231,245
233,256
233,326
234,366
235,252
235,253
235,360
236,254
238,246
238,247
238,248
239,249
239,251
240,499
241,245
241,255
243,250
243,335
243,347
244,389
245,276
246,257
247,258
248,274
249,257
249,258
249,264
249,340
250,262
250,474
251,266
252,259
252,441
253,263
254,265
254,290
255,304
255,336
256,260
256,261
256,312
257,379
257,408
258,267
258,268
258,272
259,273
259,438
260,270
261,301
263,269
263,414
263,470
264,271
264,274
264,275
265,306
266,276
267,279
267,305
268,277
268,280
268,353
269,481
270,278
270,282
272,281
272,284
272,341
273,394
274,309
274,323
275,278
275,283
276,277
276,299
277,288
277,290
278,295
278,296
278,380
279,294
279,463
280,293
280,312
282,286
282,289
283,285
283,287
283,291
283,292
283,327
284,285
284,286
284,353
285,392
286,303
287,297
287,299
288,297
288,383
289,298
289,301
289,304
290,300
290,302
290,306
292,379
292,425
292,428
293,299
293,349
296,305
296,351
297,369
297,370
298,307
299,314
299,342
300,437
300,444
301,309
302,308
302,312
302,316
303,313
304,310
304,311
304,458
306,315
306,415
307,317
307,318
307,340
308,324
308,325
308,328
309,318
310,319
310,320
310,416
310,454
312,336
312,367
313,321
313,338
315,322
315,323
315,358
315,410
316,317
316,321
316,326
317,328
317,329
318,327
318,330
318,382
319,332
320,409
320,431
321,335
321,351
322,363
322,427
323,331
324,334
324,341
324,492
325,333
325,387
326,330
327,374
327,381
327,384
328,341
328,344
328,439
329,339
329,342
329,343
330,392
330,439
331,337
331,338
331,427
332,340
332,345
332,374
333,403
333,418
335,336
335,445
336,472
337,377
337,498
338,348
339,350
340,347
341,472
341,496
342,348
343,346
343,349
345,465
346,357
347,353
348,359
348,361
348,362
348,363
349,355
349,356
350,351
350,352
350,354
350,355
350,358
350,360
351,370
354,370
354,372
356,365
356,368
357,367
357,387
358,369
358,476
359,364
359,366
362,394
362,484
363,371
364,373
364,374
364,380
364,451
365,380
367,396
368,376
368,378
368,379
370,376
370,408
371,375
371,377
371,381
372,382
372,383
373,390
373,434
374,483
375,385
375,391
376,389
376,392
378,394
379,387
379,393
380,388
380,497
381,386
381,395
383,384
383,396
383,415
384,397
386,400
387,399
387,407
387,451
388,398
388,403
388,406
388,489
389,398
389,409
389,410
389,444
390,467
391,408
391,428
392,397
392,402
392,411
393,403
395,404
395,405
396,401
397,454
398,421
400,495
401,417
401,418
401,428
402,412
402,414
402,415
404,416
404,419
404,432
405,413
405,417
405,464
406,445
407,420
408,411
408,412
408,418
408,434
410,434
412,432
413,461
414,427
414,497
415,423
416,424
416,440
417,435
418,422
418,424
418,425
418,426
419,472
420,444
420,477
420,483
421,436
422,435
424,430
424,431
424,452
425,432
426,429
426,433
426,490
427,428
427,434
427,476
428,464
429,437
429,439
429,440
430,443
430,499
431,438
432,436
432,437
432,441
433,465
435,442
437,447
438,444
438,446
439,452
440,461
441,445
441,448
441,487
442,450
442,451
442,457
442,481
443,449
444,455
446,456
446,459
447,453
447,457
448,489
450,454
450,458
453,464
453,487
454,467
454,468
455,461
456,462
456,466
456,470
457,463
457,465
457,469
458,460
459,486
460,472
460,473
461,476
462,478
462,482
463,477
464,480
465,474
465,497
466,481
466,499
468,475
469,471
469,479
471,483
471,485
472,488
476,484
476,486
480,488
481,487
482,483
482,484
482,489
483,491
483,495
483,497
484,498
484,500
485,496
485,499
486,492
488,493
489,490
489,494

<end>
