<number of tasks>
500

<cycle time>
1000

<order strength>
0.597


<task times>
1 178
2 133
3 212
4 137
5 145
6 342
7 24
8 105
9 62
10 370
11 186
12 187
13 213
14 173
15 67
16 177
17 85
18 217
19 267
20 67
21 21
22 138
23 68
24 156
25 77
26 137
27 35
28 274
29 82
30 167
31 149
32 76
33 120
34 70
35 74
36 77
37 153
38 184
39 88
40 187
41 201
42 45
43 133
44 413
45 21
46 103
47 155
48 252
49 209
50 41
51 77
52 55
53 247
54 92
55 54
56 232
57 162
58 284
59 131
60 231
61 72
62 154
63 55
64 114
65 117
66 227
67 56
68 106
69 201
70 92
71 134
72 189
73 44
74 287
75 77
76 77
77 52
78 85
79 225
80 83
81 115
82 185
83 296
84 77
85 51
86 54
87 38
88 114
89 181
90 103
91 36
92 58
93 259
94 102
95 318
96 118
97 96
98 85
99 134
100 114
101 47
102 234
103 181
104 156
105 52
106 180
107 149
108 192
109 46
110 77
111 33
112 53
113 276
114 104
115 249
116 164
117 62
118 327
119 267
120 95
121 166
122 64
123 220
124 106
125 91
126 225
127 83
128 141
129 86
130 30
131 300
132 104
133 92
134 221
135 206
136 381
137 172
138 102
139 68
140 107
141 94
142 266
143 410
144 137
145 249
146 28
147 214
148 27
149 203
150 121
151 288
152 190
153 247
154 139
155 83
156 57
157 189
158 218
159 155
160 144
161 148
162 114
163 35
164 63
165 79
166 21
167 182
168 104
169 91
170 65
171 104
172 23
173 148
174 90
175 189
176 120
177 220
178 36
179 93
180 155
181 169
182 279
183 123
184 70
185 126
186 65
187 46
188 142
189 59
190 121
191 131
192 177
193 213
194 145
195 181
196 163
197 143
198 93
199 79
200 129
201 155
202 312
203 147
204 125
205 210
206 129
207 89
208 155
209 83
210 217
211 84
212 56
213 194
214 42
215 201
216 191
217 113
218 115
219 76
220 52
221 222
222 202
223 205
224 104
225 252
226 51
227 27
228 244
229 121
230 228
231 37
232 182
233 192
234 105
235 199
236 265
237 103
238 184
239 120
240 217
241 144
242 208
243 317
244 93
245 20
246 288
247 137
248 90
249 118
250 214
251 149
252 28
253 65
254 43
255 154
256 132
257 122
258 24
259 135
260 130
261 115
262 204
263 56
264 198
265 89
266 138
267 32
268 61
269 225
270 241
271 318
272 96
273 195
274 136
275 81
276 92
277 182
278 171
279 22
280 57
281 67
282 64
283 209
284 319
285 85
286 178
287 262
288 33
289 366
290 233
291 244
292 202
293 108
294 93
295 80
296 81
297 203
298 318
299 77
300 96
301 131
302 53
303 168
304 63
305 124
306 170
307 208
308 39
309 64
310 100
311 131
312 176
313 179
314 179
315 161
316 142
317 53
318 80
319 181
320 27
321 45
322 158
323 21
324 130
325 25
326 34
327 186
328 134
329 231
330 139
331 134
332 217
333 127
334 151
335 123
336 203
337 24
338 84
339 68
340 111
341 121
342 199
343 151
344 147
345 229
346 107
347 77
348 193
349 199
350 111
351 36
352 62
353 142
354 70
355 187
356 67
357 280
358 88
359 268
360 87
361 34
362 94
363 89
364 120
365 276
366 198
367 198
368 44
369 172
370 113
371 81
372 269
373 190
374 76
375 175
376 135
377 149
378 154
379 98
380 49
381 25
382 139
383 56
384 88
385 87
386 159
387 219
388 130
389 94
390 97
391 34
392 78
393 249
394 30
395 280
396 73
397 71
398 80
399 189
400 142
401 95
402 132
403 150
404 89
405 260
406 119
407 39
408 145
409 82
410 95
411 388
412 105
413 89
414 183
415 92
416 166
417 88
418 275
419 158
420 155
421 98
422 69
423 138
424 20
425 183
426 142
427 65
428 68
429 122
430 113
431 179
432 178
433 161
434 107
435 172
436 135
437 208
438 231
439 179
440 132
441 82
442 35
443 228
444 100
445 56
446 68
447 106
448 240
449 170
450 117
451 53
452 61
453 114
454 161
455 142
456 188
457 184
458 106
459 151
460 144
461 193
462 87
463 189
464 193
465 137
466 271
467 150
468 272
469 68
470 25
471 50
472 148
473 47
474 199
475 121
476 133
477 64
478 268
479 84
480 95
481 153
482 211
483 35
484 64
485 160
486 109
487 44
488 175
489 40
490 184
491 247
492 166
493 56
494 204
495 24
496 186
497 73
498 126
499 202
500 70

<precedence relations>
1,12
2,10
2,13
2,15
2,23
3,11
3,13
3,16
4,13
4,43
4,69
4,74
5,13
6,240
6,253
6,291
7,14
8,145
8,192
9,333
10,18
11,19
12,20
13,17
14,22
14,23
14,24
14,27
15,25
15,26
15,74
16,21
16,27
16,37
17,28
18,32
19,29
20,31
21,30
21,33
22,142
22,146
22,182
23,143
24,32
24,36
24,62
25,35
25,37
25,38
26,32
26,33
27,34
28,39
29,44
30,40
31,42
32,43
32,44
33,41
33,43
34,43
34,59
35,43
35,62
35,75
35,83
36,147
36,183
37,43
37,45
38,106
39,47
40,52
41,48
42,53
43,46
43,49
43,50
43,51
44,49
44,75
45,49
45,51
45,84
46,56
47,59
48,58
49,54
49,63
50,55
50,60
50,155
51,57
51,64
51,109
51,203
52,61
52,62
53,174
54,65
55,66
56,67
57,68
58,69
59,70
59,72
59,75
60,71
61,69
61,70
61,74
62,228
62,240
63,73
64,115
65,76
66,77
67,78
68,80
69,79
69,82
69,83
69,107
70,81
70,82
70,83
70,96
71,82
71,84
72,141
73,82
73,85
74,82
74,83
74,85
75,118
76,86
77,87
78,88
79,91
80,92
81,94
82,89
82,93
82,95
83,90
83,192
83,201
83,220
84,108
84,166
85,96
86,97
87,98
88,105
89,99
90,100
91,106
92,101
93,103
94,102
95,104
96,105
96,106
96,107
96,108
96,109
96,117
96,153
97,111
98,110
99,112
100,116
101,114
102,113
103,117
104,118
105,115
106,164
106,243
107,119
108,115
108,116
108,120
109,115
109,157
109,215
110,123
111,122
112,125
113,124
114,126
115,121
116,129
116,271
116,378
117,175
117,182
118,128
119,127
119,172
119,175
120,172
120,319
120,343
121,130
122,134
123,131
124,132
125,133
126,134
127,135
127,136
127,138
128,137
128,183
129,359
130,140
131,141
132,140
133,139
134,155
134,251
135,145
135,234
136,140
136,142
136,146
136,148
137,140
137,141
137,143
137,144
137,147
137,149
138,149
139,150
140,151
140,152
140,164
141,172
141,178
141,217
142,321
142,334
143,154
143,156
144,189
145,268
146,155
147,152
147,153
147,157
148,188
148,230
148,242
149,152
149,154
150,158
151,160
152,159
152,161
152,165
152,167
152,230
153,162
153,166
153,189
154,162
154,219
155,163
156,162
156,164
157,291
158,170
159,168
160,170
161,169
162,173
162,178
163,174
164,200
165,171
165,233
166,170
166,171
166,172
166,175
167,170
168,176
169,177
170,179
170,180
170,252
170,253
171,182
172,199
172,385
173,181
173,184
173,232
173,253
174,178
174,179
174,183
175,178
176,185
177,187
178,186
178,190
179,191
179,192
180,188
181,188
181,193
182,239
183,189
183,250
183,359
184,188
185,195
186,196
187,194
188,197
188,198
188,200
188,208
188,243
189,204
189,220
190,199
190,201
191,202
191,207
191,331
192,199
192,200
192,204
192,205
192,206
192,268
193,203
193,267
194,209
195,214
196,215
197,211
198,212
199,210
199,279
199,318
200,213
200,217
200,218
200,244
201,216
201,268
202,217
202,249
202,343
203,214
204,260
204,360
205,363
206,219
207,459
207,495
208,220
208,260
208,317
209,221
210,222
211,223
212,225
213,227
214,226
214,231
214,330
215,228
215,229
215,232
215,233
216,224
216,228
216,229
216,230
216,241
217,228
217,464
218,228
218,234
219,228
221,235
222,240
223,236
224,237
225,241
226,238
227,239
228,355
229,242
229,244
230,293
231,294
231,494
232,360
233,243
233,284
234,239
234,240
235,246
236,247
237,249
238,251
239,245
239,250
239,360
240,249
240,307
242,252
242,253
243,254
243,260
244,248
245,255
246,258
247,259
248,256
248,260
248,261
248,262
249,416
249,455
250,257
250,261
251,260
251,273
252,261
253,279
253,428
254,398
254,406
255,267
256,264
257,265
258,266
259,268
260,263
260,270
260,271
260,352
260,378
261,269
261,273
262,267
262,272
262,274
262,318
262,406
263,275
264,276
265,277
266,278
267,279
267,283
267,378
268,375
269,466
270,280
271,283
272,281
272,282
273,284
273,293
274,408
274,424
275,290
276,288
277,285
278,289
279,286
279,295
280,287
280,294
280,372
280,399
281,304
281,353
282,427
283,293
284,291
284,292
284,378
284,393
285,296
286,297
287,299
288,298
289,303
290,300
290,301
290,302
290,467
291,304
291,306
291,307
291,372
292,406
293,308
293,335
293,343
295,305
296,309
297,317
298,310
299,318
300,313
301,314
302,315
303,311
304,312
305,316
305,317
305,320
306,322
308,319
308,321
309,323
310,326
311,324
312,325
313,328
314,329
315,332
316,327
317,330
317,331
317,333
317,335
318,333
318,345
319,334
319,386
320,435
321,473
322,351
322,354
323,337
324,343
325,340
326,341
327,345
328,342
329,336
329,492
330,338
330,435
330,455
331,339
331,353
332,416
333,376
334,344
336,346
337,351
338,347
339,348
340,352
341,349
342,351
343,354
344,350
344,353
345,355
346,357
347,358
348,359
349,360
350,356
351,361
352,363
352,364
353,362
353,366
354,365
354,366
355,466
355,482
356,367
357,369
358,370
359,372
359,376
360,378
361,368
362,373
362,397
363,374
363,375
363,386
363,455
365,375
365,377
365,396
366,371
366,376
366,434
367,379
368,382
369,380
370,383
371,381
373,433
373,459
373,485
375,385
375,387
376,384
376,435
376,482
377,384
377,386
379,393
380,388
381,390
382,396
383,392
384,389
384,426
385,391
385,397
385,399
386,395
386,398
386,415
387,394
388,406
389,400
390,401
391,402
392,405
394,403
395,404
395,407
395,444
397,408
397,479
398,409
399,440
399,458
400,410
401,411
402,412
403,413
404,414
405,415
407,416
408,427
408,472
409,417
410,418
411,419
412,420
413,422
414,421
415,426
416,423
416,428
416,441
416,479
417,424
417,425
417,427
418,430
419,431
420,429
421,433
422,432
423,443
424,434
424,475
424,481
424,488
426,474
427,435
428,493
429,436
430,437
431,440
432,439
433,438
433,443
435,441
435,442
435,444
436,445
437,447
438,448
439,446
440,468
441,450
442,449
444,451
445,452
446,453
447,455
448,454
449,456
449,457
449,461
450,458
450,459
450,468
451,460
452,463
453,462
454,464
455,468
455,493
457,465
460,467
461,466
462,472
463,469
464,470
464,481
465,471
465,476
466,473
466,474
467,475
467,487
469,479
470,477
471,478
472,482
472,488
473,481
473,483
473,486
474,484
474,487
476,480
476,484
476,485
477,489
478,492
479,490
479,494
480,491
481,496
486,495
487,495
488,492
488,493
489,497
490,498
491,499
495,500

<end>
