<number of tasks>
500

<cycle time>
1000

<order strength>
0.195


<task times>
1 32
2 48
3 206
4 226
5 59
6 307
7 128
8 62
9 66
10 151
11 156
12 63
13 145
14 121
15 150
16 254
17 171
18 156
19 56
20 68
21 50
22 143
23 137
24 90
25 119
26 298
27 148
28 212
29 69
30 202
31 108
32 142
33 71
34 144
35 171
36 341
37 155
38 160
39 108
40 120
41 54
42 329
43 199
44 171
45 131
46 76
47 232
48 167
49 148
50 29
51 277
52 75
53 91
54 146
55 144
56 110
57 136
58 41
59 97
60 202
61 257
62 140
63 203
64 29
65 128
66 80
67 130
68 45
69 124
70 199
71 88
72 163
73 100
74 31
75 115
76 69
77 142
78 53
79 211
80 162
81 147
82 69
83 315
84 182
85 49
86 127
87 209
88 62
89 139
90 129
91 151
92 77
93 139
94 89
95 39
96 271
97 68
98 116
99 26
100 25
101 68
102 111
103 91
104 133
105 165
106 92
107 256
108 146
109 95
110 99
111 106
112 216
113 111
114 23
115 142
116 156
117 146
118 154
119 128
120 36
121 82
122 193
123 70
124 136
125 71
126 187
127 155
128 39
129 90
130 112
131 33
132 60
133 281
134 203
135 194
136 143
137 128
138 274
139 125
140 132
141 106
142 157
143 231
144 112
145 111
146 44
147 51
148 63
149 261
150 69
151 137
152 162
153 177
154 304
155 30
156 81
157 108
158 82
159 164
160 100
161 77
162 202
163 37
164 290
165 120
166 181
167 156
168 227
169 88
170 172
171 226
172 178
173 207
174 90
175 39
176 29
177 162
178 75
179 153
180 234
181 113
182 121
183 123
184 65
185 115
186 254
187 123
188 115
189 298
190 147
191 124
192 71
193 142
194 144
195 121
196 44
197 233
198 130
199 179
200 122
201 40
202 190
203 106
204 222
205 20
206 23
207 212
208 49
209 139
210 149
211 136
212 228
213 182
214 69
215 212
216 195
217 21
218 47
219 21
220 127
221 336
222 101
223 145
224 84
225 104
226 150
227 226
228 138
229 174
230 215
231 144
232 166
233 340
234 30
235 251
236 125
237 69
238 37
239 280
240 23
241 23
242 195
243 98
244 118
245 185
246 190
247 162
248 261
249 58
250 117
251 169
252 126
253 166
254 146
255 202
256 146
257 57
258 151
259 35
260 251
261 40
262 172
263 137
264 167
265 249
266 184
267 61
268 166
269 79
270 98
271 127
272 109
273 122
274 119
275 178
276 156
277 29
278 35
279 112
280 60
281 275
282 36
283 349
284 87
285 101
286 294
287 199
288 167
289 65
290 64
291 76
292 146
293 218
294 275
295 169
296 142
297 86
298 186
299 116
300 85
301 173
302 101
303 234
304 132
305 74
306 21
307 141
308 231
309 70
310 137
311 76
312 200
313 43
314 135
315 224
316 226
317 129
318 120
319 263
320 60
321 193
322 266
323 120
324 57
325 38
326 131
327 31
328 119
329 304
330 73
331 107
332 129
333 234
334 225
335 93
336 133
337 141
338 83
339 229
340 81
341 139
342 294
343 165
344 199
345 92
346 164
347 183
348 99
349 42
350 200
351 157
352 49
353 112
354 167
355 76
356 92
357 115
358 190
359 94
360 41
361 208
362 196
363 22
364 169
365 41
366 146
367 166
368 26
369 37
370 184
371 107
372 121
373 177
374 178
375 75
376 159
377 85
378 182
379 201
380 182
381 204
382 106
383 208
384 49
385 20
386 99
387 144
388 232
389 39
390 127
391 164
392 63
393 55
394 92
395 159
396 138
397 155
398 26
399 96
400 197
401 64
402 160
403 302
404 135
405 104
406 94
407 151
408 170
409 179
410 169
411 188
412 134
413 27
414 74
415 229
416 258
417 93
418 108
419 157
420 178
421 64
422 127
423 203
424 256
425 107
426 137
427 103
428 90
429 236
430 236
431 89
432 144
433 117
434 74
435 135
436 95
437 80
438 107
439 109
440 105
441 156
442 277
443 106
444 85
445 183
446 21
447 95
448 77
449 169
450 224
451 215
452 127
453 254
454 123
455 52
456 54
457 87
458 125
459 193
460 147
461 144
462 191
463 103
464 157
465 256
466 119
467 26
468 200
469 133
470 178
471 164
472 283
473 21
474 168
475 116
476 51
477 227
478 85
479 127
480 127
481 119
482 253
483 78
484 134
485 189
486 145
487 216
488 114
489 97
490 127
491 123
492 145
493 300
494 155
495 239
496 282
497 216
498 107
499 203
500 242

<precedence relations>
1,15
1,28
1,105
1,128
2,92
2,351
3,14
3,18
4,12
5,16
5,17
5,21
5,24
5,396
7,19
7,25
7,97
7,263
8,22
8,26
9,13
9,23
10,20
11,26
11,27
12,29
12,36
12,39
13,93
15,29
15,33
15,35
17,32
17,38
18,408
20,31
21,40
21,236
22,37
22,293
23,275
24,356
25,322
25,426
25,458
26,30
27,122
28,34
28,188
29,48
30,52
31,51
32,137
33,47
33,55
34,42
34,49
34,54
34,416
35,53
36,277
37,41
37,43
37,92
37,133
37,201
38,45
39,44
39,46
39,53
40,50
41,95
43,170
43,210
44,56
44,78
45,495
46,59
46,63
46,250
47,56
47,323
47,495
48,62
49,331
49,428
50,64
51,57
52,57
52,334
52,337
53,61
54,60
55,58
56,70
56,79
57,69
57,74
57,78
58,71
58,197
60,77
60,364
61,65
61,75
62,66
62,73
62,76
62,133
63,72
64,67
64,68
64,345
64,479
65,80
65,85
65,86
66,83
66,135
69,90
69,153
69,159
71,89
71,103
72,81
74,82
74,84
74,159
77,87
77,88
77,427
78,284
78,478
79,91
80,94
80,99
80,209
81,96
81,107
82,104
82,218
82,398
83,95
84,105
84,106
85,93
85,100
86,102
87,98
87,381
88,92
88,97
88,301
89,454
89,483
90,101
90,108
91,103
91,336
93,116
93,120
93,207
94,115
95,119
95,122
96,110
96,112
96,114
96,419
98,375
99,109
99,117
99,167
100,141
102,473
103,198
104,111
104,113
106,126
106,345
107,118
107,121
108,390
109,125
109,154
109,287
109,500
110,268
110,405
112,132
112,421
113,128
114,134
114,483
115,133
115,356
115,388
116,123
116,127
116,131
117,204
117,409
118,129
118,137
118,349
119,136
119,500
120,124
120,133
120,302
121,130
121,135
121,248
122,126
122,138
123,153
124,404
125,148
125,155
126,147
126,149
127,140
127,145
127,146
127,156
129,221
129,404
130,143
130,150
130,302
130,378
131,190
131,485
132,141
132,142
132,154
133,144
134,151
134,409
134,417
135,139
136,150
136,332
137,264
137,271
138,147
138,152
139,463
140,159
141,289
141,352
142,171
143,161
143,163
143,174
145,157
145,167
145,448
146,170
146,367
149,160
149,165
149,166
150,164
150,407
152,261
153,354
154,158
154,162
154,173
155,175
155,407
156,168
156,169
156,172
157,177
157,182
157,187
158,288
158,350
159,179
159,194
161,308
162,183
162,386
163,184
163,188
164,181
165,189
166,330
167,178
167,185
167,377
169,176
169,177
169,186
174,180
174,285
175,184
177,203
178,190
178,194
178,375
179,206
180,202
181,342
181,491
183,191
183,192
183,198
184,197
185,215
186,200
186,201
186,204
187,196
187,402
188,195
188,205
189,193
189,199
189,332
189,402
191,268
191,420
192,217
193,215
193,222
194,210
194,466
195,212
195,213
195,221
196,209
196,270
197,220
200,214
201,216
202,207
202,211
203,208
204,329
205,219
206,218
207,291
208,223
208,226
210,225
211,442
213,231
214,234
215,224
215,228
215,250
216,230
216,232
216,233
218,222
220,229
221,227
221,371
221,391
222,242
222,246
223,268
224,454
225,238
226,237
226,239
227,245
228,240
228,424
229,241
229,243
230,244
231,236
233,235
233,272
233,337
234,237
235,254
237,260
238,248
238,258
238,259
239,251
239,252
239,261
241,433
242,257
242,430
243,423
244,249
244,253
244,255
244,262
245,259
246,247
246,250
246,256
250,279
252,270
253,264
253,265
254,271
254,273
254,275
254,363
255,267
255,281
257,269
257,309
259,263
259,276
259,278
260,266
260,280
260,490
261,272
261,274
261,391
261,464
262,264
262,268
262,277
262,301
263,282
263,294
267,297
269,295
269,300
270,293
271,284
272,283
272,287
272,291
273,298
274,285
274,286
274,299
275,289
276,449
277,411
279,296
280,288
280,290
280,292
280,356
281,299
283,369
284,305
284,307
284,308
285,303
287,302
287,304
289,309
290,301
294,312
296,306
296,315
297,310
298,311
301,313
302,315
303,322
303,330
305,316
305,318
305,320
305,321
306,314
307,319
307,352
307,447
308,326
309,324
310,317
310,325
311,403
312,323
313,326
314,330
314,333
315,329
315,331
317,337
319,472
320,335
321,332
321,338
321,351
324,327
324,328
324,336
324,346
325,334
326,339
326,343
328,344
329,361
330,354
331,349
332,347
332,348
333,350
334,351
335,342
336,341
337,346
337,353
337,435
338,340
338,345
338,352
339,439
340,361
340,366
342,355
342,368
345,359
346,357
346,362
346,364
346,370
347,358
348,365
348,432
349,363
351,369
351,400
352,360
352,367
353,490
354,356
355,375
359,373
359,378
359,380
360,374
360,377
361,376
361,386
364,372
365,371
366,381
366,430
368,382
370,379
371,389
371,390
372,391
372,393
373,386
374,392
376,388
378,383
379,384
381,385
382,387
384,395
384,399
384,400
384,404
385,394
387,402
388,401
389,405
389,440
389,490
392,398
392,403
393,396
393,397
395,418
397,467
399,413
399,415
400,407
400,416
401,411
401,414
401,419
402,408
402,409
402,417
403,410
404,412
404,415
404,420
405,406
407,459
408,430
408,457
409,421
409,432
410,435
411,422
412,428
412,431
413,434
415,431
416,424
416,429
416,433
417,423
419,427
420,425
420,426
421,450
422,439
422,445
423,438
423,446
425,440
426,442
428,439
428,441
428,443
428,444
429,437
429,449
429,451
429,452
431,436
433,447
433,448
436,463
436,468
437,461
438,459
439,454
439,455
439,467
440,453
440,464
441,457
441,460
443,466
443,470
444,456
448,458
448,462
448,465
449,469
450,480
451,471
454,485
455,484
456,474
458,486
460,482
463,477
464,475
464,481
464,483
466,473
466,476
466,478
467,472
467,479
471,480
474,496
474,500
475,489
475,498
475,499
476,490
477,487
477,493
481,494
482,488
482,497
483,492
484,491
484,495
485,496

<end>
