<number of tasks>
500

<cycle time>
1000

<order strength>
0.196


<task times>
1 24
2 65
3 240
4 111
5 155
6 390
7 120
8 109
9 34
10 137
11 358
12 67
13 292
14 244
15 23
16 448
17 106
18 325
19 134
20 400
21 258
22 152
23 63
24 97
25 102
26 44
27 129
28 342
29 199
30 109
31 210
32 398
33 45
34 47
35 204
36 65
37 229
38 212
39 270
40 226
41 293
42 297
43 60
44 118
45 386
46 218
47 138
48 162
49 205
50 77
51 395
52 71
53 178
54 189
55 105
56 50
57 428
58 368
59 21
60 146
61 479
62 32
63 509
64 35
65 292
66 476
67 92
68 265
69 522
70 494
71 56
72 587
73 112
74 537
75 539
76 151
77 325
78 166
79 159
80 23
81 72
82 156
83 511
84 553
85 178
86 217
87 264
88 213
89 73
90 180
91 183
92 22
93 115
94 257
95 48
96 60
97 157
98 190
99 32
100 166
101 70
102 185
103 239
104 185
105 54
106 324
107 73
108 92
109 378
110 514
111 67
112 81
113 156
114 123
115 151
116 437
117 545
118 79
119 504
120 213
121 571
122 73
123 98
124 105
125 216
126 143
127 499
128 380
129 440
130 450
131 171
132 190
133 210
134 78
135 125
136 74
137 122
138 150
139 235
140 114
141 232
142 180
143 247
144 497
145 34
146 159
147 558
148 117
149 503
150 125
151 443
152 122
153 546
154 493
155 183
156 142
157 271
158 153
159 510
160 30
161 215
162 488
163 501
164 38
165 57
166 449
167 51
168 533
169 46
170 249
171 181
172 105
173 22
174 331
175 50
176 69
177 436
178 108
179 95
180 135
181 244
182 262
183 173
184 108
185 33
186 37
187 59
188 115
189 444
190 232
191 352
192 114
193 256
194 307
195 387
196 232
197 221
198 185
199 67
200 472
201 196
202 282
203 32
204 93
205 167
206 405
207 75
208 90
209 61
210 266
211 548
212 245
213 307
214 468
215 205
216 75
217 88
218 536
219 266
220 430
221 337
222 230
223 170
224 212
225 388
226 483
227 294
228 258
229 167
230 245
231 156
232 194
233 146
234 99
235 219
236 144
237 41
238 28
239 168
240 484
241 116
242 46
243 67
244 232
245 101
246 498
247 523
248 391
249 65
250 172
251 311
252 484
253 190
254 240
255 86
256 490
257 109
258 62
259 494
260 237
261 219
262 217
263 232
264 311
265 80
266 213
267 257
268 531
269 47
270 105
271 149
272 209
273 169
274 353
275 87
276 297
277 285
278 185
279 187
280 542
281 52
282 518
283 487
284 165
285 118
286 223
287 280
288 559
289 309
290 85
291 499
292 105
293 71
294 145
295 51
296 469
297 62
298 55
299 168
300 206
301 86
302 93
303 203
304 144
305 274
306 105
307 174
308 316
309 472
310 143
311 151
312 534
313 41
314 438
315 60
316 178
317 345
318 223
319 182
320 93
321 328
322 165
323 69
324 131
325 215
326 137
327 56
328 600
329 467
330 99
331 332
332 325
333 202
334 462
335 240
336 34
337 267
338 77
339 180
340 78
341 64
342 491
343 222
344 179
345 71
346 258
347 268
348 364
349 176
350 29
351 65
352 325
353 310
354 82
355 238
356 280
357 236
358 200
359 120
360 351
361 544
362 460
363 37
364 478
365 292
366 166
367 52
368 230
369 422
370 467
371 496
372 273
373 215
374 174
375 138
376 166
377 204
378 119
379 29
380 429
381 201
382 158
383 329
384 82
385 129
386 265
387 480
388 146
389 101
390 113
391 120
392 68
393 83
394 65
395 453
396 480
397 354
398 70
399 491
400 580
401 356
402 263
403 179
404 32
405 561
406 124
407 420
408 503
409 87
410 271
411 309
412 61
413 194
414 385
415 160
416 200
417 143
418 213
419 193
420 160
421 24
422 507
423 106
424 289
425 176
426 109
427 158
428 308
429 165
430 106
431 313
432 82
433 152
434 218
435 402
436 63
437 577
438 146
439 198
440 182
441 574
442 484
443 37
444 339
445 514
446 298
447 427
448 521
449 162
450 120
451 119
452 153
453 87
454 335
455 136
456 67
457 72
458 179
459 119
460 343
461 38
462 181
463 196
464 149
465 128
466 184
467 142
468 111
469 148
470 317
471 47
472 443
473 150
474 500
475 188
476 69
477 108
478 66
479 102
480 44
481 516
482 258
483 286
484 171
485 229
486 83
487 159
488 453
489 198
490 259
491 572
492 173
493 40
494 464
495 161
496 183
497 129
498 254
499 166
500 39

<precedence relations>
1,12
2,14
3,15
4,11
5,13
5,17
6,16
6,19
7,224
7,237
8,18
8,203
9,96
10,147
11,20
12,21
13,22
14,23
15,25
16,24
16,29
16,30
17,32
18,26
18,28
18,34
19,27
19,31
19,33
19,61
20,35
21,38
22,36
23,41
24,42
25,37
25,39
26,40
27,43
27,45
28,44
28,45
28,252
29,371
31,46
31,396
32,48
33,494
34,47
35,49
36,50
37,51
38,59
39,53
40,54
41,52
42,60
43,55
44,57
45,56
45,63
45,64
45,66
46,67
47,58
47,62
47,64
48,61
48,65
49,68
50,70
51,77
52,71
53,78
54,80
55,73
56,74
57,76
58,69
59,81
60,77
61,72
61,83
61,86
61,221
62,75
62,85
62,127
62,234
63,215
63,437
63,480
64,82
64,84
65,370
66,397
66,493
67,79
67,367
68,87
69,88
70,95
71,89
72,91
73,98
74,99
75,92
76,93
77,96
78,101
79,90
80,100
80,179
81,94
81,97
82,192
84,103
85,500
86,95
86,102
87,104
88,112
89,105
90,108
91,109
92,112
93,110
94,111
95,113
95,114
95,118
95,239
95,484
96,106
96,119
97,107
100,117
100,464
103,115
103,116
103,370
104,120
105,127
106,122
107,123
108,126
109,124
110,126
111,125
113,121
113,131
114,127
114,129
114,135
115,130
115,174
116,128
116,131
116,136
116,351
117,132
118,147
118,486
119,133
119,134
120,137
121,138
122,144
123,140
124,142
125,143
126,139
127,485
128,141
128,146
129,149
129,150
130,478
131,147
131,443
132,287
133,145
133,148
133,151
133,238
134,176
134,427
136,150
137,153
138,152
139,155
140,156
141,158
142,157
143,154
143,165
144,162
144,163
144,166
145,165
146,286
148,159
150,164
151,160
151,161
151,357
152,167
153,169
154,168
155,171
156,173
157,170
158,175
159,172
159,180
160,172
160,174
160,179
161,176
162,177
162,402
165,178
167,190
168,182
169,181
170,186
171,189
172,183
172,184
172,187
172,188
173,191
173,204
173,299
174,185
174,193
176,214
177,194
178,190
178,368
179,369
179,386
180,192
181,196
182,195
183,197
184,198
185,199
186,202
187,200
188,201
189,202
190,203
190,388
191,303
192,205
192,207
194,204
194,206
194,241
194,339
195,213
196,209
197,210
198,211
199,215
200,212
201,213
202,208
202,400
203,217
203,224
203,225
203,339
203,404
204,214
204,216
205,219
205,220
206,222
207,218
207,221
207,223
208,226
209,230
210,231
211,232
212,228
213,229
213,236
214,227
214,235
215,237
215,242
217,240
217,241
218,234
218,241
220,239
221,436
222,238
222,286
222,317
222,462
223,250
223,384
224,303
224,386
225,233
225,243
225,301
226,244
227,245
228,246
229,247
230,256
230,341
231,304
233,248
234,428
235,250
236,253
236,255
237,254
240,252
241,249
242,251
242,344
244,259
245,260
246,262
247,263
248,264
249,257
249,271
249,437
249,449
250,258
251,261
251,266
252,397
253,268
253,479
254,365
255,265
255,387
256,267
256,269
256,270
257,272
258,273
259,274
260,275
261,276
262,278
263,277
264,280
265,279
265,286
265,287
265,329
265,428
266,284
266,343
267,295
267,480
268,283
269,281
270,285
270,300
271,282
271,458
272,288
273,290
274,289
275,294
276,296
277,291
278,293
279,292
279,304
281,297
281,300
282,301
284,298
284,303
285,401
286,295
286,299
286,302
288,305
289,306
290,307
291,309
292,312
293,313
294,475
295,308
296,316
296,401
297,310
298,311
298,495
300,317
300,318
302,314
302,315
302,358
305,324
306,320
307,319
308,321
309,325
310,322
311,323
312,324
313,327
313,328
313,330
315,326
318,329
318,331
319,334
320,337
321,338
322,332
323,333
324,335
324,336
327,342
327,343
327,439
328,341
329,340
329,462
330,344
331,339
332,345
333,346
334,347
335,348
336,349
337,350
338,350
339,357
340,354
340,355
340,358
340,385
341,351
341,352
341,484
342,351
342,353
343,356
345,360
346,365
347,359
348,361
349,362
350,364
350,373
351,363
353,368
353,370
353,500
355,367
356,371
356,401
357,369
358,366
358,372
359,374
360,375
361,377
362,378
363,379
364,382
365,380
365,388
366,376
366,383
367,381
369,384
369,385
369,387
371,494
372,386
374,389
375,395
376,390
377,395
378,391
379,397
380,392
381,393
382,394
383,399
384,400
384,401
386,396
386,403
387,398
387,441
388,402
388,404
389,405
390,406
391,409
392,408
393,410
394,411
395,412
396,407
397,416
398,417
398,460
399,415
399,418
404,413
404,414
405,419
406,420
407,421
408,426
409,422
410,423
411,424
412,425
413,428
413,429
415,430
417,427
419,432
420,431
421,435
422,436
423,437
424,438
425,433
426,434
428,440
428,443
429,442
430,439
430,441
431,445
432,446
433,447
434,447
435,444
435,448
435,449
437,450
438,477
444,453
445,454
446,451
447,452
447,457
447,459
447,462
447,465
447,466
448,455
448,458
448,461
448,464
448,491
449,456
450,460
450,463
451,467
452,470
453,472
454,475
455,471
456,473
457,474
458,468
458,476
458,477
459,469
461,479
464,478
464,480
467,484
468,481
469,482
470,485
471,486
472,483
473,487
474,488
475,491
475,492
475,493
475,497
476,489
476,495
476,496
477,490
477,494
479,498
479,500
480,499

<end>
