<number of tasks>
500

<cycle time>
1000

<order strength>
0.276


<task times>
1 754
2 563
3 372
4 511
5 617
6 598
7 400
8 489
9 427
10 414
11 246
12 325
13 613
14 577
15 641
16 526
17 490
18 244
19 610
20 501
21 361
22 544
23 288
24 726
25 281
26 572
27 555
28 478
29 665
30 482
31 482
32 396
33 355
34 558
35 629
36 685
37 538
38 537
39 667
40 401
41 688
42 264
43 588
44 598
45 753
46 488
47 521
48 875
49 536
50 445
51 561
52 408
53 402
54 475
55 409
56 551
57 310
58 384
59 685
60 483
61 380
62 614
63 364
64 469
65 663
66 510
67 495
68 453
69 520
70 413
71 597
72 425
73 667
74 483
75 491
76 514
77 497
78 320
79 599
80 508
81 494
82 541
83 431
84 580
85 445
86 469
87 343
88 349
89 520
90 406
91 548
92 418
93 543
94 536
95 540
96 416
97 564
98 674
99 221
100 397
101 438
102 516
103 462
104 454
105 679
106 486
107 691
108 447
109 455
110 478
111 448
112 414
113 505
114 624
115 345
116 660
117 452
118 446
119 555
120 414
121 674
122 362
123 613
124 461
125 636
126 866
127 492
128 584
129 563
130 509
131 494
132 413
133 504
134 584
135 619
136 414
137 505
138 421
139 502
140 549
141 415
142 345
143 263
144 462
145 512
146 376
147 307
148 590
149 385
150 494
151 631
152 427
153 395
154 608
155 455
156 529
157 672
158 381
159 542
160 323
161 464
162 386
163 666
164 547
165 424
166 402
167 207
168 499
169 652
170 387
171 524
172 589
173 384
174 433
175 622
176 585
177 624
178 436
179 803
180 655
181 496
182 544
183 849
184 590
185 542
186 552
187 478
188 739
189 568
190 410
191 488
192 277
193 492
194 455
195 466
196 634
197 597
198 593
199 509
200 394
201 549
202 572
203 521
204 507
205 567
206 279
207 411
208 245
209 566
210 391
211 387
212 531
213 665
214 428
215 360
216 489
217 474
218 553
219 488
220 378
221 345
222 307
223 590
224 430
225 554
226 481
227 622
228 478
229 429
230 419
231 624
232 495
233 368
234 499
235 302
236 392
237 455
238 435
239 609
240 386
241 525
242 403
243 623
244 592
245 681
246 365
247 383
248 386
249 585
250 719
251 666
252 619
253 408
254 434
255 316
256 559
257 355
258 353
259 755
260 425
261 712
262 376
263 564
264 525
265 577
266 453
267 333
268 318
269 601
270 417
271 193
272 585
273 386
274 679
275 919
276 662
277 624
278 181
279 586
280 337
281 593
282 550
283 463
284 528
285 372
286 465
287 590
288 471
289 458
290 583
291 529
292 478
293 385
294 489
295 728
296 520
297 473
298 513
299 593
300 421
301 370
302 366
303 632
304 351
305 518
306 180
307 466
308 429
309 538
310 571
311 500
312 280
313 367
314 556
315 767
316 643
317 671
318 623
319 520
320 397
321 304
322 522
323 373
324 694
325 258
326 303
327 346
328 553
329 589
330 483
331 565
332 671
333 688
334 582
335 578
336 450
337 521
338 505
339 590
340 569
341 508
342 590
343 378
344 312
345 291
346 436
347 453
348 654
349 539
350 534
351 671
352 547
353 658
354 254
355 498
356 580
357 602
358 530
359 434
360 839
361 378
362 413
363 669
364 294
365 478
366 360
367 669
368 355
369 527
370 446
371 503
372 506
373 233
374 552
375 562
376 578
377 393
378 568
379 648
380 498
381 569
382 198
383 500
384 438
385 517
386 682
387 582
388 467
389 350
390 618
391 575
392 549
393 525
394 473
395 494
396 391
397 619
398 455
399 544
400 389
401 679
402 570
403 203
404 330
405 278
406 345
407 515
408 583
409 605
410 483
411 342
412 571
413 399
414 423
415 467
416 495
417 485
418 385
419 514
420 523
421 490
422 502
423 518
424 441
425 588
426 491
427 329
428 575
429 323
430 443
431 459
432 397
433 779
434 342
435 651
436 318
437 569
438 404
439 643
440 611
441 618
442 552
443 575
444 657
445 491
446 439
447 394
448 564
449 441
450 440
451 518
452 206
453 427
454 185
455 561
456 233
457 633
458 863
459 503
460 480
461 411
462 729
463 495
464 453
465 681
466 438
467 514
468 434
469 555
470 549
471 484
472 406
473 735
474 427
475 432
476 469
477 538
478 317
479 446
480 552
481 696
482 553
483 476
484 487
485 303
486 604
487 379
488 639
489 204
490 677
491 318
492 767
493 213
494 412
495 398
496 630
497 720
498 541
499 532
500 638

<precedence relations>
1,290
2,86
3,86
4,371
5,371
6,426
7,176
8,325
9,325
10,23
11,24
12,18
12,21
13,19
13,20
13,22
13,28
14,25
14,26
14,27
18,86
19,86
20,371
21,36
22,37
23,39
24,29
25,31
25,38
26,30
26,32
26,35
27,33
27,34
27,40
27,42
28,41
29,86
30,86
31,119
32,119
33,176
34,325
35,178
36,54
37,56
38,53
39,43
39,48
39,52
40,46
40,47
40,49
40,55
40,58
40,61
41,44
41,60
42,45
42,50
42,51
42,57
42,59
43,86
44,86
45,426
46,324
47,324
48,176
49,325
50,325
51,325
52,298
53,71
55,65
55,68
55,70
55,75
57,62
57,63
57,67
57,69
59,64
59,72
60,66
60,74
61,73
62,86
63,86
64,464
65,119
66,298
67,178
68,80
69,81
70,79
70,82
70,85
71,83
71,84
72,76
72,77
72,78
76,290
77,86
78,465
79,178
80,88
81,93
82,92
83,89
83,90
84,87
84,91
84,95
85,94
85,96
85,97
86,99
86,101
86,102
86,103
86,104
86,105
86,106
86,107
86,116
87,325
88,108
89,109
90,110
91,111
92,98
93,100
93,112
93,115
94,117
95,113
95,114
98,290
99,290
100,290
101,290
102,119
103,465
104,465
105,178
106,122
106,123
106,124
107,178
108,127
109,128
110,118
111,125
112,126
112,134
114,137
115,120
116,121
116,129
116,130
116,135
117,131
117,132
117,133
117,136
118,290
119,138
119,139
119,140
119,141
119,142
119,143
119,144
120,371
121,176
122,280
123,147
124,149
125,150
126,151
127,153
129,145
129,148
129,154
131,155
133,152
134,146
138,290
139,371
140,465
141,178
142,178
143,169
144,161
144,171
145,178
146,178
147,170
148,167
149,156
150,168
151,156
152,163
152,166
152,172
152,173
153,159
154,158
154,160
154,162
154,165
155,157
155,164
156,426
157,176
158,176
159,176
160,325
161,325
162,465
163,178
164,178
165,178
166,179
167,180
168,181
169,182
170,175
170,184
171,174
172,177
172,183
174,290
175,290
176,188
176,189
176,190
176,191
176,192
176,193
177,465
178,197
178,198
178,199
178,200
178,201
178,202
178,209
178,210
179,203
180,206
181,207
182,204
183,185
183,186
183,194
183,195
183,196
183,205
184,187
184,208
185,290
186,426
187,324
188,465
189,298
190,211
190,215
190,216
191,222
191,224
194,465
195,298
196,280
201,220
201,223
203,218
204,219
205,214
207,212
208,217
209,213
209,221
211,325
212,325
213,280
214,230
215,231
216,232
217,233
218,229
218,234
218,235
218,236
219,228
219,239
220,238
221,226
223,225
223,227
224,237
225,290
226,290
227,371
228,371
229,465
230,241
231,245
232,242
233,244
234,243
234,249
236,240
236,247
236,248
238,246
240,371
241,250
242,254
243,255
244,256
245,251
245,253
245,259
245,260
246,258
246,261
247,252
248,257
250,290
251,324
252,325
253,325
254,267
255,266
256,268
257,264
257,269
257,274
257,275
258,271
259,262
259,265
259,270
259,272
260,263
260,273
262,290
263,426
264,280
265,280
266,281
267,276
268,282
269,283
269,284
271,278
271,289
272,288
274,285
275,277
275,279
275,286
275,287
276,290
277,371
278,371
279,298
280,297
280,299
280,300
280,301
280,302
281,291
282,291
283,303
284,305
285,304
286,293
286,295
286,296
287,309
288,292
288,294
288,308
289,306
289,307
290,310
290,311
290,312
290,313
290,314
290,315
290,316
290,317
290,318
290,319
290,320
290,321
290,322
290,323
291,464
292,464
293,324
294,324
295,324
296,324
297,325
298,326
298,327
298,328
298,329
298,330
302,333
303,332
304,331
305,332
309,334
310,464
311,352
312,350
315,347
316,353
322,349
322,354
324,335
324,336
324,337
324,338
324,339
324,340
324,341
324,348
325,342
325,343
325,344
325,345
328,351
331,346
335,369
338,357
338,364
339,365
343,367
344,355
346,358
347,356
347,359
347,366
348,360
348,362
348,368
349,363
350,361
355,464
356,371
357,426
358,373
359,375
360,376
361,372
362,370
362,374
363,378
366,377
366,379
370,464
371,380
371,381
371,382
371,383
371,384
371,385
371,386
371,387
371,393
371,394
372,390
373,388
374,391
375,392
376,389
378,395
380,406
385,405
386,403
388,396
389,397
390,398
391,399
392,400
394,401
394,402
395,404
396,407
397,413
398,409
399,412
400,408
400,410
400,411
400,414
402,416
403,415
407,417
408,419
409,417
410,420
411,421
412,422
413,423
414,418
415,424
416,425
417,426
418,465
419,427
420,428
421,429
422,429
423,430
423,431
423,432
424,433
424,434
424,435
425,436
426,437
426,438
426,439
426,440
426,441
426,442
426,443
427,445
428,446
429,444
429,452
433,447
433,448
433,450
435,449
436,451
437,455
437,456
437,462
441,453
441,459
442,463
443,454
444,458
447,457
450,460
452,461
453,464
454,465
455,467
456,468
457,469
458,466
459,476
459,477
460,470
460,471
460,473
460,475
463,472
463,474
464,478
464,479
464,480
464,481
464,482
464,483
465,484
465,485
465,486
465,487
466,489
467,493
468,491
469,492
470,488
471,490
473,494
475,495
482,499
488,496
489,498
490,497
491,498
492,498
495,500

<end>
