<number of tasks>
500

<cycle time>
1000

<order strength>
0.595


<task times>
1 456
2 523
3 432
4 481
5 545
6 283
7 543
8 333
9 369
10 295
11 598
12 382
13 260
14 518
15 698
16 667
17 567
18 509
19 460
20 405
21 644
22 457
23 548
24 668
25 632
26 262
27 485
28 616
29 482
30 719
31 538
32 364
33 414
34 164
35 292
36 457
37 617
38 515
39 457
40 471
41 291
42 644
43 619
44 463
45 577
46 575
47 565
48 507
49 469
50 555
51 447
52 534
53 463
54 493
55 454
56 551
57 530
58 266
59 418
60 542
61 676
62 445
63 631
64 599
65 364
66 685
67 417
68 393
69 529
70 391
71 488
72 632
73 575
74 553
75 387
76 447
77 456
78 383
79 510
80 466
81 530
82 467
83 619
84 624
85 314
86 498
87 774
88 579
89 529
90 630
91 533
92 480
93 261
94 353
95 579
96 402
97 356
98 494
99 552
100 375
101 726
102 317
103 483
104 406
105 361
106 467
107 376
108 496
109 482
110 488
111 740
112 361
113 397
114 691
115 531
116 534
117 563
118 517
119 254
120 239
121 461
122 427
123 829
124 322
125 660
126 472
127 355
128 473
129 589
130 313
131 302
132 674
133 489
134 469
135 662
136 419
137 465
138 489
139 656
140 772
141 380
142 380
143 545
144 659
145 563
146 436
147 354
148 274
149 437
150 489
151 322
152 554
153 743
154 374
155 498
156 334
157 671
158 346
159 717
160 437
161 558
162 577
163 502
164 594
165 561
166 474
167 492
168 716
169 693
170 678
171 630
172 507
173 483
174 388
175 530
176 597
177 368
178 529
179 496
180 491
181 386
182 364
183 385
184 473
185 485
186 510
187 491
188 568
189 456
190 426
191 582
192 372
193 340
194 308
195 290
196 438
197 553
198 486
199 491
200 591
201 465
202 577
203 311
204 464
205 373
206 465
207 562
208 483
209 387
210 585
211 356
212 544
213 471
214 596
215 562
216 387
217 414
218 654
219 414
220 368
221 689
222 568
223 362
224 697
225 303
226 360
227 456
228 308
229 614
230 492
231 654
232 578
233 649
234 483
235 372
236 550
237 606
238 392
239 584
240 551
241 369
242 671
243 656
244 646
245 386
246 655
247 459
248 454
249 656
250 663
251 558
252 588
253 402
254 485
255 466
256 336
257 603
258 618
259 620
260 589
261 510
262 713
263 504
264 575
265 521
266 573
267 489
268 354
269 520
270 356
271 460
272 514
273 552
274 529
275 403
276 376
277 482
278 548
279 380
280 765
281 451
282 503
283 699
284 420
285 666
286 440
287 671
288 103
289 631
290 356
291 546
292 503
293 482
294 505
295 667
296 665
297 636
298 402
299 561
300 579
301 545
302 406
303 503
304 479
305 470
306 327
307 628
308 499
309 571
310 650
311 802
312 588
313 442
314 528
315 464
316 405
317 506
318 692
319 446
320 569
321 650
322 582
323 383
324 475
325 635
326 394
327 467
328 477
329 426
330 382
331 603
332 548
333 337
334 596
335 473
336 460
337 495
338 613
339 649
340 567
341 501
342 306
343 633
344 641
345 569
346 444
347 335
348 516
349 546
350 329
351 554
352 518
353 662
354 379
355 588
356 371
357 493
358 419
359 531
360 488
361 568
362 432
363 464
364 550
365 528
366 460
367 514
368 597
369 643
370 641
371 587
372 389
373 367
374 768
375 589
376 346
377 625
378 298
379 529
380 440
381 455
382 574
383 623
384 526
385 528
386 335
387 658
388 415
389 556
390 520
391 287
392 548
393 393
394 548
395 532
396 380
397 745
398 232
399 390
400 498
401 600
402 443
403 614
404 515
405 526
406 347
407 573
408 335
409 598
410 456
411 538
412 617
413 457
414 407
415 621
416 554
417 498
418 560
419 449
420 417
421 411
422 483
423 554
424 585
425 444
426 427
427 542
428 448
429 416
430 716
431 454
432 396
433 461
434 481
435 582
436 531
437 420
438 508
439 623
440 326
441 282
442 438
443 583
444 474
445 429
446 552
447 729
448 456
449 461
450 581
451 484
452 560
453 517
454 292
455 457
456 369
457 541
458 573
459 406
460 392
461 461
462 611
463 570
464 697
465 500
466 520
467 438
468 585
469 465
470 494
471 427
472 711
473 572
474 571
475 500
476 659
477 508
478 704
479 640
480 528
481 545
482 535
483 478
484 525
485 632
486 689
487 386
488 525
489 229
490 511
491 489
492 515
493 406
494 541
495 423
496 426
497 395
498 380
499 507
500 631

<precedence relations>
1,146
1,247
2,15
2,19
2,25
3,23
4,15
4,16
4,54
5,20
5,37
6,15
6,24
7,280
7,380
9,103
10,15
11,15
11,16
11,17
11,18
11,21
12,15
13,16
13,22
14,18
14,29
15,28
15,72
16,26
16,27
16,28
17,26
17,27
17,29
17,31
18,42
18,192
18,238
18,313
19,33
19,99
20,26
20,27
21,253
21,266
21,280
22,32
23,26
24,26
24,27
25,26
25,27
25,30
26,34
26,38
26,67
26,99
27,34
27,35
28,37
28,41
28,48
28,80
29,34
29,35
29,36
29,51
30,36
30,38
30,40
31,34
31,35
31,36
31,37
31,39
32,42
32,204
33,34
33,43
33,44
34,45
34,46
34,52
35,45
35,48
35,49
35,68
36,45
36,47
36,48
37,45
37,46
37,53
37,55
38,444
38,459
38,486
39,45
40,46
41,132
41,304
42,330
43,50
43,70
44,45
44,51
44,54
45,56
45,57
45,62
46,61
46,75
46,87
47,104
48,60
49,264
50,96
51,188
52,63
52,86
52,142
52,143
52,144
53,56
53,57
53,58
53,59
53,60
53,64
54,56
54,65
55,56
55,57
55,58
55,59
55,65
56,66
56,69
56,70
57,71
58,68
59,67
60,66
60,74
60,93
61,83
61,276
61,473
62,213
63,66
63,72
64,66
64,67
65,66
65,71
65,73
65,100
65,169
66,75
66,156
67,75
67,76
67,81
67,159
68,82
68,189
69,75
69,76
69,85
70,75
70,77
71,84
71,139
71,205
72,80
73,75
73,76
74,76
74,78
74,79
74,83
74,86
74,169
75,326
75,399
75,402
76,89
76,91
76,94
76,101
77,87
77,92
78,433
79,88
79,129
79,307
79,357
80,90
80,113
80,152
81,87
82,90
82,93
83,224
83,286
84,378
85,223
86,126
86,131
87,105
88,99
88,165
89,95
90,101
91,95
91,97
91,200
92,100
92,103
92,104
93,96
94,98
94,102
94,106
94,146
95,107
95,108
96,114
97,107
97,108
97,109
97,204
98,111
100,232
100,356
101,109
101,153
101,158
102,110
102,114
102,128
102,129
102,155
102,177
102,179
102,188
102,223
103,107
103,108
103,153
104,107
104,108
104,112
104,113
104,132
105,184
106,265
106,348
106,460
106,481
107,117
107,119
107,121
107,124
107,179
108,115
108,306
109,122
109,221
109,256
110,164
110,374
111,115
111,235
111,239
112,377
113,116
113,118
113,123
114,120
114,183
115,134
115,289
116,131
117,128
117,165
118,133
118,135
119,386
120,130
120,132
120,236
120,291
121,125
121,126
121,129
122,360
122,416
123,125
123,127
124,205
125,202
126,146
127,136
127,138
127,145
128,136
128,142
128,143
128,144
129,366
129,368
130,166
131,139
132,436
133,136
133,137
133,140
133,155
133,199
134,369
135,137
135,141
136,149
137,151
137,269
138,160
138,221
139,147
139,148
140,242
140,363
141,150
141,153
141,154
142,429
143,203
143,209
144,152
144,269
144,308
145,154
145,212
146,189
147,155
147,156
147,161
148,198
149,227
149,243
149,324
149,359
150,155
151,159
152,182
152,207
153,157
153,160
154,158
154,160
155,168
155,246
156,167
156,171
157,162
157,172
158,163
158,165
158,166
158,170
159,169
159,189
160,164
160,197
160,206
161,162
162,223
163,175
163,278
164,173
164,174
165,173
166,181
166,281
166,355
167,173
167,177
168,183
169,354
170,173
170,174
170,176
170,179
171,178
171,256
172,180
172,196
172,233
172,282
173,185
173,293
174,186
174,335
175,187
175,188
175,191
175,208
176,190
177,182
177,189
178,183
179,184
179,214
180,182
180,317
180,396
181,192
181,232
181,386
182,199
182,251
183,196
183,197
183,200
183,247
184,193
184,292
185,485
186,194
187,299
188,198
188,247
188,266
189,193
189,194
189,197
190,193
190,284
191,195
192,427
193,201
193,206
194,498
195,202
195,204
195,205
195,209
196,201
196,207
197,201
197,203
198,351
198,373
198,472
199,208
199,296
200,201
200,202
200,209
201,213
201,216
201,218
201,220
202,219
202,231
203,210
203,211
203,220
204,210
204,217
205,210
205,217
206,215
206,339
206,342
207,212
207,386
208,214
209,210
209,288
209,313
209,315
210,225
211,228
211,229
212,221
212,235
212,263
212,355
213,227
213,360
213,401
214,409
214,412
215,319
215,343
215,418
216,270
217,221
217,223
218,224
218,226
219,334
219,417
220,222
220,231
221,236
221,271
221,311
221,433
222,234
223,232
224,259
224,341
224,383
224,392
224,400
225,233
225,235
225,297
226,230
226,231
228,237
229,230
229,231
230,241
230,244
231,238
231,242
231,248
232,246
232,247
233,241
233,279
233,337
234,240
234,249
234,250
234,251
235,245
237,239
237,243
237,272
238,252
239,259
239,285
240,263
241,275
241,340
241,362
241,410
242,383
242,385
244,253
244,257
245,260
245,292
246,254
246,256
247,258
247,429
248,255
248,264
249,252
250,387
250,491
251,286
251,321
251,411
252,266
252,267
252,268
252,273
253,262
254,261
254,263
255,265
255,271
255,419
256,264
256,272
257,270
258,269
258,337
259,319
259,469
259,478
260,307
261,282
262,273
263,274
264,274
264,279
264,362
265,280
265,368
266,285
267,281
268,330
268,472
269,283
269,485
270,278
270,291
270,313
271,492
272,275
272,276
272,277
272,284
272,351
272,367
273,310
274,286
274,290
274,398
275,380
275,382
275,440
276,333
277,292
278,293
278,298
278,338
279,287
281,289
283,286
284,293
284,295
284,400
285,288
285,291
286,389
286,471
287,308
287,385
288,296
288,298
288,300
289,295
289,299
290,294
291,297
291,308
291,309
292,312
293,325
294,301
294,306
295,301
295,307
295,319
297,302
297,304
298,360
299,303
299,305
299,360
301,440
301,441
301,465
302,314
303,308
303,309
303,310
303,315
303,356
304,310
304,312
304,318
305,324
305,371
306,310
306,313
307,309
307,311
308,318
308,319
309,407
310,317
310,324
310,329
311,369
312,316
312,322
312,323
312,325
313,321
314,316
314,320
314,340
316,327
316,335
316,365
316,403
316,456
318,329
318,429
318,443
320,328
320,366
321,333
321,384
321,395
321,436
322,332
322,336
323,331
323,409
324,326
325,330
325,334
325,336
325,350
326,344
327,345
328,342
328,349
330,477
330,499
331,493
332,337
332,391
332,468
333,338
333,341
333,348
333,489
334,347
334,395
335,339
335,462
336,340
336,343
336,346
336,380
337,349
337,358
337,359
338,350
338,471
339,440
340,412
342,355
342,356
343,349
344,351
344,357
346,352
346,353
346,358
347,354
348,447
348,475
349,360
349,361
349,368
349,385
349,457
350,404
350,437
351,363
352,362
354,369
354,419
355,394
355,397
356,367
356,370
357,366
358,361
358,376
358,425
359,364
359,365
359,414
360,419
360,442
360,492
361,375
362,406
362,436
362,486
363,377
363,473
363,481
364,378
364,387
364,426
364,470
366,372
366,379
367,380
368,466
369,371
369,375
369,437
370,373
370,374
370,376
371,383
371,388
371,394
372,382
372,384
373,386
373,420
374,419
374,473
375,389
375,404
376,381
376,500
377,391
377,397
379,385
379,387
379,440
381,398
383,396
383,397
383,399
384,390
384,391
384,392
384,394
385,393
386,395
386,398
386,487
387,458
388,422
389,390
389,408
391,400
391,403
391,420
391,440
392,495
393,405
394,401
394,406
395,402
395,404
395,478
396,407
397,424
398,448
399,496
401,410
401,413
401,414
402,416
403,429
404,412
405,411
405,415
406,409
406,434
407,408
408,427
409,423
410,483
411,417
411,419
412,421
412,422
412,451
413,420
413,425
413,491
413,494
414,418
414,428
414,488
416,424
416,426
417,430
419,436
421,483
422,431
423,435
424,429
424,463
426,433
426,437
427,432
427,434
427,470
429,442
429,466
431,441
432,491
435,438
435,439
435,440
435,459
436,458
436,479
438,443
438,445
438,453
438,454
438,455
439,444
439,446
439,449
439,452
439,456
440,457
441,447
441,448
441,450
441,452
441,490
442,451
443,462
450,463
450,466
451,458
451,459
451,461
452,460
453,465
455,464
455,479
458,490
460,470
460,475
461,467
463,500
464,468
464,472
464,474
465,471
465,473
466,469
466,475
467,486
468,476
468,482
468,485
469,479
469,484
470,477
474,478
474,481
474,483
475,477
475,480
475,485
476,497
477,488
477,495
479,496
479,499
480,493
481,487
481,492
482,489
483,490
483,494
483,498
483,500
485,491

<end>
