<number of tasks>
500

<cycle time>
1000

<order strength>
0.196


<task times>
1 170
2 109
3 287
4 147
5 184
6 236
7 20
8 47
9 223
10 147
11 289
12 152
13 178
14 87
15 273
16 158
17 136
18 84
19 195
20 148
21 184
22 91
23 168
24 54
25 105
26 47
27 130
28 79
29 90
30 81
31 146
32 248
33 200
34 283
35 136
36 115
37 92
38 104
39 252
40 267
41 163
42 232
43 203
44 87
45 69
46 189
47 102
48 98
49 79
50 117
51 216
52 143
53 45
54 136
55 207
56 221
57 74
58 71
59 194
60 154
61 139
62 89
63 80
64 217
65 105
66 209
67 126
68 81
69 200
70 30
71 126
72 75
73 47
74 438
75 86
76 170
77 20
78 71
79 49
80 173
81 127
82 274
83 81
84 131
85 237
86 52
87 98
88 88
89 55
90 71
91 124
92 63
93 108
94 157
95 46
96 186
97 115
98 273
99 233
100 33
101 110
102 180
103 26
104 196
105 157
106 62
107 166
108 175
109 247
110 30
111 154
112 258
113 228
114 315
115 29
116 104
117 31
118 58
119 41
120 218
121 219
122 89
123 278
124 156
125 27
126 108
127 185
128 192
129 241
130 81
131 93
132 80
133 76
134 198
135 216
136 285
137 80
138 53
139 147
140 23
141 221
142 64
143 52
144 190
145 184
146 273
147 228
148 125
149 95
150 75
151 144
152 45
153 214
154 132
155 183
156 87
157 60
158 174
159 88
160 168
161 109
162 159
163 239
164 148
165 39
166 107
167 76
168 198
169 44
170 162
171 37
172 80
173 58
174 83
175 44
176 100
177 127
178 57
179 137
180 134
181 165
182 190
183 23
184 27
185 140
186 77
187 48
188 54
189 66
190 187
191 56
192 152
193 152
194 195
195 191
196 229
197 91
198 116
199 327
200 141
201 272
202 105
203 99
204 56
205 45
206 254
207 263
208 160
209 101
210 189
211 31
212 223
213 143
214 145
215 187
216 174
217 58
218 94
219 76
220 172
221 164
222 93
223 182
224 37
225 49
226 50
227 135
228 171
229 68
230 90
231 24
232 75
233 151
234 131
235 186
236 45
237 93
238 42
239 200
240 199
241 123
242 223
243 111
244 168
245 126
246 190
247 20
248 157
249 105
250 136
251 78
252 47
253 29
254 34
255 126
256 107
257 121
258 274
259 66
260 139
261 148
262 26
263 187
264 146
265 34
266 122
267 50
268 99
269 56
270 231
271 199
272 189
273 68
274 72
275 193
276 265
277 124
278 143
279 204
280 65
281 105
282 268
283 111
284 50
285 174
286 96
287 245
288 156
289 61
290 78
291 81
292 43
293 202
294 96
295 105
296 198
297 123
298 101
299 259
300 32
301 221
302 132
303 62
304 143
305 160
306 55
307 168
308 113
309 92
310 122
311 34
312 89
313 130
314 331
315 39
316 149
317 202
318 178
319 241
320 106
321 102
322 278
323 68
324 52
325 162
326 64
327 111
328 73
329 215
330 123
331 95
332 166
333 127
334 141
335 83
336 120
337 103
338 79
339 146
340 102
341 37
342 74
343 223
344 206
345 272
346 286
347 218
348 81
349 190
350 230
351 24
352 145
353 46
354 310
355 243
356 89
357 152
358 170
359 259
360 156
361 172
362 163
363 146
364 250
365 102
366 167
367 278
368 113
369 219
370 168
371 134
372 50
373 225
374 157
375 110
376 71
377 31
378 161
379 101
380 41
381 163
382 153
383 98
384 107
385 223
386 169
387 48
388 257
389 61
390 41
391 295
392 51
393 192
394 205
395 277
396 192
397 388
398 246
399 26
400 224
401 78
402 269
403 106
404 185
405 302
406 74
407 100
408 145
409 84
410 85
411 45
412 165
413 76
414 93
415 207
416 232
417 83
418 146
419 115
420 80
421 132
422 84
423 133
424 173
425 303
426 99
427 134
428 103
429 214
430 311
431 198
432 22
433 50
434 129
435 123
436 100
437 25
438 33
439 135
440 211
441 199
442 91
443 167
444 103
445 172
446 31
447 218
448 98
449 26
450 82
451 165
452 133
453 58
454 182
455 272
456 26
457 165
458 116
459 47
460 31
461 200
462 52
463 32
464 182
465 38
466 301
467 57
468 226
469 160
470 60
471 100
472 250
473 199
474 88
475 233
476 100
477 110
478 239
479 99
480 152
481 67
482 72
483 152
484 94
485 191
486 148
487 133
488 35
489 58
490 115
491 112
492 65
493 178
494 60
495 230
496 144
497 210
498 144
499 77
500 40

<precedence relations>
1,18
2,19
3,21
4,22
5,20
6,27
7,280
9,364
10,26
12,24
12,28
13,29
14,331
15,23
15,25
15,189
18,33
19,37
20,35
21,34
22,36
23,30
23,41
24,31
24,40
25,32
25,43
26,39
27,351
27,438
28,38
29,42
30,44
31,45
32,46
33,47
34,48
35,50
36,49
37,56
38,52
38,59
39,53
39,57
41,51
41,60
42,54
42,55
42,58
42,67
42,232
43,231
44,61
45,65
46,62
47,65
48,66
49,65
50,64
51,63
51,69
53,68
53,73
53,336
55,279
56,72
56,90
56,466
58,71
58,98
58,273
60,67
60,70
60,72
60,399
61,74
62,75
63,76
64,77
65,78
65,80
66,79
67,82
67,96
69,81
73,317
74,83
75,84
76,86
77,88
78,89
79,85
79,91
79,216
80,87
80,90
80,95
80,98
81,94
81,96
82,92
82,93
82,97
83,99
84,100
85,101
86,102
87,104
88,103
89,105
91,106
94,111
95,107
95,112
96,245
96,351
97,109
97,110
97,499
98,108
99,113
100,115
101,115
102,115
103,114
104,115
105,122
105,499
108,116
108,121
109,120
109,291
111,119
112,117
112,118
113,123
114,127
115,124
115,125
115,126
115,128
115,131
116,129
116,132
117,130
118,133
118,281
120,134
121,135
123,139
124,136
125,137
126,138
127,140
128,142
129,145
130,141
130,143
130,144
130,147
131,150
131,153
132,149
132,152
132,154
133,146
133,148
133,300
134,151
136,155
137,156
138,159
139,157
140,158
141,160
142,161
143,163
144,166
145,168
146,162
147,164
147,170
148,165
148,377
149,167
149,172
150,171
150,173
151,169
154,471
155,175
156,176
157,174
158,177
159,179
160,178
161,180
162,181
163,187
164,182
165,183
166,185
167,184
167,189
167,191
170,192
171,483
173,186
173,188
173,190
174,193
175,195
176,194
177,196
178,197
179,199
180,198
181,204
182,203
183,201
184,202
185,204
186,200
186,400
188,205
191,206
193,207
194,208
195,209
196,212
197,214
198,210
199,214
200,211
201,215
202,214
203,213
204,214
204,216
204,220
205,218
205,219
206,217
207,221
208,223
209,222
210,226
211,224
212,225
213,228
214,227
215,231
216,229
216,301
217,241
217,245
218,230
218,232
219,233
221,234
222,239
223,235
224,236
225,240
227,237
227,238
227,242
227,243
227,485
229,244
229,245
231,241
233,241
234,246
235,248
236,249
237,250
238,247
238,251
238,260
239,254
240,255
240,257
241,253
242,252
243,256
244,258
244,259
244,320
245,261
246,262
247,263
248,264
249,265
250,267
251,270
251,474
252,382
253,271
253,275
253,314
255,272
255,455
256,266
256,269
256,274
256,346
257,303
258,273
260,268
262,279
263,280
264,278
265,276
265,281
266,277
266,280
266,285
266,287
266,313
267,284
268,288
269,282
269,441
270,290
272,283
272,289
272,291
274,286
274,395
276,292
277,293
278,298
279,295
279,296
279,297
279,305
280,301
281,294
281,304
284,299
284,396
285,302
285,335
287,303
288,469
289,443
291,300
292,308
293,311
294,306
295,307
296,309
297,310
298,312
299,313
300,315
300,317
302,318
303,316
303,319
304,314
304,320
304,321
306,331
307,322
308,323
309,324
310,325
311,328
312,330
313,326
313,332
314,327
315,329
316,336
317,333
317,334
317,440
321,335
322,338
323,339
324,345
325,344
326,340
327,341
328,342
329,343
330,346
331,364
332,337
333,347
333,349
333,351
334,353
335,350
336,348
336,352
337,354
338,355
339,356
340,358
341,359
342,361
343,360
344,357
345,363
345,365
347,398
350,366
351,367
351,368
352,364
352,366
353,362
354,370
355,369
356,375
357,372
358,373
359,374
360,371
360,376
363,377
363,381
364,382
365,384
365,422
366,378
366,494
367,379
367,380
367,383
369,387
370,386
371,389
372,390
373,392
374,394
375,393
376,385
376,401
377,388
377,395
377,396
377,397
378,391
379,396
380,410
382,399
383,400
384,398
385,402
386,403
387,409
388,404
389,405
390,406
391,407
392,408
393,410
394,412
394,415
397,411
397,414
401,413
402,416
403,420
404,418
405,418
406,418
407,418
408,418
409,417
410,421
412,425
412,427
412,428
412,430
413,419
413,424
413,429
415,422
415,423
415,426
416,435
417,434
418,431
418,437
419,432
419,439
421,433
422,436
423,443
426,438
426,440
426,441
427,442
429,440
430,444
431,445
432,446
433,447
434,449
435,448
436,452
437,453
438,450
438,455
438,456
439,451
440,454
442,457
442,458
445,462
446,463
447,465
448,459
449,465
450,460
451,461
452,465
453,464
454,468
454,469
455,467
456,473
456,474
457,472
458,466
458,470
458,471
459,475
460,476
461,477
462,478
463,479
464,480
466,481
468,482
468,485
473,483
473,484
474,486
475,487
476,488
477,489
478,493
479,490
480,491
481,492
482,494
482,497
483,499
484,495
484,498
485,496
485,500

<end>
