<number of tasks>
500

<cycle time>
1000

<order strength>
0.595


<task times>
1 355
2 621
3 504
4 665
5 367
6 251
7 775
8 459
9 337
10 370
11 466
12 396
13 515
14 644
15 596
16 740
17 452
18 344
19 419
20 707
21 349
22 560
23 466
24 731
25 620
26 548
27 732
28 502
29 368
30 549
31 496
32 594
33 367
34 455
35 436
36 354
37 583
38 686
39 437
40 216
41 607
42 640
43 496
44 506
45 443
46 509
47 505
48 431
49 521
50 357
51 716
52 464
53 726
54 492
55 480
56 449
57 502
58 666
59 565
60 442
61 494
62 506
63 273
64 658
65 283
66 618
67 614
68 376
69 598
70 314
71 487
72 340
73 358
74 529
75 367
76 426
77 595
78 600
79 359
80 523
81 620
82 576
83 550
84 518
85 595
86 507
87 532
88 635
89 571
90 473
91 453
92 616
93 472
94 533
95 561
96 564
97 669
98 545
99 251
100 433
101 531
102 525
103 484
104 443
105 615
106 505
107 638
108 371
109 512
110 370
111 319
112 417
113 460
114 564
115 405
116 675
117 313
118 500
119 589
120 314
121 522
122 451
123 500
124 357
125 346
126 558
127 288
128 383
129 670
130 601
131 492
132 514
133 623
134 382
135 487
136 580
137 448
138 503
139 576
140 385
141 322
142 506
143 344
144 625
145 539
146 547
147 303
148 549
149 507
150 542
151 590
152 576
153 550
154 543
155 389
156 460
157 547
158 579
159 517
160 439
161 307
162 485
163 293
164 592
165 497
166 533
167 373
168 632
169 409
170 440
171 530
172 386
173 332
174 173
175 503
176 482
177 615
178 711
179 264
180 548
181 549
182 383
183 599
184 533
185 514
186 454
187 415
188 470
189 405
190 453
191 473
192 406
193 245
194 657
195 491
196 436
197 373
198 513
199 562
200 640
201 418
202 593
203 494
204 350
205 392
206 719
207 136
208 428
209 510
210 532
211 536
212 570
213 486
214 721
215 390
216 664
217 492
218 495
219 635
220 651
221 448
222 619
223 376
224 602
225 704
226 433
227 589
228 732
229 584
230 446
231 501
232 330
233 713
234 544
235 259
236 479
237 508
238 455
239 488
240 495
241 511
242 378
243 448
244 430
245 312
246 395
247 742
248 414
249 491
250 554
251 436
252 550
253 771
254 449
255 333
256 505
257 692
258 534
259 619
260 775
261 543
262 249
263 694
264 533
265 350
266 656
267 481
268 552
269 650
270 504
271 370
272 541
273 561
274 614
275 541
276 531
277 637
278 667
279 515
280 465
281 557
282 614
283 703
284 730
285 496
286 260
287 641
288 701
289 430
290 273
291 426
292 490
293 362
294 298
295 457
296 324
297 516
298 787
299 532
300 501
301 736
302 455
303 260
304 549
305 426
306 518
307 433
308 434
309 703
310 591
311 624
312 577
313 421
314 529
315 580
316 503
317 633
318 199
319 633
320 453
321 540
322 686
323 669
324 519
325 528
326 526
327 469
328 411
329 612
330 475
331 412
332 471
333 466
334 453
335 554
336 634
337 362
338 424
339 439
340 544
341 403
342 430
343 577
344 419
345 527
346 570
347 731
348 399
349 403
350 478
351 587
352 435
353 553
354 473
355 422
356 456
357 561
358 614
359 249
360 613
361 392
362 460
363 527
364 460
365 369
366 658
367 265
368 592
369 381
370 498
371 534
372 514
373 320
374 538
375 440
376 728
377 510
378 473
379 555
380 360
381 520
382 339
383 663
384 375
385 307
386 496
387 443
388 615
389 366
390 379
391 550
392 459
393 373
394 555
395 334
396 411
397 435
398 596
399 411
400 397
401 404
402 432
403 421
404 558
405 564
406 579
407 248
408 385
409 564
410 489
411 490
412 444
413 408
414 309
415 524
416 626
417 437
418 636
419 526
420 440
421 452
422 377
423 384
424 668
425 547
426 740
427 529
428 410
429 438
430 563
431 630
432 397
433 522
434 478
435 726
436 600
437 735
438 417
439 627
440 298
441 561
442 537
443 576
444 529
445 513
446 462
447 436
448 250
449 461
450 266
451 576
452 442
453 650
454 497
455 892
456 604
457 541
458 439
459 652
460 501
461 714
462 760
463 269
464 563
465 487
466 465
467 408
468 410
469 464
470 645
471 534
472 551
473 450
474 312
475 666
476 531
477 472
478 778
479 346
480 525
481 178
482 299
483 536
484 411
485 352
486 625
487 490
488 349
489 443
490 621
491 547
492 532
493 507
494 400
495 610
496 435
497 427
498 429
499 517
500 498

<precedence relations>
1,189
1,209
1,242
1,264
1,379
2,14
2,22
2,66
3,11
3,12
3,13
3,18
3,58
4,11
4,12
4,16
5,30
6,12
6,42
6,58
7,11
7,12
7,15
7,50
8,19
8,20
9,17
9,21
10,11
10,12
10,13
11,27
11,33
11,74
12,23
12,24
12,28
12,29
12,31
12,34
13,326
13,408
13,418
14,25
15,23
15,24
15,35
16,26
16,28
17,87
17,125
18,23
18,41
18,66
19,134
19,169
20,23
20,32
21,23
21,24
22,24
22,30
23,36
23,37
23,38
24,36
24,37
24,38
25,36
25,37
25,38
26,36
26,37
26,40
26,43
27,41
27,42
27,44
28,36
28,61
28,66
28,68
29,178
29,279
30,133
31,135
31,163
32,78
32,166
33,132
33,180
34,39
34,43
34,45
35,391
35,400
35,491
36,49
37,149
38,46
39,48
40,46
40,47
40,48
40,50
41,46
41,47
41,94
41,118
41,171
42,46
42,47
42,48
43,46
43,47
43,163
44,79
44,146
45,46
45,47
45,60
45,65
46,54
46,57
46,110
46,173
46,180
47,52
47,162
48,51
48,52
48,61
49,51
49,52
49,55
49,56
49,59
49,60
50,53
50,58
51,161
51,162
51,189
52,121
53,66
54,64
54,68
54,140
54,179
55,62
55,65
55,70
55,72
56,62
56,63
56,64
57,97
57,156
58,68
58,205
58,211
59,69
60,67
60,239
60,251
60,369
60,418
61,70
61,107
62,144
63,137
64,125
65,71
66,71
67,109
68,259
68,320
69,72
70,73
70,92
71,73
71,74
71,75
71,76
71,77
71,78
71,79
71,80
71,84
71,108
72,73
72,76
72,77
72,81
72,82
72,83
73,90
73,122
74,85
74,86
74,87
74,91
75,85
76,85
76,86
77,171
78,270
78,290
78,291
79,105
79,155
80,85
80,86
80,122
81,160
82,86
82,219
83,88
83,89
83,92
84,85
84,247
84,279
85,196
85,280
86,97
86,208
87,94
87,95
87,138
88,96
88,104
89,98
89,250
89,305
90,99
90,123
90,126
90,130
91,93
91,94
91,139
92,93
92,94
92,105
92,108
92,112
93,100
93,101
93,102
93,103
93,104
93,126
94,100
94,101
94,154
94,155
95,100
95,102
95,107
96,100
96,101
96,105
96,108
97,415
97,428
98,220
99,100
99,101
99,103
99,106
99,113
100,109
100,110
101,109
101,110
101,117
102,113
103,115
103,116
103,117
103,118
104,114
105,109
105,110
105,111
105,119
106,112
106,166
106,242
107,232
107,262
107,307
108,133
109,120
109,441
109,456
110,121
111,122
111,123
112,493
113,145
113,159
113,182
114,204
115,127
116,120
116,124
116,125
116,144
117,120
117,128
118,135
118,179
119,126
120,389
121,133
121,134
121,185
122,130
123,149
124,129
124,135
124,152
124,156
125,132
125,136
126,129
127,129
127,131
128,268
128,332
128,392
129,138
129,140
129,141
129,143
129,148
130,137
130,138
130,139
130,140
131,142
131,143
131,144
132,137
132,146
132,156
132,185
133,137
134,137
135,137
135,147
136,145
136,303
136,304
136,373
137,149
138,151
138,154
139,315
140,288
140,342
141,172
141,243
142,156
142,228
143,149
143,153
144,152
144,228
145,239
145,284
145,342
146,152
146,213
146,216
146,221
146,222
147,150
147,155
148,149
148,185
149,157
149,158
149,159
149,161
150,333
150,356
151,262
151,318
151,466
152,183
152,218
152,262
153,163
153,214
154,162
154,179
155,157
155,159
155,160
155,272
156,254
157,164
157,165
157,166
158,167
158,234
159,164
159,237
160,164
160,165
160,168
161,170
161,172
162,165
162,166
162,169
162,173
163,164
163,171
163,263
164,174
164,184
164,186
165,174
165,176
165,178
166,174
166,175
166,183
166,213
167,223
168,175
168,343
168,449
169,180
169,460
170,177
170,181
170,182
171,179
171,185
171,452
172,174
173,174
174,191
174,192
175,371
175,459
177,279
177,293
178,216
179,338
179,393
179,461
179,482
179,499
180,222
180,345
180,449
181,291
181,300
181,369
182,193
183,188
183,190
183,299
183,314
184,187
184,241
184,393
185,446
186,189
186,238
187,371
187,436
188,252
190,195
190,197
190,202
190,230
191,194
191,251
191,256
192,199
192,224
192,268
193,194
193,196
193,198
193,200
193,201
194,240
194,241
195,208
195,209
196,205
196,207
196,209
196,265
197,289
197,374
198,206
199,204
200,203
200,210
200,302
200,413
201,263
201,324
202,203
202,284
202,304
202,313
202,353
202,404
203,426
203,431
204,215
204,216
204,217
205,224
206,212
206,213
206,214
206,219
206,221
206,225
207,211
207,218
207,245
208,220
208,329
209,382
210,222
210,223
211,226
212,246
213,230
213,238
214,227
214,231
214,232
215,236
215,476
216,228
216,296
217,226
217,233
218,483
219,316
220,229
220,235
220,318
220,343
221,226
221,238
221,278
221,357
223,237
223,262
224,234
225,226
225,231
225,357
226,250
227,251
227,262
228,304
228,360
229,243
229,249
229,255
229,326
231,242
231,247
232,240
233,245
233,314
233,427
234,248
234,259
235,239
235,256
236,418
236,455
238,241
238,244
238,246
239,263
239,302
239,392
240,260
240,302
241,252
241,253
241,258
241,259
241,291
242,257
242,273
242,346
243,301
243,397
243,422
244,255
244,261
244,422
245,258
245,422
246,253
246,256
246,262
246,294
247,278
247,347
247,368
247,397
248,254
249,252
249,357
250,252
252,266
252,270
253,440
254,264
254,267
254,294
255,268
255,309
256,269
256,274
257,272
258,372
258,405
259,273
259,276
259,398
259,400
259,453
260,271
260,275
262,356
262,404
263,265
263,404
264,283
265,288
265,377
265,378
266,287
266,425
266,458
266,491
267,281
267,285
268,373
269,474
270,282
270,306
271,279
271,280
272,297
273,277
273,284
273,286
274,440
275,278
275,409
276,277
276,312
276,421
278,422
278,468
279,294
279,335
280,329
281,291
281,313
282,293
282,295
282,388
283,289
283,330
283,388
284,489
285,290
285,304
286,451
288,292
288,426
288,435
289,341
289,455
290,296
290,300
292,339
294,299
294,394
295,297
295,298
296,305
296,310
296,311
296,312
296,313
296,344
297,304
297,307
297,309
298,302
298,308
298,373
298,379
298,418
299,301
299,303
299,306
300,301
300,302
300,348
302,469
305,314
305,338
305,341
305,346
305,358
306,315
306,317
306,320
307,330
307,426
307,441
309,319
309,321
309,322
309,387
310,389
310,424
311,317
312,318
312,418
312,420
312,437
313,316
314,326
315,324
315,327
315,328
315,331
316,329
316,330
317,332
317,444
318,365
319,334
319,356
320,325
320,333
321,323
322,362
322,496
323,496
324,342
325,337
325,338
325,346
325,375
326,335
327,378
327,414
328,334
328,341
328,406
329,343
329,452
330,360
331,337
331,339
331,344
331,345
331,353
331,377
332,340
332,414
332,448
333,336
334,347
334,351
334,352
335,357
335,365
336,353
336,361
336,390
338,354
338,356
338,434
338,472
339,348
339,384
340,349
340,350
340,358
340,449
341,373
341,380
342,351
342,379
343,468
345,465
346,355
346,364
346,405
347,359
348,362
348,390
349,360
350,363
350,366
350,482
351,361
351,365
352,432
353,368
353,445
354,492
355,461
357,367
357,369
357,434
358,364
358,374
359,372
360,371
361,382
361,396
362,472
363,378
364,398
364,464
365,380
366,375
367,376
367,377
369,370
369,373
369,374
369,378
369,379
370,389
370,393
371,387
372,389
372,450
373,383
374,382
374,391
375,407
375,492
375,498
376,388
377,382
377,386
377,472
378,385
378,390
378,455
378,456
378,464
379,381
379,384
379,392
379,421
380,417
380,449
381,481
382,397
382,402
382,452
382,480
383,403
383,430
386,400
387,399
388,394
388,398
389,407
390,401
390,405
391,396
392,395
392,404
392,463
393,436
395,407
396,413
397,407
398,406
399,408
399,412
399,416
400,458
401,410
402,493
404,409
404,411
404,414
404,428
404,429
406,479
407,420
408,430
409,419
410,422
410,479
411,415
411,416
411,417
411,464
411,470
412,418
413,421
416,432
418,427
419,426
420,428
421,423
421,424
421,425
422,429
422,430
422,431
422,457
422,487
423,435
423,437
425,441
425,443
426,438
426,450
426,469
427,434
427,435
428,477
428,484
429,436
429,439
429,481
430,433
431,466
431,477
432,433
432,440
432,442
433,450
434,468
435,451
435,477
435,496
436,453
437,452
438,444
438,448
438,449
439,446
440,447
443,445
443,446
444,462
445,455
445,456
445,460
445,463
445,464
446,454
447,457
447,458
447,461
449,489
451,473
452,459
453,478
453,496
455,470
457,465
458,469
458,471
459,471
460,466
460,472
461,478
462,473
463,467
464,468
464,473
465,480
465,481
465,483
468,479
469,476
469,482
469,495
471,477
473,474
473,475
473,478
474,487
475,490
477,488
481,484
481,485
481,489
483,486
484,491
484,496
485,493
486,499
488,494
488,500
489,495
489,497
489,498
490,492

<end>
