<number of tasks>
500

<cycle time>
1000

<order strength>
0.896


<task times>
1 141
2 28
3 56
4 149
5 190
6 96
7 113
8 509
9 238
10 169
11 148
12 530
13 72
14 490
15 88
16 491
17 21
18 177
19 38
20 201
21 305
22 418
23 274
24 118
25 508
26 143
27 144
28 282
29 51
30 109
31 52
32 160
33 191
34 49
35 89
36 181
37 171
38 511
39 615
40 210
41 478
42 32
43 193
44 164
45 505
46 444
47 454
48 115
49 28
50 409
51 158
52 276
53 54
54 44
55 23
56 157
57 79
58 141
59 146
60 465
61 31
62 179
63 309
64 552
65 130
66 472
67 198
68 282
69 142
70 144
71 298
72 256
73 374
74 219
75 87
76 507
77 177
78 37
79 457
80 292
81 85
82 502
83 343
84 41
85 508
86 143
87 246
88 126
89 75
90 140
91 111
92 577
93 163
94 208
95 268
96 99
97 98
98 164
99 531
100 529
101 244
102 161
103 125
104 483
105 127
106 228
107 217
108 367
109 443
110 130
111 73
112 279
113 239
114 84
115 82
116 179
117 80
118 57
119 153
120 245
121 197
122 362
123 514
124 308
125 124
126 210
127 510
128 501
129 90
130 461
131 213
132 119
133 540
134 247
135 262
136 207
137 197
138 278
139 434
140 155
141 263
142 201
143 297
144 93
145 147
146 535
147 261
148 266
149 54
150 45
151 93
152 180
153 333
154 115
155 101
156 278
157 219
158 72
159 410
160 24
161 346
162 281
163 108
164 287
165 219
166 291
167 72
168 247
169 395
170 225
171 381
172 119
173 38
174 211
175 24
176 86
177 467
178 68
179 177
180 118
181 50
182 347
183 468
184 235
185 69
186 66
187 223
188 139
189 324
190 57
191 219
192 444
193 60
194 132
195 227
196 513
197 274
198 162
199 127
200 53
201 95
202 78
203 36
204 114
205 137
206 389
207 74
208 26
209 136
210 145
211 400
212 70
213 528
214 129
215 258
216 152
217 402
218 257
219 510
220 27
221 507
222 304
223 121
224 131
225 434
226 506
227 467
228 116
229 42
230 176
231 106
232 50
233 257
234 189
235 88
236 348
237 71
238 40
239 35
240 55
241 237
242 374
243 280
244 202
245 571
246 505
247 114
248 66
249 536
250 167
251 448
252 185
253 575
254 82
255 508
256 270
257 526
258 79
259 174
260 521
261 327
262 347
263 383
264 109
265 165
266 282
267 507
268 101
269 189
270 518
271 487
272 456
273 111
274 51
275 50
276 267
277 275
278 323
279 66
280 282
281 228
282 141
283 120
284 230
285 376
286 209
287 194
288 139
289 147
290 152
291 271
292 265
293 51
294 167
295 143
296 109
297 142
298 446
299 188
300 477
301 524
302 82
303 204
304 272
305 158
306 612
307 472
308 343
309 275
310 43
311 150
312 79
313 360
314 497
315 546
316 95
317 72
318 426
319 509
320 246
321 293
322 221
323 106
324 489
325 141
326 179
327 236
328 199
329 517
330 135
331 86
332 184
333 100
334 40
335 82
336 73
337 302
338 503
339 88
340 60
341 117
342 139
343 78
344 280
345 118
346 79
347 268
348 301
349 294
350 125
351 263
352 101
353 148
354 331
355 175
356 535
357 84
358 210
359 562
360 118
361 125
362 154
363 121
364 174
365 548
366 47
367 97
368 44
369 50
370 76
371 109
372 452
373 106
374 67
375 304
376 30
377 312
378 107
379 141
380 95
381 41
382 72
383 118
384 143
385 75
386 532
387 27
388 216
389 161
390 77
391 448
392 182
393 41
394 192
395 103
396 38
397 43
398 361
399 30
400 143
401 306
402 56
403 503
404 35
405 199
406 367
407 228
408 110
409 154
410 483
411 180
412 177
413 46
414 110
415 155
416 128
417 449
418 281
419 211
420 99
421 483
422 93
423 97
424 128
425 178
426 222
427 467
428 52
429 542
430 329
431 124
432 35
433 234
434 262
435 251
436 487
437 522
438 108
439 287
440 371
441 31
442 58
443 507
444 229
445 33
446 188
447 213
448 130
449 518
450 455
451 78
452 131
453 253
454 307
455 214
456 37
457 324
458 160
459 541
460 165
461 65
462 87
463 35
464 113
465 75
466 196
467 479
468 30
469 72
470 221
471 196
472 512
473 141
474 340
475 132
476 520
477 270
478 187
479 317
480 265
481 600
482 315
483 502
484 418
485 239
486 417
487 196
488 37
489 91
490 93
491 470
492 468
493 276
494 82
495 436
496 88
497 150
498 496
499 56
500 251

<precedence relations>
1,44
1,50
2,8
2,9
2,14
3,10
3,17
4,8
4,9
4,13
5,8
5,9
5,10
5,11
5,12
5,15
6,8
6,9
6,10
6,11
6,12
6,15
7,8
8,16
9,16
9,17
9,18
9,20
10,19
11,16
11,17
11,18
11,19
11,20
12,16
12,17
12,18
13,16
13,19
13,20
14,16
14,17
14,18
14,19
15,17
16,21
17,21
17,22
17,26
18,21
18,22
18,23
18,24
18,25
19,22
19,23
19,24
19,25
19,26
20,21
20,22
20,23
20,24
20,25
20,26
21,27
21,28
21,29
21,30
21,31
22,27
22,28
22,29
22,30
22,31
23,27
23,28
23,29
23,30
23,31
24,27
24,28
24,29
24,30
24,31
25,27
25,28
25,31
26,27
26,28
26,29
26,30
26,31
27,32
27,33
27,34
27,35
27,36
28,32
28,33
28,34
28,35
28,36
29,32
29,33
29,34
30,32
30,33
30,34
30,35
31,36
32,37
32,38
32,39
33,42
33,49
34,37
34,38
34,39
35,37
35,38
35,39
36,37
36,38
36,39
37,40
37,41
37,42
38,40
38,41
38,42
39,40
39,41
39,42
40,43
40,44
40,45
40,46
40,47
40,48
40,49
41,43
41,44
41,45
41,46
42,43
42,44
42,45
42,46
42,47
42,48
43,54
43,55
44,69
45,50
45,51
46,50
46,51
46,53
46,55
47,50
47,51
48,59
49,50
49,51
49,52
49,54
49,55
50,56
50,57
50,58
50,59
51,56
51,57
51,58
51,59
52,129
52,147
53,56
53,71
54,56
54,57
54,58
54,59
55,56
56,60
56,64
57,60
57,61
57,62
58,60
58,61
58,62
58,63
58,64
59,62
60,65
60,66
61,65
61,66
61,67
61,68
61,69
61,70
61,71
62,65
62,66
62,67
62,68
62,69
62,70
62,71
63,65
63,66
63,67
63,68
63,69
63,70
63,71
64,104
65,72
65,73
65,74
66,72
66,73
66,74
66,75
66,76
67,72
67,73
67,74
67,75
67,76
68,72
68,79
68,81
68,82
68,83
68,84
69,72
69,73
69,74
69,75
69,76
70,72
70,73
70,74
70,75
70,76
71,72
72,77
72,80
73,77
73,78
73,79
73,80
73,81
73,82
73,83
73,84
74,77
74,78
74,79
74,80
74,84
75,77
75,81
75,83
75,84
76,78
76,82
77,85
77,86
77,87
78,85
79,85
79,87
79,88
80,85
80,87
80,88
81,85
81,86
81,87
81,88
82,137
82,198
82,205
82,206
83,85
83,88
84,85
84,86
84,87
84,88
85,89
85,90
85,91
85,92
85,93
86,89
86,90
86,91
86,92
86,93
87,105
88,89
88,90
88,91
88,92
88,93
89,97
89,98
89,99
90,94
90,97
90,104
91,94
91,95
91,96
91,100
92,118
92,126
92,128
93,94
93,95
93,96
93,97
94,101
94,102
94,103
94,107
95,101
95,102
95,109
96,101
96,104
96,107
97,101
97,102
97,107
98,101
98,102
98,103
98,104
98,105
98,106
99,101
99,102
99,106
100,101
100,107
101,108
102,123
102,129
103,108
103,109
104,108
104,109
105,108
106,108
106,109
107,108
107,109
108,110
108,111
108,112
108,113
108,114
108,115
108,116
108,117
109,112
109,115
110,118
110,120
110,121
111,126
112,118
112,119
112,120
113,118
113,119
114,118
114,119
114,128
115,118
115,119
115,128
116,118
116,119
116,120
116,121
116,122
117,118
117,119
117,120
117,122
118,123
118,127
118,129
119,123
119,124
119,125
119,126
120,123
120,124
120,125
120,126
120,127
120,128
121,126
121,134
122,123
122,124
122,125
122,128
123,130
123,131
123,132
123,133
123,134
123,135
124,130
124,131
124,132
124,133
124,134
124,135
125,130
125,131
125,132
125,133
125,134
126,135
127,152
128,130
128,131
128,133
129,130
129,131
129,132
130,136
130,142
131,136
131,137
131,138
131,139
132,137
132,143
133,136
133,138
133,139
133,140
134,136
134,141
135,136
135,137
135,138
135,139
135,140
135,141
135,142
135,143
136,144
136,145
137,232
138,148
138,155
139,144
139,164
140,144
140,146
141,144
141,145
141,147
141,149
141,150
142,144
142,164
143,144
143,145
143,149
143,150
143,154
144,151
144,152
144,155
144,167
145,153
146,151
146,152
146,153
146,162
147,151
147,152
147,153
147,154
147,155
148,151
148,152
148,153
148,154
149,151
149,152
149,153
150,151
150,152
150,167
151,156
151,160
152,156
152,157
152,158
152,159
153,156
153,157
153,158
153,159
153,167
154,156
154,161
154,162
154,166
155,156
155,157
155,159
156,192
157,218
158,163
159,163
159,165
159,166
160,249
160,273
161,163
161,164
161,165
162,163
162,164
162,167
163,168
163,169
163,170
163,171
163,172
164,168
164,169
164,176
165,168
165,169
165,170
165,171
165,172
166,210
166,226
167,168
167,170
167,171
167,172
168,173
168,174
168,175
169,173
169,175
170,216
170,223
171,173
172,176
172,194
173,177
173,178
173,179
173,180
173,181
174,181
175,177
175,178
175,179
176,177
176,178
177,182
177,183
177,184
177,185
177,188
177,190
177,198
178,182
178,183
178,187
179,182
179,184
179,186
179,189
179,190
180,183
181,182
181,183
181,185
181,193
182,191
182,201
183,191
184,191
184,192
184,193
185,191
185,222
186,191
186,227
187,191
187,198
187,205
188,191
188,192
188,193
188,195
188,227
189,194
190,224
191,196
192,196
192,199
193,196
193,197
194,196
194,197
194,198
194,199
194,200
194,201
195,200
196,202
196,203
196,204
196,206
197,205
197,301
197,303
198,202
198,203
198,204
198,207
199,202
200,202
201,377
202,212
202,257
202,266
203,208
204,208
204,211
205,262
205,302
206,210
207,208
207,209
208,215
209,213
209,214
209,215
209,216
210,288
211,213
211,214
212,265
212,310
212,329
213,217
213,218
213,219
213,220
214,217
215,218
215,219
215,223
215,240
216,217
216,221
216,222
217,228
217,229
217,235
218,224
218,225
218,230
218,233
219,224
219,245
220,225
220,226
220,232
221,227
221,230
221,234
221,236
222,224
222,225
222,226
223,301
223,310
223,327
223,329
224,231
224,232
224,234
225,231
225,239
225,266
226,275
227,231
227,233
228,231
228,232
229,236
230,231
230,232
230,235
231,238
232,237
233,237
233,249
234,276
234,289
235,239
236,240
237,242
237,244
237,246
237,247
238,241
238,242
239,241
239,242
239,243
239,245
240,241
240,268
241,248
241,249
241,257
242,248
242,268
243,248
243,250
243,251
244,295
244,355
244,364
244,369
245,249
245,285
246,430
246,445
247,252
248,253
248,254
248,255
248,258
249,259
249,301
249,311
250,253
251,256
251,257
252,253
252,254
252,255
252,256
252,260
253,261
254,261
254,270
254,272
255,261
255,262
255,263
256,264
257,261
257,262
257,273
258,261
258,262
258,263
259,304
259,335
260,265
260,266
261,267
261,269
261,271
262,267
263,267
263,270
264,267
264,313
264,333
265,343
265,355
266,268
267,312
268,272
269,274
270,273
271,274
271,275
272,276
272,277
272,278
273,276
273,277
274,278
275,276
275,277
275,278
275,279
276,283
277,282
278,280
278,281
279,280
279,281
279,282
279,283
280,291
280,318
281,284
281,285
281,288
282,284
282,285
282,286
282,287
283,284
283,285
284,291
284,292
285,290
285,293
286,289
287,289
288,289
288,318
289,295
289,296
289,298
290,294
290,295
290,297
291,299
292,294
292,295
292,296
292,297
293,300
293,440
294,303
295,439
295,489
296,303
296,329
297,301
297,302
297,303
298,301
298,322
299,301
300,359
301,304
301,335
302,304
302,305
302,306
303,304
303,305
303,307
304,323
305,308
306,309
307,310
308,313
308,314
309,311
309,312
309,313
309,317
310,311
311,316
311,319
312,318
312,338
313,315
313,336
314,315
314,317
315,324
315,337
316,326
317,386
318,322
318,326
318,335
318,340
319,320
319,321
319,323
319,325
320,454
321,328
322,327
322,329
322,345
323,330
324,327
324,414
324,451
325,460
325,465
326,339
327,359
328,332
329,341
330,331
331,333
331,334
331,336
331,337
332,333
332,334
332,335
332,337
333,408
333,450
333,477
333,484
334,410
335,339
336,338
336,339
336,340
337,340
337,360
338,345
338,366
338,377
338,379
339,341
339,342
339,343
339,344
340,342
341,347
342,346
342,349
342,350
343,348
344,346
344,347
344,351
345,346
345,396
346,356
346,358
346,359
346,431
346,432
346,435
347,355
347,379
348,352
348,353
349,352
349,357
350,354
350,462
351,352
351,355
352,359
353,363
353,377
353,382
354,362
355,359
355,360
356,453
357,361
358,463
358,489
359,368
359,421
359,445
359,455
360,365
360,366
360,367
360,384
361,364
361,365
361,369
362,437
363,364
364,370
364,371
364,372
365,370
365,371
365,374
366,489
367,370
367,373
368,459
369,370
370,380
370,381
370,401
371,375
372,379
372,384
372,425
373,385
373,421
373,435
374,375
374,376
374,377
374,378
374,382
374,383
375,389
375,390
376,450
376,466
376,482
377,387
377,417
378,430
378,460
379,478
380,386
380,391
381,389
381,390
381,415
382,388
383,386
384,386
384,387
385,387
386,394
387,392
387,463
388,396
389,393
389,395
389,439
390,419
390,441
391,427
392,452
392,474
392,475
392,478
393,397
393,400
393,438
394,399
395,398
395,431
395,453
396,397
396,401
397,405
398,491
399,403
399,404
400,425
400,455
401,402
402,406
402,407
402,408
402,409
402,410
402,411
403,407
403,408
404,427
404,434
405,411
406,415
407,412
407,416
407,417
407,418
408,413
409,414
410,479
410,499
411,457
412,420
412,422
413,417
413,439
413,466
413,469
414,494
415,418
415,419
415,460
417,441
418,421
418,422
418,423
419,425
419,442
419,482
420,424
420,426
421,429
421,437
421,461
422,428
422,467
423,463
424,430
424,453
425,431
425,432
425,444
426,427
427,435
428,451
429,433
429,482
430,434
431,471
432,434
434,440
435,436
435,437
435,438
435,439
435,441
436,442
437,446
437,464
438,444
438,445
438,458
439,486
440,443
440,454
441,452
442,449
442,450
442,451
443,461
443,466
444,452
445,448
445,454
445,465
446,447
446,452
446,453
448,460
449,458
450,456
450,459
450,479
451,455
451,481
453,457
454,497
455,462
455,464
455,465
457,463
457,466
457,467
457,486
458,488
459,461
459,495
461,469
463,471
463,472
464,468
464,478
465,470
465,480
466,468
466,487
468,474
469,475
469,488
470,477
471,476
472,473
473,479
473,482
474,480
474,483
475,481
476,478
478,484
478,487
479,494
480,485
480,488
481,483
481,486
483,489
484,492
486,491
487,490
489,496
490,499
490,500
491,494
491,497
492,493
492,495
492,498
492,500

<end>
