<number of tasks>
500

<cycle time>
1000

<order strength>
0.895


<task times>
1 297
2 135
3 253
4 188
5 171
6 28
7 150
8 109
9 156
10 108
11 68
12 165
13 106
14 110
15 82
16 63
17 182
18 127
19 154
20 111
21 141
22 185
23 21
24 110
25 108
26 168
27 177
28 70
29 300
30 56
31 170
32 221
33 26
34 151
35 212
36 88
37 34
38 257
39 115
40 139
41 119
42 201
43 276
44 210
45 151
46 137
47 220
48 227
49 107
50 234
51 243
52 148
53 176
54 70
55 117
56 21
57 95
58 139
59 25
60 145
61 145
62 145
63 81
64 91
65 211
66 77
67 82
68 35
69 147
70 164
71 209
72 181
73 54
74 279
75 24
76 128
77 226
78 246
79 75
80 210
81 199
82 310
83 163
84 96
85 89
86 50
87 246
88 226
89 256
90 50
91 312
92 234
93 261
94 106
95 94
96 204
97 99
98 92
99 137
100 176
101 139
102 83
103 162
104 63
105 173
106 65
107 53
108 160
109 116
110 220
111 112
112 47
113 179
114 32
115 223
116 179
117 170
118 261
119 116
120 143
121 375
122 115
123 325
124 79
125 311
126 24
127 163
128 95
129 159
130 37
131 218
132 76
133 69
134 27
135 111
136 262
137 231
138 164
139 132
140 241
141 85
142 232
143 178
144 178
145 287
146 77
147 127
148 195
149 60
150 173
151 395
152 40
153 118
154 45
155 131
156 151
157 104
158 111
159 78
160 177
161 140
162 153
163 107
164 119
165 108
166 165
167 60
168 26
169 303
170 182
171 58
172 28
173 73
174 90
175 54
176 79
177 234
178 174
179 33
180 84
181 128
182 63
183 186
184 183
185 225
186 146
187 180
188 29
189 184
190 92
191 153
192 86
193 230
194 234
195 237
196 150
197 71
198 266
199 231
200 133
201 174
202 208
203 209
204 254
205 171
206 65
207 33
208 238
209 62
210 184
211 54
212 153
213 211
214 72
215 184
216 32
217 147
218 153
219 356
220 30
221 91
222 93
223 267
224 45
225 76
226 22
227 130
228 67
229 250
230 182
231 202
232 229
233 128
234 188
235 87
236 244
237 188
238 108
239 51
240 209
241 67
242 307
243 55
244 90
245 75
246 152
247 241
248 77
249 56
250 130
251 51
252 40
253 220
254 42
255 170
256 167
257 108
258 199
259 166
260 103
261 143
262 214
263 57
264 170
265 313
266 188
267 187
268 237
269 37
270 102
271 26
272 214
273 31
274 156
275 149
276 156
277 183
278 113
279 101
280 86
281 46
282 77
283 71
284 31
285 123
286 75
287 212
288 204
289 279
290 116
291 83
292 249
293 115
294 255
295 101
296 102
297 146
298 158
299 246
300 115
301 207
302 168
303 142
304 120
305 79
306 42
307 109
308 78
309 34
310 81
311 262
312 90
313 33
314 145
315 132
316 122
317 156
318 171
319 160
320 66
321 92
322 91
323 26
324 211
325 210
326 133
327 222
328 88
329 28
330 197
331 198
332 195
333 103
334 83
335 141
336 47
337 96
338 324
339 26
340 196
341 70
342 408
343 204
344 168
345 385
346 376
347 28
348 155
349 93
350 46
351 26
352 128
353 223
354 59
355 260
356 108
357 144
358 50
359 32
360 41
361 284
362 161
363 181
364 47
365 240
366 147
367 96
368 241
369 210
370 75
371 84
372 60
373 165
374 226
375 69
376 62
377 50
378 194
379 222
380 72
381 95
382 82
383 283
384 230
385 275
386 133
387 28
388 262
389 135
390 343
391 116
392 96
393 215
394 92
395 29
396 112
397 144
398 63
399 103
400 260
401 162
402 41
403 68
404 39
405 241
406 250
407 77
408 30
409 229
410 105
411 162
412 79
413 79
414 174
415 126
416 213
417 95
418 189
419 138
420 98
421 243
422 46
423 259
424 187
425 225
426 61
427 140
428 122
429 83
430 119
431 77
432 84
433 156
434 82
435 217
436 185
437 184
438 65
439 243
440 83
441 94
442 168
443 268
444 99
445 205
446 99
447 396
448 332
449 84
450 129
451 68
452 206
453 28
454 183
455 53
456 141
457 173
458 124
459 74
460 114
461 180
462 177
463 200
464 95
465 192
466 71
467 117
468 37
469 114
470 83
471 172
472 132
473 61
474 80
475 310
476 138
477 175
478 190
479 240
480 270
481 139
482 89
483 82
484 129
485 106
486 37
487 216
488 247
489 68
490 52
491 53
492 145
493 21
494 23
495 63
496 106
497 93
498 220
499 189
500 120

<precedence relations>
1,6
1,7
1,9
2,4
2,5
2,7
2,8
2,9
3,5
4,10
4,11
4,12
4,13
4,14
5,10
5,11
5,12
5,14
6,10
6,11
6,12
6,13
7,10
7,11
7,12
7,13
7,14
8,10
8,14
9,10
9,11
9,12
9,13
9,14
10,15
10,16
10,17
10,18
10,19
11,15
11,16
11,17
11,18
11,19
12,52
13,15
13,16
13,17
13,18
14,15
14,17
15,20
15,21
15,22
15,23
16,20
16,21
16,22
16,24
17,20
17,21
17,22
17,23
17,24
18,20
18,21
19,20
19,21
19,22
19,24
20,27
20,29
21,32
21,36
22,25
22,26
22,27
22,28
22,30
23,25
23,26
23,27
23,28
23,29
23,30
24,25
24,26
24,35
24,36
25,31
25,32
25,33
26,31
26,32
26,33
27,31
27,32
27,35
28,31
28,32
28,33
28,34
28,35
28,36
29,31
29,32
29,33
29,34
29,36
30,31
30,32
30,34
31,37
31,38
31,41
31,42
31,43
32,37
32,38
32,39
32,40
32,41
32,42
32,43
33,37
33,38
33,39
33,40
33,41
33,42
33,43
34,37
34,38
34,39
34,40
34,41
34,43
35,37
35,38
35,39
35,40
35,43
36,37
36,38
36,39
36,40
36,41
36,43
37,44
37,45
37,46
37,47
38,44
38,45
38,46
38,47
39,44
39,45
39,46
39,47
40,44
40,45
40,46
40,47
41,44
41,45
41,46
41,47
42,44
42,45
42,46
42,47
43,44
43,45
43,46
43,47
44,48
44,49
44,50
44,51
44,52
44,53
45,48
45,49
45,50
45,51
45,52
45,53
46,48
46,49
46,50
46,51
46,52
46,53
47,48
47,49
47,50
47,52
48,90
48,115
49,54
49,55
49,56
49,58
49,59
50,54
50,55
50,56
50,57
50,59
51,54
51,55
51,56
51,57
51,58
51,59
52,54
52,55
52,56
52,57
52,58
52,59
53,54
53,55
53,56
53,57
53,58
53,59
54,60
54,61
54,62
54,63
55,157
55,187
56,60
56,61
56,62
56,63
57,60
57,61
57,62
57,63
58,60
58,61
58,62
58,63
59,60
59,61
59,62
59,63
60,64
60,65
60,66
60,67
61,64
61,65
61,66
61,67
61,68
61,69
61,70
62,64
62,65
62,70
63,64
63,65
63,66
63,67
63,68
63,69
64,71
64,72
64,73
64,74
65,107
65,129
66,71
66,72
66,74
67,71
67,72
67,73
67,74
68,71
68,72
68,73
68,74
69,71
69,72
69,73
69,74
70,71
70,72
70,73
70,74
71,75
71,76
71,77
71,78
71,79
71,80
72,75
72,76
72,78
72,79
73,76
73,77
73,79
73,80
74,75
74,76
75,81
75,82
75,83
75,84
75,85
76,83
76,86
77,81
77,82
77,83
77,84
77,85
77,86
78,81
78,82
78,83
78,84
78,85
78,86
79,81
79,82
79,83
79,84
79,85
79,86
80,81
80,82
80,84
80,85
80,86
81,87
81,88
81,89
81,90
82,87
82,88
82,89
82,90
83,87
83,88
83,89
83,90
84,87
85,87
85,88
86,88
87,91
87,92
87,93
87,96
87,100
88,91
88,92
88,93
88,94
89,91
89,94
89,95
89,96
90,93
90,121
91,97
92,97
92,98
92,99
92,102
92,103
93,97
93,99
93,101
94,97
94,100
95,97
95,98
95,99
95,100
95,101
95,102
95,103
96,97
96,101
96,121
97,104
97,105
97,122
98,104
98,106
98,108
99,213
99,247
100,107
100,129
101,104
101,105
101,106
101,107
102,104
102,113
102,129
103,104
103,105
103,107
103,109
104,110
104,111
105,110
105,111
105,112
105,126
106,110
106,111
106,114
107,110
107,111
108,110
108,111
108,112
108,113
108,114
108,115
109,110
109,111
109,112
109,113
110,116
110,117
110,119
110,130
111,116
111,117
112,120
112,140
113,116
113,117
113,119
113,122
114,116
115,116
115,117
115,118
115,121
115,126
115,129
116,123
116,124
116,125
116,134
117,123
117,127
117,128
118,123
118,124
119,124
119,139
119,140
120,123
120,124
120,129
121,123
121,125
121,130
122,123
122,124
122,126
123,132
123,148
124,131
124,146
125,131
125,132
125,133
125,140
126,131
126,132
127,192
128,131
128,133
128,134
129,131
129,132
130,131
130,132
130,133
131,135
131,136
131,138
132,137
133,135
133,136
133,146
134,136
134,137
134,138
134,139
134,140
135,141
135,142
135,143
135,144
136,141
136,142
136,143
136,144
136,145
136,147
136,148
137,141
137,142
137,143
138,141
138,142
139,144
139,145
139,146
139,148
140,141
140,145
140,146
140,147
140,148
141,149
141,150
142,205
143,149
143,150
143,151
144,149
144,150
144,151
145,149
145,150
145,154
145,157
146,171
146,174
147,149
147,158
148,149
148,150
148,151
149,152
149,153
149,155
149,156
150,158
150,194
150,222
151,152
151,153
151,154
151,155
151,156
151,157
151,158
152,159
152,160
152,161
152,162
152,163
153,159
153,160
153,161
153,162
153,163
154,159
154,160
154,161
154,163
155,159
155,160
155,163
155,168
156,159
156,160
156,161
156,162
156,163
157,232
158,162
158,278
159,164
160,164
160,166
160,167
161,164
161,165
161,168
161,174
162,261
162,266
163,164
163,165
163,169
163,178
164,170
164,173
165,173
166,170
166,171
166,174
167,170
167,171
167,172
168,170
168,171
168,172
169,170
169,171
170,264
171,175
171,176
172,175
172,176
172,178
173,175
173,176
173,177
173,179
174,177
175,180
175,181
175,187
176,232
177,181
177,184
178,180
178,181
178,182
178,183
178,184
179,180
179,181
179,182
179,183
179,184
180,185
180,186
181,185
182,185
183,185
183,186
184,187
185,195
186,188
186,189
186,190
186,191
187,208
188,196
189,194
189,195
189,202
190,192
190,193
190,194
190,195
190,197
191,192
191,193
191,194
191,195
192,198
192,202
193,198
194,198
195,198
195,199
195,200
196,198
196,199
196,200
196,201
196,202
197,210
198,203
198,205
199,203
199,204
199,205
199,206
200,203
200,204
200,206
200,207
200,217
201,204
201,208
202,330
202,465
202,497
203,209
203,213
203,223
204,209
204,210
204,211
204,218
205,209
206,209
206,211
207,209
207,214
208,209
208,210
208,212
209,216
209,219
209,224
209,225
210,215
210,216
210,220
210,224
211,215
212,217
212,218
213,426
214,215
214,216
215,221
215,222
215,223
216,221
216,229
217,221
217,224
217,225
218,221
218,222
219,241
220,223
220,225
221,226
221,227
221,228
222,264
222,308
222,312
223,226
223,227
223,228
223,229
224,226
225,301
225,394
225,410
226,230
226,234
227,230
227,233
228,230
228,231
228,232
228,233
228,234
229,243
230,235
230,236
230,237
231,235
231,236
231,257
232,235
232,236
233,235
233,236
234,237
234,238
235,297
235,402
236,239
236,240
236,256
236,259
237,239
237,262
237,264
238,239
238,240
238,241
238,242
238,243
239,244
239,245
239,250
239,269
240,247
241,244
241,245
241,246
241,247
241,249
242,245
242,246
242,248
243,244
243,247
244,251
244,255
245,265
246,251
246,252
246,256
246,257
247,251
247,252
247,253
247,254
248,254
248,263
249,251
250,251
250,252
251,260
251,263
251,279
252,282
252,318
253,262
254,342
255,258
255,261
256,264
257,258
257,259
257,264
257,270
258,265
258,267
258,268
259,265
259,266
259,269
259,284
259,285
260,265
260,266
260,277
260,284
261,270
262,266
263,265
264,292
265,271
265,272
265,274
265,275
265,276
265,289
266,271
266,272
267,271
267,272
268,271
268,272
268,278
269,318
270,273
270,277
270,279
271,283
271,312
272,280
272,281
274,324
274,378
275,280
275,281
275,307
276,286
277,280
277,281
277,282
277,285
277,286
278,284
279,280
279,281
280,287
280,290
281,330
281,458
281,491
282,287
282,349
283,292
284,314
284,327
285,287
285,289
285,393
286,288
286,291
287,297
287,402
288,293
288,294
288,298
289,377
289,465
290,296
290,312
290,317
291,293
291,295
291,302
292,293
293,300
293,304
294,309
295,299
295,300
295,305
296,299
296,302
296,327
297,363
297,376
297,448
298,301
298,303
299,309
300,309
301,442
302,308
303,306
303,320
304,306
305,306
305,307
306,310
306,311
307,312
307,341
307,359
308,329
309,313
309,314
310,317
310,323
311,315
311,316
311,317
311,318
311,321
312,315
312,354
313,320
314,315
314,316
314,319
315,324
315,357
315,363
316,322
316,323
317,322
317,337
318,322
318,323
319,322
319,325
319,326
319,330
320,346
320,347
321,322
321,323
321,327
321,331
322,328
322,333
323,328
323,329
323,332
323,337
324,330
324,343
325,413
326,329
326,331
327,450
327,464
327,495
328,336
329,334
329,335
329,338
331,337
332,335
332,339
332,342
333,334
333,335
333,338
333,339
334,340
334,341
334,342
335,340
335,341
336,340
337,341
337,377
337,378
338,340
338,342
339,458
340,343
340,345
341,343
342,343
342,344
342,345
342,346
342,347
342,348
342,349
343,370
344,394
345,356
345,359
346,350
347,392
347,402
348,350
348,351
348,352
348,353
348,354
349,353
349,354
350,356
350,357
350,358
351,355
351,356
351,357
351,358
351,359
352,491
353,486
354,387
355,363
355,413
355,425
356,360
356,361
356,362
356,363
356,364
357,360
357,361
357,362
357,364
358,399
358,402
358,440
359,364
360,365
360,388
360,390
361,366
361,367
362,365
363,433
364,374
365,368
365,369
365,371
366,368
366,370
367,368
368,372
368,373
368,374
369,377
369,410
370,374
370,375
371,376
371,378
372,393
373,381
374,399
374,408
375,379
375,380
375,381
375,382
376,379
376,380
377,416
378,379
378,415
379,383
379,385
380,387
380,425
381,384
381,385
381,386
382,388
382,389
383,394
383,464
384,393
385,436
385,468
385,475
386,391
386,392
386,414
387,463
389,390
389,400
389,415
390,427
390,428
390,468
391,395
392,395
393,396
393,398
393,400
394,397
394,399
395,407
396,403
396,404
396,448
396,451
397,434
399,414
399,463
400,401
400,402
400,405
400,406
401,409
401,424
402,408
404,412
405,411
405,434
406,411
406,475
407,410
408,416
408,417
409,437
410,413
410,416
410,417
411,414
411,447
411,457
412,415
413,476
414,422
414,476
415,419
415,421
416,423
416,480
417,418
417,420
417,424
418,425
418,428
419,427
419,454
421,426
423,464
425,432
425,434
426,429
426,433
427,430
428,431
429,435
429,438
429,454
429,467
430,439
430,440
431,437
432,435
432,438
432,439
433,436
433,462
434,483
434,496
436,471
436,477
437,442
438,441
440,452
441,443
441,446
441,447
442,444
442,445
442,447
442,448
443,449
443,469
444,455
444,496
445,451
445,454
445,456
446,449
446,450
446,452
447,455
447,499
448,453
449,457
450,488
451,458
452,459
453,456
455,458
456,463
456,464
457,460
457,461
457,488
458,462
458,465
459,463
460,468
461,481
462,493
463,466
464,467
464,481
465,489
466,471
466,472
467,469
467,470
468,479
469,493
470,474
470,475
471,473
471,478
472,496
472,497
473,479
473,480
473,481
474,476
474,478
474,482
475,477
476,487
476,488
476,491
477,499
478,494
479,485
480,490
480,496
481,484
481,486
481,489
482,483
483,492
484,493
485,494
485,495
488,496
489,493
490,491
494,498
494,499
494,500
495,497

<end>
