<number of tasks>
500

<cycle time>
1000

<order strength>
0.337


<task times>
1 503
2 503
3 487
4 245
5 37
6 274
7 399
8 91
9 422
10 276
11 142
12 94
13 51
14 537
15 30
16 79
17 303
18 115
19 521
20 152
21 181
22 388
23 505
24 177
25 36
26 118
27 159
28 459
29 631
30 313
31 259
32 282
33 216
34 160
35 461
36 97
37 193
38 157
39 343
40 492
41 528
42 242
43 482
44 245
45 202
46 412
47 115
48 77
49 62
50 336
51 414
52 203
53 198
54 164
55 444
56 74
57 216
58 402
59 149
60 171
61 334
62 49
63 62
64 227
65 413
66 544
67 60
68 263
69 53
70 510
71 473
72 35
73 402
74 523
75 438
76 60
77 121
78 62
79 174
80 68
81 191
82 46
83 317
84 281
85 156
86 240
87 290
88 32
89 212
90 105
91 55
92 85
93 164
94 130
95 245
96 257
97 101
98 351
99 226
100 130
101 201
102 539
103 487
104 162
105 244
106 577
107 192
108 67
109 154
110 531
111 249
112 118
113 72
114 307
115 128
116 64
117 33
118 110
119 268
120 175
121 510
122 202
123 83
124 498
125 117
126 81
127 476
128 320
129 303
130 48
131 138
132 446
133 124
134 110
135 235
136 72
137 229
138 138
139 300
140 68
141 279
142 126
143 130
144 112
145 232
146 155
147 122
148 615
149 296
150 309
151 82
152 252
153 457
154 68
155 215
156 202
157 537
158 206
159 260
160 296
161 39
162 236
163 543
164 180
165 134
166 123
167 425
168 268
169 500
170 310
171 36
172 166
173 81
174 124
175 443
176 212
177 84
178 117
179 93
180 341
181 45
182 106
183 135
184 523
185 199
186 301
187 133
188 288
189 337
190 515
191 65
192 75
193 146
194 106
195 141
196 54
197 513
198 271
199 23
200 250
201 222
202 214
203 67
204 59
205 170
206 115
207 130
208 214
209 202
210 495
211 242
212 155
213 99
214 64
215 173
216 72
217 47
218 122
219 37
220 223
221 141
222 124
223 388
224 425
225 299
226 526
227 164
228 576
229 499
230 555
231 237
232 80
233 241
234 161
235 268
236 116
237 305
238 308
239 217
240 68
241 507
242 51
243 519
244 192
245 499
246 515
247 465
248 176
249 57
250 535
251 203
252 247
253 96
254 178
255 46
256 533
257 69
258 24
259 31
260 117
261 197
262 85
263 490
264 25
265 222
266 227
267 552
268 591
269 60
270 164
271 531
272 227
273 96
274 34
275 232
276 474
277 472
278 78
279 86
280 190
281 458
282 112
283 480
284 156
285 41
286 98
287 111
288 261
289 512
290 517
291 44
292 358
293 473
294 348
295 181
296 46
297 34
298 81
299 82
300 547
301 236
302 326
303 208
304 140
305 230
306 240
307 240
308 481
309 276
310 133
311 122
312 94
313 171
314 145
315 190
316 28
317 175
318 64
319 97
320 109
321 27
322 121
323 506
324 232
325 396
326 74
327 443
328 51
329 442
330 494
331 55
332 126
333 120
334 33
335 302
336 56
337 67
338 178
339 150
340 321
341 148
342 356
343 160
344 51
345 120
346 55
347 27
348 219
349 586
350 289
351 133
352 108
353 30
354 59
355 189
356 140
357 194
358 54
359 352
360 166
361 101
362 237
363 547
364 328
365 182
366 57
367 229
368 176
369 118
370 131
371 27
372 528
373 169
374 54
375 77
376 210
377 179
378 167
379 563
380 546
381 420
382 50
383 332
384 581
385 64
386 95
387 64
388 297
389 206
390 586
391 254
392 137
393 213
394 515
395 421
396 226
397 145
398 153
399 46
400 125
401 139
402 22
403 113
404 154
405 129
406 520
407 264
408 255
409 174
410 432
411 220
412 259
413 79
414 244
415 459
416 228
417 360
418 50
419 192
420 127
421 33
422 113
423 511
424 246
425 151
426 540
427 201
428 218
429 94
430 118
431 273
432 198
433 430
434 82
435 481
436 150
437 98
438 64
439 173
440 245
441 423
442 324
443 498
444 108
445 535
446 209
447 133
448 221
449 235
450 303
451 146
452 112
453 116
454 85
455 55
456 254
457 550
458 221
459 100
460 93
461 76
462 593
463 237
464 74
465 151
466 40
467 173
468 63
469 114
470 76
471 141
472 527
473 183
474 23
475 176
476 257
477 534
478 316
479 53
480 421
481 557
482 295
483 76
484 83
485 97
486 512
487 109
488 302
489 59
490 386
491 221
492 491
493 115
494 575
495 278
496 207
497 437
498 166
499 140
500 145

<precedence relations>
1,65
2,65
3,65
4,355
5,355
6,198
7,31
8,32
9,34
10,36
11,19
11,23
11,30
11,33
12,21
12,22
12,29
12,35
12,37
13,18
13,24
13,26
13,27
13,38
15,25
15,39
16,20
17,28
18,207
19,207
20,164
21,125
22,125
23,65
24,415
25,415
26,66
27,66
28,66
29,66
30,355
31,40
32,52
33,50
34,53
35,51
36,54
37,42
37,44
37,45
37,49
37,56
38,43
38,48
39,41
39,46
39,47
39,55
40,282
41,164
42,65
43,65
44,415
45,66
46,66
47,66
48,66
49,355
50,67
51,68
52,59
52,61
52,70
53,64
53,69
53,71
54,60
54,72
55,62
55,73
56,57
56,58
56,63
57,207
58,207
59,164
60,164
61,164
62,125
63,125
64,125
65,79
65,80
65,81
65,82
65,83
65,84
65,85
65,94
65,95
66,86
66,87
66,88
66,89
66,90
67,91
68,92
69,76
69,93
70,77
71,74
72,75
73,78
74,282
75,207
76,428
77,125
78,125
79,355
80,102
82,106
84,97
84,99
86,104
89,108
90,98
90,105
91,96
92,100
93,101
94,103
95,107
96,164
97,125
98,355
99,198
100,109
101,115
102,116
103,122
104,110
104,112
104,113
105,111
105,123
106,121
107,114
108,117
108,118
108,119
108,120
109,396
110,428
111,125
112,125
113,355
114,452
115,129
116,130
117,128
118,133
118,136
120,137
121,131
121,134
122,126
122,132
122,135
123,124
123,127
124,164
125,138
125,140
125,141
125,142
125,143
125,144
125,145
125,146
125,147
125,148
125,149
125,150
125,151
125,152
125,153
125,154
125,155
125,156
125,157
125,158
126,355
127,355
128,198
129,159
135,161
137,139
137,160
138,164
139,428
140,355
141,162
141,172
146,168
152,167
155,163
155,165
155,166
156,170
157,171
161,169
162,207
163,207
164,176
164,177
164,178
164,179
164,180
164,184
165,463
166,355
167,186
169,173
169,175
170,174
170,183
172,181
172,182
172,185
173,282
174,207
175,207
176,191
177,188
177,189
179,192
179,193
179,194
181,190
185,187
185,195
187,282
188,207
189,198
190,199
191,200
192,202
192,204
193,196
193,203
194,197
195,201
195,205
196,207
197,355
198,209
198,210
198,211
198,212
198,215
199,213
200,214
202,206
202,217
202,218
203,208
205,216
206,282
207,219
207,220
207,221
207,222
207,223
207,224
208,463
209,227
209,229
209,230
210,228
212,231
213,226
215,225
219,355
220,355
221,234
221,239
222,238
222,245
224,236
224,242
225,463
226,233
227,232
228,235
228,237
228,240
228,243
229,241
229,244
232,246
233,248
234,249
236,252
236,255
237,256
237,257
238,253
240,250
244,251
245,247
245,254
246,282
247,428
248,260
249,259
250,258
250,263
251,261
253,264
253,265
255,262
255,266
258,271
259,272
260,270
261,274
262,273
263,279
263,280
263,281
264,267
264,277
264,278
266,268
266,269
266,275
266,276
267,282
268,396
269,463
270,283
271,287
272,284
273,285
274,286
275,294
275,296
277,289
277,295
278,288
278,292
279,290
280,293
281,291
282,297
282,298
282,299
282,300
282,301
282,302
282,303
282,313
283,309
284,305
285,306
286,304
288,307
289,312
289,314
289,315
290,310
293,311
294,308
297,355
299,326
299,327
301,322
304,317
305,319
306,320
307,321
308,316
308,318
308,324
309,323
315,325
316,452
317,328
318,330
319,334
320,331
321,336
322,332
323,333
323,337
323,341
326,335
326,338
326,339
327,329
327,340
328,355
329,452
330,344
331,345
332,348
333,346
333,349
334,352
335,347
336,342
337,343
338,350
339,353
340,351
342,428
343,355
344,357
345,358
346,359
347,360
348,356
349,361
350,362
350,365
351,366
352,354
352,363
352,364
354,396
355,368
355,369
355,370
355,371
355,372
355,373
356,375
357,378
358,367
359,367
360,379
361,367
362,377
363,376
365,374
365,383
366,380
366,381
366,382
367,396
368,415
369,386
369,388
370,391
373,390
373,395
374,452
375,384
376,385
377,392
378,393
379,394
380,387
381,389
384,396
385,399
386,402
387,403
388,405
389,398
389,401
389,409
390,400
391,397
391,404
391,407
394,408
395,406
396,410
396,411
396,412
396,413
396,414
397,415
398,416
399,417
400,418
401,419
402,420
403,421
404,422
405,423
406,427
407,424
407,425
408,426
410,428
411,434
411,445
412,441
414,439
415,429
415,430
415,431
415,432
415,433
415,444
416,437
417,437
418,437
419,438
420,437
421,435
422,436
424,442
425,440
427,443
428,446
428,447
428,448
428,449
428,450
429,452
430,455
433,457
434,453
435,451
436,451
437,460
439,454
440,458
441,462
443,459
445,456
445,461
451,463
452,464
452,465
452,466
452,467
452,474
453,473
454,471
455,472
456,468
457,469
457,475
458,470
463,476
463,477
463,478
463,479
463,480
466,487
468,481
469,482
470,483
471,485
472,484
473,489
474,486
474,488
476,496
480,495
480,499
481,492
482,490
483,493
484,494
485,491
487,500
488,497
488,498

<end>
