<number of tasks>
500

<cycle time>
1000

<order strength>
0.196


<task times>
1 398
2 478
3 403
4 535
5 626
6 630
7 552
8 480
9 411
10 594
11 563
12 492
13 737
14 466
15 578
16 480
17 596
18 699
19 648
20 586
21 537
22 330
23 401
24 524
25 716
26 644
27 250
28 603
29 644
30 353
31 500
32 322
33 455
34 601
35 365
36 668
37 595
38 472
39 403
40 677
41 517
42 502
43 578
44 312
45 549
46 520
47 496
48 558
49 521
50 492
51 483
52 426
53 478
54 383
55 497
56 618
57 337
58 220
59 680
60 498
61 558
62 737
63 465
64 553
65 488
66 631
67 397
68 453
69 495
70 515
71 635
72 382
73 687
74 413
75 609
76 441
77 462
78 599
79 434
80 314
81 503
82 563
83 491
84 618
85 600
86 288
87 483
88 467
89 485
90 744
91 315
92 474
93 438
94 551
95 378
96 588
97 594
98 497
99 442
100 396
101 456
102 256
103 535
104 458
105 644
106 620
107 376
108 645
109 538
110 603
111 486
112 280
113 331
114 580
115 540
116 391
117 403
118 522
119 365
120 565
121 594
122 752
123 530
124 514
125 231
126 652
127 699
128 556
129 417
130 363
131 569
132 618
133 505
134 678
135 355
136 421
137 429
138 370
139 590
140 410
141 544
142 399
143 571
144 378
145 411
146 750
147 360
148 461
149 302
150 302
151 471
152 732
153 513
154 498
155 440
156 333
157 460
158 322
159 393
160 501
161 691
162 667
163 455
164 471
165 614
166 436
167 462
168 338
169 229
170 501
171 434
172 582
173 548
174 444
175 210
176 449
177 465
178 593
179 303
180 594
181 654
182 576
183 598
184 550
185 537
186 534
187 545
188 553
189 548
190 558
191 457
192 799
193 397
194 586
195 228
196 440
197 606
198 422
199 390
200 503
201 643
202 519
203 434
204 422
205 489
206 443
207 385
208 467
209 689
210 482
211 603
212 461
213 501
214 576
215 545
216 602
217 473
218 407
219 684
220 409
221 628
222 853
223 468
224 579
225 393
226 463
227 573
228 427
229 293
230 372
231 430
232 389
233 410
234 539
235 512
236 317
237 331
238 450
239 321
240 552
241 555
242 447
243 623
244 349
245 622
246 336
247 639
248 623
249 371
250 500
251 554
252 343
253 463
254 363
255 530
256 294
257 390
258 518
259 444
260 709
261 478
262 566
263 618
264 580
265 471
266 378
267 675
268 518
269 611
270 692
271 447
272 841
273 466
274 523
275 373
276 516
277 637
278 528
279 131
280 571
281 447
282 541
283 581
284 361
285 455
286 466
287 639
288 623
289 431
290 368
291 604
292 550
293 413
294 478
295 182
296 497
297 361
298 505
299 405
300 455
301 427
302 620
303 357
304 643
305 456
306 591
307 225
308 571
309 467
310 565
311 549
312 447
313 454
314 547
315 484
316 381
317 504
318 485
319 514
320 614
321 490
322 417
323 423
324 434
325 701
326 511
327 418
328 545
329 495
330 544
331 548
332 640
333 408
334 502
335 513
336 376
337 486
338 321
339 490
340 489
341 163
342 468
343 733
344 572
345 376
346 571
347 448
348 469
349 525
350 716
351 484
352 450
353 654
354 543
355 729
356 326
357 579
358 468
359 708
360 425
361 510
362 356
363 510
364 397
365 521
366 482
367 268
368 629
369 666
370 663
371 565
372 650
373 365
374 331
375 613
376 452
377 484
378 654
379 428
380 399
381 680
382 733
383 511
384 273
385 562
386 389
387 610
388 402
389 410
390 555
391 420
392 421
393 399
394 463
395 690
396 585
397 682
398 646
399 491
400 416
401 384
402 563
403 414
404 564
405 448
406 598
407 348
408 541
409 526
410 379
411 465
412 336
413 566
414 354
415 604
416 390
417 514
418 379
419 545
420 428
421 457
422 498
423 528
424 515
425 573
426 507
427 517
428 542
429 346
430 499
431 331
432 297
433 610
434 732
435 446
436 488
437 349
438 565
439 565
440 546
441 489
442 576
443 395
444 593
445 439
446 471
447 449
448 505
449 380
450 342
451 341
452 724
453 777
454 677
455 521
456 388
457 467
458 568
459 665
460 429
461 533
462 439
463 539
464 384
465 394
466 264
467 501
468 371
469 569
470 599
471 424
472 216
473 478
474 513
475 725
476 583
477 785
478 677
479 506
480 520
481 408
482 412
483 537
484 705
485 550
486 473
487 541
488 654
489 406
490 541
491 462
492 520
493 579
494 439
495 449
496 316
497 416
498 491
499 636
500 320

<precedence relations>
1,16
2,14
2,27
2,395
3,429
4,23
4,26
4,28
4,298
5,14
6,17
6,19
7,15
7,458
8,20
8,86
8,412
9,22
10,21
10,200
11,24
12,18
13,25
13,172
14,191
15,35
15,379
16,32
16,68
17,30
17,40
18,29
18,37
18,130
19,38
20,39
21,36
22,298
22,465
23,33
23,35
24,31
24,141
24,150
24,236
26,95
26,293
27,417
28,29
28,34
28,306
29,41
29,42
29,45
29,49
30,46
30,52
31,330
32,43
32,50
35,51
36,44
36,48
36,157
36,238
37,54
37,82
37,150
38,47
38,401
38,440
39,339
40,53
41,124
43,67
43,74
44,444
44,497
45,72
45,102
45,250
46,57
46,62
46,341
48,65
48,346
49,61
49,64
50,55
50,56
50,58
50,78
50,95
51,59
51,63
51,71
52,66
52,70
52,137
53,60
53,68
53,69
53,73
53,339
54,227
55,88
55,92
56,407
56,436
58,76
58,87
59,80
59,89
60,82
61,134
61,197
61,211
62,77
62,235
63,86
65,84
67,81
67,91
68,75
68,78
68,90
70,79
70,313
73,186
73,199
74,83
74,85
74,415
75,98
75,121
76,101
76,224
78,106
78,166
79,99
79,105
80,179
80,307
81,93
81,95
82,242
83,92
83,97
83,103
85,104
85,108
85,257
85,329
88,202
88,225
89,96
89,107
89,306
90,102
90,226
91,94
91,100
91,111
91,121
93,116
95,115
95,117
97,356
97,374
98,124
98,125
98,195
98,254
99,110
99,111
99,122
99,341
100,122
101,118
101,223
102,114
104,121
104,123
105,113
105,120
105,369
106,109
106,119
107,112
109,130
109,222
109,421
110,126
111,133
112,483
114,168
116,131
117,132
117,134
118,128
118,129
119,127
119,136
119,137
121,328
122,135
122,251
123,441
125,136
128,145
128,146
129,150
130,142
130,144
130,234
131,147
131,200
132,139
132,189
133,141
133,451
133,474
134,143
134,215
134,252
135,138
135,148
136,138
136,149
137,140
138,155
138,165
139,154
140,161
140,497
141,409
142,157
143,166
143,382
144,163
144,360
145,151
145,159
146,160
146,249
146,271
147,156
147,162
147,364
148,164
149,152
149,158
150,153
151,171
151,180
153,175
155,167
155,168
155,172
155,178
158,176
159,173
159,174
159,177
163,350
165,169
165,494
166,170
166,179
166,181
166,277
168,187
168,188
168,347
169,184
169,448
170,380
171,182
171,194
172,183
173,185
173,195
173,415
175,192
175,196
176,182
176,193
177,190
178,186
179,316
179,449
180,191
180,284
181,189
183,197
183,334
185,202
186,203
186,206
186,465
188,207
189,201
189,210
189,291
190,205
190,208
191,294
192,199
192,261
193,200
193,325
194,204
194,230
195,355
196,198
196,209
197,227
198,215
199,212
199,225
200,214
200,223
200,224
200,359
201,216
202,226
203,217
203,219
204,221
205,394
206,222
206,385
207,211
207,220
207,324
207,391
209,213
209,218
214,230
214,232
214,236
215,233
215,235
216,240
217,231
217,368
218,237
218,279
218,373
219,233
220,439
221,239
222,492
223,306
224,234
225,229
226,228
227,238
229,248
229,250
232,252
234,242
235,244
235,251
236,245
236,246
236,247
237,253
238,301
239,241
239,386
240,243
240,249
240,406
241,255
241,258
242,308
242,326
244,254
244,255
244,266
244,267
244,269
245,256
245,499
246,257
247,260
247,263
248,265
249,259
249,261
250,404
251,264
253,262
253,263
253,268
253,384
254,396
255,315
256,274
256,498
257,271
257,280
259,275
259,276
259,278
260,272
260,432
261,279
263,310
263,356
264,270
264,295
264,333
265,281
265,282
266,282
267,273
269,277
270,294
270,296
271,286
271,288
271,290
271,298
273,291
274,372
275,285
275,300
275,342
276,284
277,297
278,283
278,301
279,289
279,295
281,293
281,476
282,287
282,292
282,299
284,309
284,314
286,316
287,303
289,359
290,306
290,315
290,348
291,305
292,302
292,308
292,313
294,304
294,307
294,311
295,312
296,446
299,310
302,324
302,325
303,317
303,481
304,322
305,320
305,428
306,319
306,425
308,318
308,327
309,321
309,432
311,323
312,369
314,317
314,370
314,402
315,383
316,326
316,331
316,414
317,328
317,332
317,334
317,340
318,342
318,417
319,346
320,329
320,338
321,341
322,331
323,339
324,337
325,330
325,335
325,336
327,333
327,343
328,349
329,348
330,344
332,372
336,347
337,350
340,345
342,346
342,351
344,354
344,361
344,363
345,352
346,461
347,362
347,364
347,377
348,356
348,357
348,360
349,353
349,358
349,359
350,355
352,368
354,371
354,374
354,377
354,467
355,370
356,367
357,365
358,435
359,369
360,375
361,366
361,372
361,373
363,366
363,376
364,378
365,379
365,380
365,387
367,381
368,383
368,389
368,430
369,385
369,430
370,409
370,423
371,390
373,384
374,391
375,485
376,382
376,386
376,388
379,392
379,400
380,397
381,395
381,403
381,407
381,408
383,399
384,394
384,406
386,393
386,398
388,396
388,401
389,405
390,404
390,421
391,402
391,459
392,417
393,415
393,417
394,411
394,416
396,410
397,413
399,418
400,414
400,419
400,420
401,412
405,409
411,423
411,425
411,426
411,433
412,431
412,439
414,435
414,436
414,497
415,424
416,432
416,434
416,471
417,422
418,428
418,429
419,430
420,421
420,427
421,443
421,454
423,437
423,438
423,448
423,485
424,447
424,452
426,439
426,455
427,440
427,444
429,464
430,453
431,445
431,446
431,451
432,441
432,442
434,449
434,450
434,479
438,466
439,461
439,467
439,475
441,469
441,474
443,462
443,463
443,473
444,460
444,470
445,457
447,471
448,459
448,472
449,456
450,464
450,468
454,465
455,458
455,476
456,482
457,480
459,477
461,486
463,483
465,478
465,484
466,479
470,485
473,481
477,498
478,494
478,495
479,488
479,490
479,493
483,496
483,500
484,491
484,497
485,487
485,489
485,499
486,492

<end>
