<number of tasks>
500

<cycle time>
1000

<order strength>
0.596


<task times>
1 202
2 35
3 27
4 246
5 507
6 239
7 127
8 24
9 103
10 297
11 515
12 319
13 62
14 132
15 430
16 76
17 80
18 93
19 293
20 108
21 267
22 59
23 29
24 545
25 87
26 194
27 146
28 424
29 564
30 272
31 226
32 82
33 176
34 476
35 36
36 229
37 119
38 153
39 81
40 256
41 31
42 196
43 181
44 81
45 523
46 177
47 71
48 532
49 418
50 53
51 136
52 263
53 351
54 177
55 136
56 97
57 117
58 493
59 181
60 449
61 71
62 159
63 30
64 243
65 191
66 505
67 146
68 28
69 198
70 79
71 50
72 217
73 497
74 88
75 221
76 105
77 497
78 139
79 524
80 179
81 215
82 229
83 155
84 80
85 236
86 221
87 98
88 298
89 323
90 161
91 258
92 473
93 356
94 249
95 140
96 251
97 58
98 84
99 537
100 264
101 68
102 113
103 165
104 191
105 489
106 155
107 492
108 83
109 187
110 510
111 108
112 289
113 106
114 125
115 393
116 208
117 127
118 559
119 85
120 251
121 479
122 409
123 59
124 44
125 199
126 227
127 101
128 75
129 182
130 371
131 78
132 327
133 206
134 398
135 482
136 441
137 35
138 198
139 177
140 520
141 49
142 117
143 564
144 233
145 236
146 263
147 136
148 555
149 392
150 528
151 99
152 184
153 506
154 78
155 436
156 244
157 42
158 68
159 206
160 474
161 56
162 221
163 206
164 212
165 157
166 32
167 246
168 332
169 170
170 522
171 112
172 470
173 284
174 123
175 492
176 104
177 174
178 109
179 418
180 33
181 96
182 153
183 102
184 50
185 61
186 189
187 239
188 345
189 98
190 218
191 150
192 154
193 537
194 39
195 212
196 58
197 123
198 467
199 350
200 139
201 291
202 81
203 318
204 238
205 117
206 70
207 107
208 552
209 221
210 488
211 171
212 222
213 139
214 374
215 109
216 435
217 502
218 152
219 209
220 92
221 474
222 56
223 222
224 302
225 111
226 137
227 456
228 163
229 100
230 112
231 96
232 235
233 159
234 63
235 125
236 231
237 326
238 27
239 25
240 111
241 481
242 461
243 346
244 449
245 67
246 142
247 110
248 46
249 488
250 128
251 79
252 433
253 111
254 369
255 325
256 177
257 42
258 86
259 309
260 300
261 165
262 53
263 155
264 35
265 453
266 483
267 320
268 81
269 104
270 76
271 96
272 321
273 97
274 157
275 155
276 452
277 100
278 271
279 25
280 233
281 105
282 133
283 135
284 436
285 177
286 308
287 543
288 103
289 371
290 192
291 471
292 368
293 192
294 99
295 68
296 252
297 480
298 60
299 467
300 23
301 179
302 236
303 33
304 260
305 94
306 76
307 220
308 304
309 168
310 520
311 61
312 100
313 298
314 459
315 265
316 119
317 147
318 290
319 182
320 354
321 529
322 534
323 33
324 135
325 68
326 206
327 516
328 213
329 213
330 230
331 623
332 134
333 227
334 138
335 120
336 178
337 170
338 235
339 89
340 170
341 558
342 33
343 206
344 218
345 350
346 595
347 272
348 192
349 505
350 45
351 286
352 414
353 465
354 153
355 38
356 489
357 465
358 530
359 241
360 44
361 41
362 191
363 559
364 243
365 435
366 54
367 225
368 90
369 55
370 163
371 88
372 39
373 546
374 103
375 132
376 351
377 80
378 173
379 230
380 174
381 39
382 536
383 78
384 555
385 421
386 216
387 145
388 310
389 73
390 268
391 238
392 495
393 103
394 210
395 561
396 348
397 306
398 62
399 356
400 65
401 196
402 53
403 80
404 184
405 140
406 82
407 489
408 415
409 261
410 128
411 56
412 137
413 435
414 527
415 167
416 451
417 221
418 350
419 102
420 252
421 36
422 299
423 484
424 178
425 175
426 194
427 34
428 127
429 142
430 233
431 538
432 100
433 29
434 118
435 481
436 179
437 562
438 278
439 331
440 527
441 238
442 261
443 141
444 527
445 29
446 234
447 50
448 506
449 232
450 86
451 266
452 504
453 509
454 387
455 248
456 77
457 35
458 25
459 497
460 135
461 193
462 478
463 207
464 232
465 387
466 162
467 212
468 180
469 134
470 242
471 159
472 137
473 212
474 417
475 196
476 92
477 455
478 152
479 152
480 525
481 550
482 106
483 538
484 192
485 408
486 153
487 43
488 270
489 301
490 600
491 191
492 216
493 347
494 349
495 57
496 172
497 39
498 210
499 530
500 291

<precedence relations>
1,12
1,22
1,24
2,14
2,15
3,12
4,19
4,53
4,72
4,84
5,12
5,13
5,17
5,21
5,23
6,432
7,84
7,220
7,228
8,16
8,18
9,12
10,12
10,35
11,12
11,13
11,20
11,71
12,39
13,27
14,34
15,25
16,29
17,25
17,26
17,27
17,28
17,29
17,33
17,36
18,25
19,35
19,54
19,182
20,25
20,32
20,37
21,25
21,26
21,95
22,25
22,26
22,31
23,26
23,30
23,99
23,107
23,144
24,28
24,35
25,43
25,46
26,38
26,41
27,38
27,39
27,47
28,45
28,50
29,39
30,41
30,42
31,43
32,331
32,413
32,480
33,44
34,38
34,39
35,327
36,38
36,40
37,38
37,39
37,62
38,48
38,77
38,102
39,50
39,54
40,52
40,134
41,56
41,101
42,51
42,77
43,48
43,57
44,48
44,50
44,55
45,48
45,53
46,56
47,48
47,49
47,58
48,59
48,265
48,292
48,336
49,62
50,61
50,64
50,65
50,104
51,59
51,152
51,427
52,179
52,201
53,63
54,64
54,181
54,225
54,253
55,60
55,138
55,142
56,81
56,178
57,59
57,60
57,61
57,142
58,59
58,253
58,307
59,259
59,477
59,484
60,68
61,66
61,67
61,69
62,101
62,106
62,144
63,66
63,67
63,70
63,71
63,73
63,74
64,177
65,72
65,85
66,75
66,76
67,75
68,75
68,80
68,82
68,84
68,132
69,456
70,78
71,75
71,77
71,81
71,83
71,85
72,75
72,80
72,97
72,103
73,184
74,79
74,120
75,86
75,87
75,88
75,89
76,86
76,96
77,115
78,86
78,87
78,89
78,92
78,97
79,90
79,91
79,122
80,86
80,94
80,98
81,88
81,198
81,275
82,129
83,90
83,95
83,144
84,86
84,294
85,93
85,143
86,363
86,456
87,161
87,174
88,102
88,209
89,101
90,99
91,99
91,100
91,101
91,131
92,104
92,132
93,100
93,105
93,106
93,119
94,272
94,285
94,332
94,396
95,99
95,103
96,99
96,100
96,122
98,466
99,110
100,107
100,233
101,113
102,120
103,112
103,115
104,107
104,108
104,109
104,114
104,116
104,123
105,107
105,108
105,111
105,112
105,122
106,107
106,408
107,345
107,373
108,166
108,186
108,296
109,122
110,119
111,165
111,171
112,118
113,117
113,123
113,145
114,117
114,118
114,120
115,117
115,118
115,121
115,145
116,135
117,126
117,130
117,135
117,136
118,124
118,125
118,127
118,131
118,174
119,124
119,132
119,136
120,133
120,186
120,336
121,125
121,174
122,124
122,125
122,126
122,128
122,129
122,140
123,134
124,137
124,138
125,137
126,137
126,139
127,170
128,137
128,145
129,144
129,146
130,137
130,141
130,152
130,174
131,142
131,309
131,407
132,140
132,234
133,181
134,146
135,137
135,143
136,146
136,147
137,148
138,180
138,280
139,148
140,217
141,148
142,237
142,261
142,481
143,461
144,194
145,228
145,234
145,347
146,148
147,148
147,149
148,151
148,154
148,158
148,159
148,160
148,162
149,150
149,152
149,153
149,155
149,156
149,157
149,161
150,162
150,167
151,165
151,169
152,301
153,163
153,234
153,291
154,240
155,467
156,162
157,162
157,168
157,171
157,173
157,174
157,208
157,297
157,298
158,166
158,235
159,317
159,326
160,170
160,173
161,162
161,164
161,172
162,176
162,179
162,180
162,242
162,260
163,278
164,175
164,176
164,181
164,288
164,321
165,177
165,178
166,177
166,243
167,177
167,193
169,334
170,181
171,279
171,320
172,175
172,176
172,177
172,265
173,175
173,324
174,279
175,191
176,302
176,312
177,192
177,195
177,289
177,293
178,183
178,188
178,194
178,218
179,182
179,187
180,185
180,186
180,212
181,184
181,189
181,190
181,193
181,200
182,241
183,198
183,199
184,196
184,197
184,339
185,393
185,415
186,318
186,417
187,197
187,254
188,201
190,340
191,200
192,286
192,315
192,325
193,196
194,196
194,202
194,203
195,264
195,275
196,204
196,205
196,268
196,345
197,207
197,213
197,406
198,207
198,367
199,209
199,314
200,211
201,204
201,275
202,206
202,210
202,234
203,208
203,212
204,214
205,215
205,221
206,285
206,301
206,361
206,381
207,459
208,219
208,222
208,229
209,214
209,217
209,291
210,216
210,258
210,300
210,362
211,214
211,218
211,220
211,310
212,233
212,281
213,408
213,414
214,231
215,224
215,226
217,233
218,230
219,225
220,223
220,224
220,231
220,299
220,374
221,223
221,228
221,229
221,307
222,223
222,224
222,227
222,232
223,479
224,234
225,269
225,380
226,234
226,237
226,243
226,244
227,242
227,263
227,307
228,238
228,331
229,241
230,235
230,236
230,241
231,292
232,239
232,293
233,240
233,241
234,353
234,388
235,252
235,258
235,319
236,256
236,493
237,249
237,333
238,250
238,254
238,257
239,245
239,255
240,247
240,253
241,296
242,246
242,251
243,248
244,388
245,261
245,272
245,354
246,268
246,454
247,261
247,264
248,265
249,259
249,266
249,494
250,260
250,281
251,262
251,267
251,269
251,309
251,314
252,263
252,284
253,415
254,313
254,318
255,259
255,270
255,271
256,259
256,436
257,349
258,363
258,389
258,483
259,432
260,367
260,404
262,310
263,277
264,276
265,278
265,328
265,343
265,349
267,275
267,279
268,279
268,280
268,318
269,273
269,285
269,290
270,305
270,429
271,304
272,274
272,413
272,492
273,281
274,284
274,326
274,367
274,402
274,478
275,282
275,287
275,300
275,353
276,285
276,288
276,290
276,312
277,281
277,289
277,291
278,283
278,286
278,323
279,395
281,296
281,342
282,357
283,293
283,297
283,302
283,402
283,430
283,431
284,467
285,294
285,300
285,318
285,328
286,298
286,320
286,331
287,292
287,299
287,301
287,303
288,295
288,304
288,336
289,479
290,303
290,354
291,342
292,304
292,380
293,381
293,497
294,397
295,346
295,436
296,401
296,476
297,361
298,307
299,304
300,399
300,450
301,306
301,411
302,341
302,465
303,305
303,308
303,352
304,311
304,313
305,315
305,316
306,310
306,312
307,309
307,310
307,314
308,341
309,383
310,319
310,416
311,317
311,318
311,329
312,324
312,325
313,320
313,323
314,322
314,326
315,317
315,321
315,366
315,474
316,374
317,328
317,338
318,340
318,486
319,362
320,329
320,333
320,369
322,330
322,337
324,327
324,331
324,332
324,339
325,335
325,336
326,334
327,362
327,383
327,387
328,392
329,342
330,346
330,400
331,465
332,343
332,368
333,340
334,341
335,343
335,395
336,372
337,344
337,446
337,493
339,345
339,392
339,434
340,351
341,386
341,439
342,348
342,350
342,375
342,390
343,356
343,386
343,423
344,353
344,354
344,355
344,367
344,368
344,492
345,349
346,347
346,352
347,361
347,366
348,359
348,360
348,364
348,365
348,370
348,395
349,362
350,357
350,368
351,363
352,358
352,363
352,367
352,434
353,381
353,417
353,426
354,369
354,392
354,398
355,427
357,371
357,416
357,449
359,379
359,381
359,463
360,372
361,375
361,380
361,384
361,473
362,374
362,432
363,466
364,373
364,377
364,378
365,376
366,381
368,393
369,440
369,463
370,391
371,384
371,441
372,385
372,389
373,386
373,387
374,406
375,382
375,388
376,383
377,382
378,404
379,432
380,390
382,453
383,393
383,436
383,448
385,394
385,397
385,399
386,392
386,418
387,425
388,395
388,398
390,391
390,396
390,412
390,495
391,439
392,400
393,402
394,407
394,409
395,406
397,408
398,401
398,403
398,405
398,466
399,404
401,414
401,499
402,412
403,411
404,410
406,415
407,470
408,413
409,412
410,416
411,423
412,417
412,433
412,481
413,418
413,420
413,422
414,419
414,421
415,457
416,426
416,430
416,431
417,424
418,425
418,428
420,456
421,427
421,456
422,500
423,429
424,435
424,439
424,440
424,466
424,471
426,436
427,450
427,455
427,478
428,432
428,433
428,445
429,438
430,434
431,437
431,441
432,450
433,444
433,451
434,448
435,449
435,482
436,442
436,443
436,447
437,488
439,450
441,445
441,446
441,451
442,456
443,453
444,457
447,497
448,452
448,454
451,455
451,457
451,459
452,460
452,462
452,468
453,459
454,461
454,463
454,466
455,458
455,467
455,485
456,465
457,464
457,474
458,475
459,477
460,481
461,469
461,470
461,479
462,472
462,478
462,492
463,480
466,476
466,490
467,471
468,473
468,474
469,485
469,488
473,484
473,487
474,483
476,482
480,486
481,497
482,489
483,498
484,499
485,496
485,500
486,491
486,494
486,495
487,489
487,490
487,493
488,492
488,497

<end>
