<number of tasks>
500

<cycle time>
1000

<order strength>
0.596


<task times>
1 67
2 406
3 269
4 223
5 148
6 434
7 182
8 138
9 89
10 509
11 486
12 123
13 333
14 493
15 267
16 368
17 213
18 71
19 523
20 63
21 476
22 109
23 176
24 247
25 40
26 29
27 136
28 397
29 80
30 307
31 77
32 34
33 486
34 148
35 165
36 469
37 126
38 121
39 63
40 481
41 100
42 52
43 265
44 550
45 420
46 306
47 116
48 152
49 169
50 120
51 85
52 332
53 98
54 116
55 290
56 135
57 513
58 207
59 502
60 229
61 534
62 93
63 24
64 484
65 513
66 91
67 104
68 292
69 91
70 380
71 60
72 305
73 332
74 121
75 315
76 119
77 116
78 514
79 403
80 278
81 242
82 127
83 286
84 93
85 347
86 24
87 270
88 69
89 182
90 34
91 167
92 123
93 114
94 46
95 58
96 190
97 387
98 134
99 81
100 155
101 68
102 286
103 69
104 150
105 148
106 100
107 312
108 81
109 523
110 94
111 68
112 118
113 111
114 561
115 197
116 490
117 116
118 339
119 178
120 126
121 444
122 267
123 387
124 163
125 190
126 84
127 71
128 81
129 573
130 108
131 107
132 529
133 33
134 139
135 153
136 53
137 300
138 255
139 114
140 229
141 51
142 507
143 77
144 64
145 85
146 104
147 131
148 152
149 275
150 269
151 118
152 77
153 51
154 178
155 31
156 49
157 562
158 343
159 216
160 49
161 399
162 271
163 250
164 39
165 138
166 168
167 97
168 108
169 182
170 465
171 200
172 232
173 387
174 147
175 196
176 426
177 326
178 378
179 208
180 450
181 481
182 89
183 229
184 494
185 84
186 110
187 83
188 59
189 216
190 241
191 158
192 250
193 102
194 228
195 28
196 245
197 141
198 281
199 440
200 218
201 429
202 77
203 235
204 448
205 138
206 420
207 91
208 83
209 495
210 484
211 194
212 138
213 116
214 212
215 400
216 55
217 196
218 62
219 39
220 91
221 148
222 141
223 69
224 140
225 447
226 30
227 194
228 74
229 44
230 150
231 64
232 538
233 47
234 74
235 39
236 115
237 399
238 130
239 509
240 490
241 176
242 337
243 39
244 75
245 166
246 68
247 46
248 83
249 240
250 580
251 157
252 46
253 241
254 555
255 511
256 278
257 238
258 295
259 21
260 285
261 501
262 25
263 68
264 159
265 286
266 123
267 193
268 595
269 61
270 75
271 133
272 20
273 515
274 101
275 205
276 270
277 465
278 26
279 520
280 129
281 550
282 241
283 351
284 42
285 215
286 539
287 260
288 80
289 150
290 379
291 377
292 132
293 111
294 255
295 129
296 504
297 30
298 195
299 446
300 206
301 146
302 67
303 253
304 261
305 404
306 70
307 121
308 22
309 108
310 204
311 118
312 218
313 347
314 75
315 84
316 36
317 59
318 197
319 61
320 133
321 67
322 578
323 128
324 117
325 79
326 94
327 33
328 311
329 128
330 482
331 130
332 136
333 105
334 25
335 182
336 75
337 192
338 526
339 59
340 39
341 407
342 129
343 205
344 138
345 78
346 484
347 164
348 158
349 162
350 328
351 302
352 412
353 189
354 477
355 138
356 135
357 269
358 131
359 72
360 133
361 176
362 57
363 531
364 161
365 185
366 246
367 181
368 36
369 295
370 218
371 433
372 229
373 109
374 417
375 231
376 287
377 323
378 90
379 71
380 194
381 98
382 284
383 54
384 238
385 87
386 194
387 38
388 194
389 269
390 178
391 107
392 458
393 435
394 32
395 347
396 259
397 195
398 183
399 440
400 123
401 133
402 277
403 239
404 244
405 587
406 126
407 279
408 76
409 85
410 289
411 165
412 277
413 123
414 99
415 162
416 118
417 72
418 57
419 612
420 573
421 257
422 87
423 132
424 619
425 198
426 58
427 456
428 348
429 476
430 468
431 282
432 151
433 256
434 220
435 125
436 438
437 319
438 153
439 24
440 189
441 98
442 176
443 458
444 194
445 58
446 141
447 193
448 59
449 263
450 225
451 116
452 172
453 295
454 63
455 205
456 113
457 299
458 271
459 284
460 129
461 423
462 257
463 476
464 396
465 171
466 239
467 108
468 107
469 148
470 486
471 240
472 75
473 124
474 60
475 396
476 196
477 551
478 67
479 73
480 160
481 138
482 118
483 316
484 531
485 461
486 423
487 195
488 193
489 89
490 163
491 179
492 74
493 220
494 217
495 143
496 281
497 197
498 239
499 239
500 98

<precedence relations>
1,36
2,194
2,290
3,8
3,11
4,8
4,22
4,193
5,12
5,85
6,8
6,9
6,10
6,11
7,10
7,15
8,17
8,19
8,179
9,13
9,14
9,23
10,16
10,20
10,26
11,13
11,14
11,15
11,18
11,22
11,90
12,13
12,14
12,15
12,16
12,17
12,21
13,24
13,25
13,27
13,58
14,24
14,25
14,26
14,28
14,54
15,24
15,104
15,116
16,37
17,128
17,255
18,300
18,373
19,31
20,32
21,24
21,25
21,26
21,30
22,28
23,29
24,38
25,35
25,39
25,152
26,40
27,37
27,120
28,33
29,41
29,42
30,33
30,34
30,117
30,179
31,33
32,33
32,36
32,162
33,46
34,43
34,44
34,45
34,46
34,173
35,49
35,124
36,43
36,247
37,48
37,79
38,43
38,437
39,315
39,335
39,378
40,50
40,103
41,43
41,44
41,45
41,47
41,51
41,57
42,88
42,172
43,269
43,433
44,53
44,56
44,63
44,65
45,204
45,332
45,334
45,364
46,52
46,58
46,83
46,146
46,205
47,89
48,52
48,55
48,57
49,52
49,53
50,59
50,60
50,64
51,54
51,61
51,62
52,74
53,66
53,174
53,182
53,199
54,67
55,71
56,66
56,287
56,383
57,199
58,68
58,201
59,66
59,160
59,208
60,70
60,121
60,132
60,174
61,72
62,226
63,322
63,397
64,69
64,118
64,257
65,66
65,73
66,75
67,76
67,77
67,78
67,79
67,81
67,82
67,114
68,228
68,290
69,83
69,169
69,182
69,260
70,75
70,76
70,145
71,75
71,76
71,118
72,75
72,76
72,85
72,160
72,162
73,208
74,80
74,84
75,86
75,251
76,113
77,86
77,94
77,95
77,96
77,98
78,86
78,92
79,97
79,142
80,86
80,191
80,249
81,110
82,86
82,87
82,88
82,89
82,91
83,214
84,93
84,154
85,86
85,88
85,90
86,289
86,290
87,105
87,210
88,104
88,139
89,99
89,101
89,107
89,117
89,140
90,99
90,100
90,101
90,173
90,193
91,146
92,99
92,108
93,100
93,164
94,102
95,281
96,103
96,416
97,106
97,162
98,99
99,137
100,110
100,114
101,111
102,162
102,252
103,224
103,387
104,212
105,112
105,181
105,209
106,109
106,173
107,109
107,113
107,173
108,109
109,115
109,121
109,122
109,124
109,125
110,123
110,174
110,210
111,118
111,120
111,260
111,403
112,116
112,117
112,119
112,216
112,218
113,139
114,310
114,312
114,384
115,227
115,434
116,129
116,134
119,127
119,131
120,350
120,389
120,448
121,254
122,128
123,126
123,132
123,216
124,130
124,133
125,135
126,135
126,137
126,138
126,170
127,136
127,142
127,172
128,141
129,140
130,143
130,195
130,285
130,287
131,275
132,189
132,307
133,135
133,139
134,396
134,449
135,145
135,153
136,144
136,225
137,144
137,163
137,250
138,144
138,218
139,144
139,148
139,149
139,150
140,151
140,161
140,207
141,144
141,146
141,147
142,144
142,152
143,154
143,220
143,267
143,319
144,157
145,156
145,304
146,155
146,156
146,160
146,163
147,155
147,385
147,403
148,305
149,158
149,159
150,164
150,216
151,202
152,162
153,161
154,203
155,421
155,461
156,167
156,169
156,176
156,307
157,165
157,171
157,260
158,165
158,166
158,175
159,168
159,170
160,174
161,165
162,173
162,194
163,165
163,166
163,168
163,172
164,165
165,182
165,183
166,184
167,177
167,191
168,178
168,180
169,201
169,219
170,177
171,178
171,215
172,177
172,178
172,234
173,177
173,223
174,354
175,179
175,185
176,177
176,181
177,187
177,208
178,196
178,200
179,197
179,199
179,219
180,194
180,290
181,195
181,311
182,186
182,190
182,236
182,262
183,189
183,191
183,198
184,188
184,190
184,192
185,187
185,193
186,204
187,253
187,323
187,354
188,209
189,201
189,203
190,494
191,235
191,370
192,207
192,214
193,205
193,210
194,202
194,212
194,240
195,240
195,356
196,213
196,241
197,224
197,455
198,206
199,201
199,208
199,220
200,292
201,214
201,261
202,215
203,211
203,219
203,224
204,217
204,300
205,216
206,213
206,263
207,220
207,245
208,211
208,212
208,213
209,218
209,245
210,299
210,318
210,334
210,373
211,230
211,251
212,277
212,350
213,274
213,319
214,222
215,227
215,228
216,221
216,222
216,223
216,225
216,256
217,338
218,423
219,226
219,229
220,221
220,223
220,224
221,232
221,240
221,338
222,235
222,292
222,414
223,234
223,238
223,263
224,404
225,231
225,237
226,239
227,265
228,236
228,241
228,242
228,288
229,282
230,233
230,355
230,394
231,250
232,332
233,246
233,269
234,375
234,471
235,259
235,341
236,244
236,249
236,275
237,248
237,251
237,265
237,350
237,392
237,409
237,431
238,243
238,329
239,245
239,252
239,254
240,243
240,244
240,249
240,253
240,333
241,266
241,314
242,247
242,254
242,314
243,260
244,259
244,346
245,261
246,280
247,256
247,257
247,308
247,334
248,366
248,476
248,486
249,258
249,278
249,368
250,255
250,262
250,280
252,264
252,265
252,308
253,276
254,263
256,426
257,345
258,400
258,449
259,348
260,320
260,480
261,288
262,267
262,270
263,266
263,269
264,268
265,362
266,272
266,281
267,273
267,276
267,277
267,278
267,279
268,271
268,274
268,280
269,312
270,271
270,275
271,288
272,286
272,340
273,284
273,353
273,402
274,327
274,388
275,282
275,285
275,287
275,352
275,395
276,433
277,283
277,322
277,327
277,362
278,345
279,335
280,289
280,309
280,311
281,289
281,370
281,437
282,293
283,378
284,290
284,392
285,300
286,294
286,296
286,300
286,315
287,291
287,295
287,296
287,299
288,297
288,356
289,292
289,298
289,390
290,317
290,422
291,304
292,301
292,303
292,446
293,381
294,302
294,309
294,310
294,370
295,301
295,307
297,305
297,326
298,306
298,351
300,308
300,311
300,337
301,315
302,312
302,320
302,423
303,312
303,396
304,312
304,316
304,318
305,314
305,317
305,328
305,333
306,316
306,321
306,391
307,319
307,341
307,421
308,433
309,328
310,313
310,331
311,318
312,324
312,326
313,328
314,323
314,325
314,370
315,322
316,471
317,327
318,324
322,333
322,339
323,331
323,332
324,335
325,458
326,334
327,330
328,329
328,349
329,345
329,346
329,358
330,337
330,340
330,342
330,429
331,338
331,339
331,348
332,341
332,347
332,349
332,388
332,420
333,454
334,417
335,336
335,343
335,344
336,356
336,358
337,354
338,355
340,354
341,463
342,359
342,398
342,484
345,357
345,363
346,352
347,426
348,351
349,350
349,353
349,412
349,477
349,484
351,363
351,369
351,386
351,402
352,364
352,367
353,428
353,439
354,368
354,370
355,415
355,483
356,374
357,360
357,361
357,366
358,362
358,365
358,371
358,409
358,417
359,432
360,373
360,421
361,377
362,375
363,375
363,378
363,379
363,440
364,372
364,381
365,374
365,421
366,448
366,457
367,396
368,376
368,382
368,393
368,418
368,434
369,372
369,380
370,379
371,374
371,436
372,387
372,453
373,383
373,393
374,385
374,392
375,491
376,384
376,386
376,389
376,448
376,497
377,390
378,418
380,401
381,383
381,388
382,391
382,394
382,431
382,477
383,398
383,399
383,403
383,426
384,471
385,400
385,402
385,420
388,401
388,435
389,461
390,395
392,404
393,396
393,397
393,399
393,407
393,497
394,427
395,413
396,406
396,470
397,414
398,408
401,434
401,456
401,476
402,405
402,407
403,409
403,410
404,411
404,412
408,430
409,419
409,420
412,418
413,421
413,482
413,486
414,415
414,416
414,417
415,425
415,426
415,468
416,423
416,424
417,424
417,428
418,427
419,450
420,429
421,422
422,496
423,433
423,435
423,437
424,431
424,447
424,461
425,430
425,436
425,481
427,432
428,430
429,434
429,445
430,442
432,438
432,443
433,440
433,446
433,456
434,440
434,441
434,444
434,453
435,441
435,467
436,439
437,445
438,450
440,448
441,455
441,466
441,482
443,447
443,451
443,454
444,449
445,452
445,453
447,465
448,465
449,461
449,463
450,456
450,458
450,462
450,464
451,487
452,462
452,466
453,460
453,467
454,459
455,457
456,473
456,490
459,472
462,471
462,476
464,468
464,475
464,487
465,469
466,470
466,474
466,488
468,478
468,480
468,495
471,481
471,485
471,487
472,482
472,489
473,486
474,477
474,484
474,485
475,479
475,481
475,498
476,483
476,488
479,497
479,499
479,500
480,491
480,493
480,496
482,493
486,492
486,495
487,490
488,494
488,498

<end>
