<number of tasks>
500

<cycle time>
1000

<order strength>
0.195


<task times>
1 602
2 763
3 508
4 327
5 600
6 542
7 379
8 492
9 314
10 435
11 644
12 480
13 531
14 306
15 665
16 446
17 463
18 403
19 375
20 436
21 587
22 440
23 473
24 523
25 531
26 566
27 437
28 343
29 364
30 564
31 452
32 514
33 718
34 737
35 359
36 466
37 717
38 547
39 460
40 719
41 404
42 399
43 421
44 419
45 425
46 579
47 525
48 442
49 565
50 616
51 519
52 465
53 442
54 559
55 630
56 485
57 558
58 361
59 320
60 663
61 345
62 409
63 450
64 408
65 140
66 331
67 613
68 551
69 379
70 238
71 574
72 714
73 589
74 246
75 615
76 202
77 211
78 559
79 264
80 489
81 528
82 434
83 381
84 745
85 387
86 476
87 460
88 545
89 479
90 398
91 474
92 537
93 548
94 528
95 504
96 625
97 410
98 614
99 539
100 490
101 745
102 447
103 811
104 417
105 436
106 589
107 227
108 533
109 529
110 560
111 526
112 629
113 521
114 515
115 576
116 504
117 720
118 640
119 374
120 455
121 642
122 464
123 418
124 524
125 641
126 637
127 583
128 412
129 617
130 418
131 538
132 766
133 597
134 607
135 315
136 516
137 532
138 503
139 627
140 427
141 553
142 456
143 587
144 581
145 538
146 520
147 421
148 443
149 504
150 405
151 639
152 440
153 389
154 480
155 384
156 383
157 709
158 314
159 629
160 580
161 590
162 777
163 494
164 607
165 546
166 480
167 422
168 344
169 460
170 406
171 525
172 541
173 374
174 605
175 542
176 588
177 452
178 438
179 466
180 564
181 562
182 487
183 509
184 577
185 486
186 516
187 613
188 750
189 421
190 659
191 387
192 299
193 358
194 618
195 678
196 641
197 525
198 619
199 268
200 527
201 525
202 471
203 214
204 476
205 553
206 518
207 406
208 485
209 531
210 335
211 653
212 562
213 617
214 332
215 429
216 441
217 525
218 408
219 417
220 602
221 442
222 383
223 479
224 508
225 612
226 283
227 583
228 692
229 449
230 816
231 541
232 654
233 266
234 426
235 420
236 499
237 474
238 394
239 472
240 646
241 456
242 439
243 411
244 392
245 443
246 612
247 366
248 427
249 495
250 338
251 405
252 532
253 565
254 659
255 519
256 479
257 363
258 547
259 454
260 480
261 314
262 453
263 463
264 367
265 380
266 364
267 510
268 289
269 620
270 460
271 667
272 451
273 453
274 440
275 602
276 478
277 372
278 369
279 566
280 505
281 443
282 391
283 505
284 235
285 371
286 619
287 484
288 485
289 566
290 746
291 527
292 716
293 513
294 521
295 543
296 509
297 553
298 360
299 429
300 562
301 564
302 611
303 339
304 454
305 565
306 578
307 269
308 461
309 419
310 516
311 466
312 637
313 535
314 499
315 572
316 401
317 521
318 724
319 562
320 553
321 370
322 341
323 588
324 729
325 452
326 303
327 368
328 523
329 649
330 506
331 504
332 622
333 493
334 518
335 465
336 517
337 472
338 696
339 355
340 497
341 512
342 378
343 529
344 561
345 506
346 461
347 424
348 567
349 547
350 597
351 396
352 587
353 725
354 362
355 599
356 205
357 508
358 600
359 391
360 675
361 581
362 483
363 556
364 405
365 458
366 660
367 551
368 519
369 641
370 543
371 380
372 489
373 588
374 582
375 479
376 372
377 620
378 576
379 586
380 462
381 448
382 498
383 452
384 508
385 372
386 213
387 520
388 439
389 676
390 441
391 433
392 637
393 456
394 458
395 514
396 458
397 607
398 494
399 517
400 571
401 223
402 447
403 478
404 501
405 533
406 423
407 329
408 437
409 411
410 640
411 668
412 574
413 573
414 393
415 582
416 431
417 567
418 536
419 427
420 533
421 656
422 778
423 686
424 546
425 715
426 451
427 587
428 567
429 617
430 590
431 277
432 421
433 711
434 478
435 381
436 568
437 819
438 582
439 478
440 419
441 370
442 460
443 531
444 473
445 532
446 495
447 586
448 393
449 440
450 358
451 561
452 438
453 446
454 450
455 401
456 477
457 377
458 459
459 431
460 583
461 555
462 504
463 624
464 578
465 416
466 646
467 722
468 596
469 307
470 562
471 350
472 340
473 566
474 436
475 506
476 337
477 315
478 347
479 621
480 427
481 567
482 605
483 623
484 615
485 820
486 643
487 466
488 531
489 637
490 575
491 537
492 127
493 525
494 494
495 634
496 578
497 476
498 565
499 451
500 387

<precedence relations>
1,296
2,351
3,26
3,28
3,159
5,18
5,20
5,25
5,29
5,302
5,436
7,432
8,30
8,437
8,487
10,282
12,17
12,19
12,21
12,23
12,27
12,186
14,69
15,22
15,24
16,40
18,35
18,42
18,270
18,317
18,388
19,99
20,44
20,118
21,32
21,39
22,180
23,31
23,34
23,38
24,37
24,134
26,40
26,43
26,45
26,46
27,33
27,120
28,36
29,41
29,274
30,302
30,313
31,55
31,173
32,83
33,51
33,59
33,70
34,270
34,453
35,355
35,478
37,50
37,56
37,61
38,54
39,60
40,57
40,71
40,186
42,140
42,296
42,325
43,49
43,53
43,58
43,270
44,338
45,100
46,47
46,48
46,52
47,67
47,250
47,258
48,65
48,71
48,72
48,329
49,290
50,63
50,114
51,64
52,225
53,94
54,63
54,292
55,70
55,92
55,316
56,69
56,73
57,62
57,280
58,66
58,200
58,240
59,161
59,268
60,62
60,152
61,68
61,74
61,253
62,233
62,362
63,81
63,92
63,393
64,76
65,86
65,87
65,89
65,267
66,141
67,78
67,84
67,140
67,198
68,85
68,91
68,320
69,77
69,82
69,83
69,90
69,163
69,331
70,79
70,438
70,459
71,75
71,88
71,128
71,283
72,229
72,357
73,80
73,93
73,411
74,150
75,99
76,98
77,108
78,102
78,476
79,329
81,381
82,97
82,101
82,443
83,100
84,95
84,96
84,104
86,500
87,100
87,105
88,105
89,94
90,224
91,448
92,166
93,103
93,224
94,107
94,108
94,117
94,339
94,378
95,106
95,365
96,118
96,192
96,324
97,106
97,172
97,210
97,313
97,380
98,115
100,111
100,116
100,394
101,245
102,110
102,112
103,109
103,113
103,191
104,192
105,114
105,164
106,122
107,125
107,132
108,120
108,133
108,251
109,124
110,121
110,123
110,127
110,134
111,284
111,333
111,477
113,317
114,130
114,172
115,119
115,128
115,129
116,126
117,131
118,194
119,146
119,150
120,143
120,149
121,155
121,357
122,144
122,289
123,148
124,139
124,396
126,138
126,141
127,142
127,145
127,360
128,136
128,140
128,252
128,485
128,495
129,135
129,137
129,147
130,237
130,452
130,476
132,200
132,372
132,449
135,159
135,161
135,165
135,169
137,167
138,153
138,160
138,318
139,156
140,163
141,158
141,160
142,154
142,155
142,302
143,283
144,162
146,157
147,168
148,151
149,152
149,166
150,164
150,366
153,183
154,428
155,178
155,186
156,179
156,211
156,247
157,184
158,175
160,170
160,172
160,177
161,172
161,173
161,176
162,171
162,182
162,382
164,185
165,180
166,180
167,181
168,174
169,291
170,197
171,189
172,348
173,190
173,191
173,199
174,194
177,188
178,210
179,200
179,372
180,195
180,196
180,240
181,198
183,187
183,192
183,193
183,360
188,203
188,209
188,212
188,214
189,378
189,464
190,206
190,208
191,211
191,240
191,348
192,201
192,205
192,207
192,210
192,345
193,202
193,437
196,325
196,417
197,295
198,202
198,204
199,213
199,242
199,244
199,245
199,320
199,477
201,219
201,222
202,406
202,454
203,218
203,223
203,228
203,260
204,215
204,226
204,229
205,237
206,217
206,285
207,230
207,261
207,425
208,216
208,219
209,220
210,221
211,253
212,225
212,227
214,224
214,242
216,233
217,236
217,344
219,231
219,232
219,234
219,240
220,284
220,288
220,486
223,234
223,239
224,337
227,476
228,238
229,235
229,237
232,246
232,247
232,251
232,257
234,242
234,381
235,245
235,255
235,419
236,249
237,252
237,254
237,474
238,243
238,244
238,250
239,241
239,247
240,248
240,253
240,256
240,470
241,258
241,271
241,459
242,261
242,392
244,272
245,263
245,267
245,269
246,260
246,264
246,265
246,275
247,342
248,261
249,259
250,273
250,294
251,310
253,274
253,276
253,277
254,270
255,262
255,268
255,284
256,395
257,266
257,373
258,489
259,282
259,293
259,296
260,279
260,292
261,288
262,283
262,289
262,324
262,331
263,299
263,373
264,435
265,290
265,297
265,410
266,294
267,291
268,285
268,471
269,278
269,280
269,284
269,287
270,281
270,475
271,286
271,332
273,383
276,295
277,377
278,299
278,306
279,305
280,300
282,302
282,372
283,312
285,451
287,482
288,337
290,303
292,328
293,298
294,301
295,368
295,416
296,304
298,312
298,318
298,462
299,310
299,311
299,316
300,308
301,317
301,319
301,386
303,313
303,314
304,315
305,309
305,339
306,307
307,435
308,322
308,334
311,324
311,391
313,320
313,321
313,330
314,326
315,324
315,329
315,331
317,333
317,362
319,323
319,325
319,327
319,328
319,332
320,341
320,451
320,461
321,367
322,344
323,336
324,335
324,345
324,347
325,486
325,487
327,340
328,342
329,337
329,338
329,343
329,384
330,339
331,346
333,418
334,467
336,354
336,358
337,350
337,359
338,357
339,348
340,352
340,358
341,473
342,488
343,360
344,349
345,351
345,356
346,353
347,355
348,363
348,366
348,369
350,373
351,362
351,370
352,364
352,367
352,374
352,375
354,365
354,368
357,371
357,376
357,427
358,361
358,480
359,372
362,381
362,399
363,433
364,380
364,387
365,385
367,379
367,388
368,390
369,383
370,386
370,389
371,377
371,378
372,492
374,382
375,384
375,484
376,377
378,394
378,399
379,398
379,429
380,392
380,401
383,391
383,395
383,400
383,402
384,397
386,393
386,402
387,480
389,396
391,412
392,404
392,405
392,408
392,416
393,403
393,410
394,407
395,414
397,406
397,409
397,415
397,417
398,411
402,413
403,422
403,423
403,429
409,419
409,426
411,420
412,421
412,424
412,428
413,444
413,464
414,418
415,425
415,427
419,433
420,431
420,436
421,440
421,441
422,432
422,438
423,437
426,439
427,434
428,435
429,430
432,446
432,455
434,443
435,444
435,449
435,450
435,452
436,442
437,451
437,454
438,448
439,473
440,445
440,453
441,447
442,456
442,471
443,470
446,459
446,468
446,469
446,499
447,465
449,463
450,462
450,465
451,472
452,467
453,457
453,464
453,466
454,458
454,460
454,461
456,477
457,475
458,478
458,486
460,473
461,479
461,481
462,480
462,482
466,484
467,485
468,483
469,474
469,476
474,494
477,498
478,490
479,495
480,496
480,497
481,488
483,487
483,492
483,493
484,500
485,489
485,491
486,499

<end>
