<number of tasks>
500

<cycle time>
1000

<order strength>
0.6


<task times>
1 513
2 595
3 567
4 548
5 602
6 363
7 525
8 428
9 249
10 440
11 439
12 620
13 571
14 293
15 575
16 613
17 310
18 764
19 592
20 546
21 618
22 549
23 728
24 540
25 411
26 494
27 559
28 448
29 631
30 403
31 487
32 486
33 609
34 753
35 541
36 554
37 411
38 510
39 570
40 456
41 536
42 387
43 505
44 543
45 299
46 423
47 349
48 420
49 511
50 481
51 374
52 607
53 682
54 452
55 598
56 670
57 551
58 471
59 433
60 636
61 619
62 626
63 559
64 514
65 749
66 494
67 414
68 626
69 417
70 398
71 476
72 580
73 446
74 297
75 684
76 507
77 410
78 547
79 426
80 523
81 608
82 491
83 528
84 496
85 596
86 530
87 525
88 364
89 312
90 449
91 420
92 432
93 384
94 420
95 626
96 704
97 597
98 595
99 542
100 620
101 481
102 499
103 547
104 497
105 598
106 607
107 686
108 535
109 678
110 541
111 437
112 596
113 661
114 555
115 544
116 592
117 538
118 528
119 342
120 560
121 435
122 418
123 447
124 522
125 617
126 530
127 664
128 491
129 549
130 588
131 658
132 517
133 448
134 397
135 544
136 404
137 313
138 458
139 553
140 383
141 693
142 437
143 641
144 656
145 247
146 382
147 470
148 530
149 474
150 716
151 406
152 401
153 458
154 445
155 416
156 739
157 419
158 254
159 407
160 241
161 618
162 716
163 573
164 424
165 472
166 469
167 552
168 386
169 426
170 431
171 501
172 432
173 581
174 528
175 441
176 456
177 353
178 548
179 659
180 520
181 506
182 391
183 344
184 299
185 641
186 529
187 419
188 569
189 370
190 473
191 494
192 374
193 562
194 354
195 314
196 369
197 506
198 289
199 690
200 525
201 339
202 526
203 452
204 360
205 546
206 491
207 508
208 462
209 474
210 350
211 637
212 461
213 428
214 649
215 583
216 605
217 485
218 525
219 686
220 511
221 577
222 491
223 259
224 602
225 600
226 480
227 455
228 494
229 377
230 319
231 468
232 413
233 689
234 91
235 559
236 646
237 401
238 561
239 535
240 537
241 601
242 600
243 475
244 300
245 558
246 639
247 467
248 531
249 486
250 575
251 619
252 458
253 473
254 483
255 436
256 596
257 507
258 393
259 502
260 573
261 555
262 501
263 591
264 646
265 486
266 339
267 546
268 434
269 506
270 633
271 582
272 447
273 438
274 410
275 830
276 410
277 441
278 631
279 448
280 662
281 462
282 503
283 386
284 688
285 505
286 616
287 725
288 663
289 566
290 609
291 373
292 525
293 523
294 671
295 436
296 540
297 258
298 443
299 565
300 440
301 826
302 516
303 474
304 452
305 203
306 590
307 621
308 504
309 545
310 375
311 616
312 524
313 563
314 476
315 406
316 565
317 321
318 487
319 529
320 507
321 686
322 450
323 525
324 479
325 380
326 503
327 518
328 537
329 612
330 563
331 461
332 492
333 465
334 975
335 464
336 539
337 284
338 425
339 352
340 324
341 509
342 367
343 405
344 473
345 517
346 448
347 390
348 371
349 418
350 335
351 575
352 508
353 477
354 628
355 489
356 615
357 420
358 806
359 584
360 558
361 385
362 560
363 411
364 576
365 226
366 698
367 702
368 684
369 530
370 584
371 502
372 696
373 595
374 602
375 775
376 417
377 426
378 682
379 365
380 466
381 610
382 617
383 680
384 609
385 368
386 430
387 450
388 360
389 455
390 509
391 462
392 221
393 445
394 517
395 630
396 515
397 410
398 234
399 347
400 542
401 603
402 473
403 267
404 544
405 447
406 803
407 401
408 430
409 425
410 503
411 459
412 394
413 596
414 784
415 531
416 549
417 350
418 534
419 415
420 394
421 635
422 443
423 457
424 474
425 550
426 625
427 634
428 536
429 426
430 411
431 587
432 492
433 463
434 467
435 631
436 479
437 486
438 432
439 603
440 447
441 505
442 466
443 560
444 417
445 594
446 598
447 308
448 583
449 461
450 413
451 740
452 664
453 439
454 550
455 315
456 630
457 571
458 385
459 811
460 715
461 525
462 184
463 548
464 307
465 368
466 574
467 362
468 545
469 467
470 507
471 576
472 363
473 545
474 471
475 436
476 712
477 474
478 647
479 587
480 482
481 521
482 686
483 586
484 480
485 366
486 676
487 543
488 541
489 400
490 651
491 235
492 748
493 607
494 402
495 557
496 289
497 583
498 547
499 559
500 494

<precedence relations>
1,7
1,9
1,12
1,13
1,15
1,16
2,8
2,9
2,10
2,11
3,8
3,73
4,8
4,9
4,10
4,11
4,14
5,8
5,23
5,30
6,54
7,18
8,17
8,19
8,20
9,53
9,137
10,76
10,85
10,103
10,220
10,250
10,254
10,351
11,20
11,21
11,23
12,20
12,21
12,22
12,41
13,20
13,125
14,20
15,22
15,30
16,20
16,24
17,25
18,29
19,27
20,26
20,28
21,31
21,42
22,150
23,66
24,29
24,30
24,32
24,89
25,35
26,33
27,35
28,34
29,35
29,37
29,41
30,35
30,36
30,42
30,74
31,35
31,36
31,37
31,38
31,39
31,40
31,43
32,35
32,40
33,44
34,46
35,49
35,50
35,51
36,45
36,106
37,55
38,52
38,100
39,51
39,64
40,122
41,90
42,47
43,47
43,48
43,49
43,53
43,54
43,92
44,56
45,58
46,59
47,57
47,61
47,62
47,80
47,93
47,173
48,60
48,61
48,65
49,61
49,62
49,64
49,90
50,61
50,62
50,63
50,64
51,80
51,164
52,138
52,160
52,189
53,404
53,424
54,84
55,61
55,66
55,138
56,67
57,68
58,72
59,69
60,70
61,71
61,76
62,349
62,357
63,75
64,190
64,315
65,203
66,73
66,74
67,80
68,77
69,79
70,81
71,78
72,83
73,79
73,80
73,84
74,79
74,85
74,86
75,82
75,83
76,262
77,88
78,91
79,87
79,150
79,152
79,188
80,94
80,122
81,89
81,90
81,91
81,93
82,92
83,90
84,182
86,453
87,95
88,96
89,97
89,99
89,103
89,202
90,98
90,100
90,101
90,104
91,100
91,102
91,106
91,139
92,100
92,101
92,105
93,498
94,302
95,108
96,107
97,109
98,110
99,112
100,111
100,137
100,162
101,113
101,114
102,248
102,326
103,396
104,114
105,171
105,301
106,404
107,117
108,116
109,121
110,121
111,118
112,119
113,120
114,115
114,122
114,123
114,124
114,125
115,126
116,128
117,129
118,130
119,131
120,132
121,127
121,132
121,135
121,137
122,139
123,132
123,133
124,132
124,134
124,138
125,136
125,137
126,140
127,141
128,144
129,145
130,142
131,146
132,143
132,147
132,148
133,148
133,152
133,154
134,148
135,148
136,150
136,189
137,149
137,315
138,350
139,151
139,153
140,160
141,155
142,156
143,157
144,158
145,161
146,160
147,159
148,164
148,180
149,181
149,221
150,160
151,160
152,163
152,182
153,160
153,161
153,162
154,160
155,166
156,168
157,165
158,167
159,168
160,168
160,169
160,170
160,175
161,168
161,174
161,179
162,169
162,171
162,172
162,244
163,173
163,245
163,259
164,168
164,170
165,179
166,177
167,176
168,178
168,181
168,183
169,360
170,247
171,179
171,180
172,262
172,321
172,341
173,347
173,424
174,182
174,232
174,260
175,180
175,329
175,362
176,184
177,188
178,185
179,189
179,288
179,302
179,325
179,356
180,186
180,341
181,187
181,192
182,190
182,252
183,191
184,193
185,195
186,196
187,197
188,194
188,198
189,200
189,240
190,202
190,303
191,199
192,201
192,203
192,204
192,212
193,205
194,207
195,208
196,209
197,212
198,211
199,206
199,210
199,212
199,213
200,300
201,259
202,371
202,396
202,404
202,460
203,252
203,356
203,358
204,213
204,251
204,358
205,215
206,214
207,218
208,219
209,216
210,217
211,221
212,218
212,220
212,223
212,224
213,222
214,226
215,227
216,228
217,230
218,225
218,231
218,232
219,232
219,235
219,289
219,348
220,229
222,250
222,279
223,321
224,233
224,234
224,263
225,236
226,240
227,240
228,237
229,238
230,239
231,242
231,243
231,245
232,370
233,241
233,362
234,244
235,240
235,270
235,300
235,356
236,247
237,246
238,247
239,249
240,251
240,253
241,248
242,250
242,254
243,380
244,252
245,405
246,256
247,260
247,300
247,362
248,255
248,259
249,257
250,391
250,398
251,261
251,264
251,324
251,372
252,258
252,262
252,279
252,327
252,362
253,351
253,379
254,263
254,379
254,413
255,267
256,269
257,265
257,266
257,268
258,442
259,270
260,405
261,340
261,381
262,469
263,397
263,412
263,423
263,461
264,369
265,271
266,273
267,274
268,275
269,276
270,272
270,277
270,278
270,279
271,283
272,281
273,282
274,289
275,284
276,285
277,280
277,288
278,463
279,286
279,287
279,290
280,292
281,293
282,297
283,296
284,298
285,300
286,291
286,301
286,328
286,357
286,359
287,294
287,341
287,396
288,295
288,304
289,303
289,445
290,299
290,302
291,305
292,307
293,313
294,308
295,309
296,310
297,311
298,315
299,312
300,306
301,339
301,340
301,341
301,347
302,314
302,440
303,314
303,402
304,316
305,319
306,318
307,322
308,323
309,321
310,321
311,324
312,325
313,320
314,317
314,328
315,326
315,327
315,329
316,336
316,341
316,357
317,330
318,336
319,334
320,332
321,331
321,333
321,336
322,339
322,361
322,379
323,337
323,485
324,339
324,340
324,351
324,381
325,361
325,491
326,335
326,338
327,471
328,398
328,444
329,341
330,343
331,342
332,344
333,345
334,347
335,346
336,347
336,350
338,348
338,351
339,464
340,349
342,357
343,352
344,355
345,358
346,356
347,353
347,363
347,411
348,354
348,359
348,361
349,360
350,379
350,396
350,404
351,362
351,423
351,463
352,364
353,366
354,367
355,368
356,365
359,370
359,424
360,369
360,370
360,371
361,391
363,372
364,373
365,374
366,375
367,376
368,377
369,378
369,382
369,460
370,380
371,379
371,432
372,381
373,386
374,383
375,384
376,385
377,387
378,388
379,390
379,391
380,389
381,389
382,389
382,424
383,394
384,393
385,394
386,392
387,394
388,394
389,395
389,396
390,394
390,397
390,398
390,414
391,394
392,399
393,400
394,403
395,401
395,404
396,402
396,471
397,405
399,408
400,407
401,409
402,406
403,410
403,412
404,413
404,414
405,411
406,416
407,415
408,421
409,417
410,418
410,422
410,424
410,475
411,419
411,445
412,420
412,447
414,423
414,431
415,425
416,432
417,426
418,427
419,428
420,429
421,431
422,430
423,433
423,434
423,435
423,485
424,433
424,436
424,437
424,484
425,439
426,440
427,441
428,440
429,442
430,440
431,438
431,443
431,447
431,470
431,485
432,446
433,444
433,446
434,445
436,486
437,495
438,448
439,451
440,449
440,450
440,452
441,455
442,472
442,484
443,454
446,453
448,458
449,456
450,457
451,460
452,459
453,462
453,464
454,461
454,463
455,465
456,468
457,469
458,467
459,473
460,466
460,470
460,475
461,482
462,472
463,471
463,474
465,474
466,477
467,478
468,476
468,484
468,485
468,500
470,479
470,483
470,486
470,498
471,480
471,483
472,481
472,482
473,496
476,487
477,491
478,491
479,488
480,489
481,490
483,492
483,493
483,495
487,494
488,495
489,496
490,494
491,498
492,497
492,500
493,499

<end>
