<number of tasks>
500

<cycle time>
1000

<order strength>
0.237


<task times>
1 117
2 177
3 65
4 143
5 91
6 38
7 116
8 66
9 48
10 228
11 92
12 89
13 260
14 116
15 164
16 40
17 94
18 197
19 199
20 250
21 276
22 26
23 29
24 109
25 58
26 190
27 159
28 77
29 314
30 328
31 24
32 94
33 69
34 282
35 56
36 88
37 164
38 38
39 290
40 80
41 23
42 97
43 83
44 89
45 52
46 58
47 156
48 90
49 189
50 24
51 117
52 82
53 55
54 148
55 244
56 143
57 134
58 221
59 185
60 35
61 70
62 49
63 213
64 205
65 216
66 77
67 81
68 50
69 29
70 65
71 145
72 135
73 135
74 106
75 57
76 124
77 314
78 239
79 254
80 123
81 56
82 136
83 215
84 75
85 134
86 132
87 210
88 101
89 49
90 60
91 150
92 40
93 137
94 332
95 180
96 105
97 105
98 163
99 71
100 165
101 234
102 120
103 154
104 129
105 51
106 143
107 44
108 126
109 266
110 115
111 47
112 243
113 106
114 27
115 38
116 241
117 159
118 166
119 96
120 176
121 213
122 199
123 67
124 186
125 134
126 86
127 61
128 20
129 364
130 26
131 21
132 180
133 172
134 86
135 150
136 218
137 116
138 229
139 67
140 87
141 63
142 79
143 20
144 177
145 92
146 194
147 110
148 153
149 230
150 157
151 34
152 253
153 202
154 97
155 218
156 70
157 65
158 126
159 168
160 40
161 262
162 173
163 252
164 242
165 136
166 151
167 94
168 45
169 368
170 127
171 30
172 145
173 46
174 64
175 376
176 66
177 109
178 82
179 130
180 111
181 225
182 166
183 155
184 58
185 251
186 165
187 137
188 127
189 117
190 299
191 240
192 255
193 100
194 105
195 139
196 91
197 50
198 77
199 175
200 248
201 183
202 88
203 149
204 95
205 256
206 95
207 139
208 144
209 143
210 124
211 94
212 44
213 198
214 160
215 73
216 203
217 256
218 34
219 83
220 25
221 161
222 183
223 62
224 84
225 107
226 259
227 115
228 168
229 213
230 214
231 142
232 119
233 108
234 23
235 58
236 97
237 21
238 64
239 135
240 175
241 133
242 223
243 131
244 241
245 73
246 125
247 77
248 35
249 126
250 182
251 147
252 201
253 94
254 209
255 181
256 81
257 37
258 121
259 194
260 23
261 200
262 153
263 207
264 281
265 83
266 141
267 60
268 138
269 266
270 143
271 208
272 187
273 48
274 74
275 175
276 161
277 33
278 33
279 261
280 122
281 110
282 167
283 67
284 87
285 59
286 57
287 309
288 86
289 30
290 212
291 247
292 83
293 37
294 157
295 130
296 199
297 175
298 77
299 159
300 30
301 95
302 66
303 128
304 84
305 74
306 212
307 128
308 166
309 140
310 90
311 197
312 124
313 170
314 154
315 199
316 117
317 75
318 236
319 75
320 153
321 68
322 131
323 55
324 125
325 68
326 121
327 180
328 94
329 62
330 80
331 72
332 76
333 195
334 42
335 142
336 119
337 111
338 68
339 61
340 82
341 54
342 26
343 207
344 177
345 255
346 28
347 182
348 100
349 133
350 161
351 21
352 73
353 146
354 56
355 62
356 81
357 31
358 258
359 226
360 95
361 59
362 72
363 242
364 130
365 159
366 23
367 183
368 140
369 36
370 148
371 74
372 199
373 174
374 40
375 100
376 129
377 171
378 147
379 87
380 112
381 129
382 77
383 198
384 150
385 186
386 73
387 149
388 318
389 133
390 35
391 41
392 90
393 50
394 225
395 159
396 106
397 105
398 36
399 21
400 70
401 70
402 56
403 55
404 157
405 178
406 54
407 116
408 78
409 43
410 41
411 46
412 113
413 115
414 318
415 72
416 29
417 117
418 158
419 80
420 182
421 255
422 94
423 117
424 186
425 55
426 108
427 78
428 93
429 130
430 184
431 102
432 189
433 73
434 36
435 100
436 209
437 213
438 230
439 150
440 132
441 221
442 126
443 49
444 86
445 154
446 177
447 217
448 65
449 89
450 55
451 87
452 91
453 200
454 84
455 80
456 111
457 58
458 182
459 148
460 324
461 85
462 20
463 305
464 50
465 129
466 80
467 99
468 51
469 236
470 196
471 261
472 122
473 53
474 281
475 75
476 290
477 125
478 76
479 208
480 84
481 179
482 110
483 145
484 65
485 216
486 100
487 150
488 161
489 169
490 117
491 175
492 165
493 57
494 104
495 202
496 177
497 23
498 146
499 123
500 300

<precedence relations>
1,24
2,24
3,24
4,24
5,24
6,24
7,24
8,24
9,24
10,24
11,24
12,24
13,156
14,82
15,177
16,342
17,70
18,93
19,33
20,34
21,35
22,23
22,25
22,26
22,27
22,28
22,29
22,30
22,31
22,32
22,36
22,37
22,38
22,39
22,40
22,41
22,42
22,43
22,44
23,321
24,45
24,46
24,47
24,48
24,49
24,50
24,51
24,52
24,53
24,54
25,156
26,430
27,82
28,82
29,70
30,93
31,93
32,93
33,57
34,59
35,61
36,58
37,60
37,64
38,56
41,63
42,55
43,62
45,156
46,156
47,70
48,70
49,70
50,79
51,77
52,66
52,68
53,69
53,78
54,67
54,71
54,76
55,70
56,70
57,74
58,72
59,65
60,73
61,65
63,81
64,75
64,80
65,82
66,82
67,82
68,280
69,342
70,86
70,87
70,88
70,89
70,90
70,91
70,92
70,98
71,93
72,83
73,83
75,84
76,95
77,97
78,99
79,85
80,94
80,96
80,100
82,101
82,102
82,103
82,104
82,105
82,106
82,107
82,108
83,280
84,177
85,177
86,383
87,122
89,126
90,125
93,109
93,110
93,111
93,112
93,113
93,114
93,115
93,116
93,117
93,118
93,119
93,120
93,121
94,123
95,127
99,124
103,137
104,129
106,131
108,130
115,136
116,128
116,135
118,138
119,140
120,139
122,133
123,134
124,132
128,321
129,156
130,177
131,177
132,147
133,145
134,151
135,143
135,146
135,152
136,148
137,144
137,149
138,155
139,150
140,141
140,142
140,153
140,154
141,156
142,177
143,342
144,383
145,161
146,162
147,163
148,164
149,165
150,166
150,167
151,158
152,159
152,160
153,168
153,169
154,157
154,170
156,171
156,172
156,173
156,174
156,175
156,176
157,466
158,177
159,177
160,383
161,180
162,180
163,181
164,182
165,180
166,178
167,179
168,183
168,185
170,184
171,198
171,202
171,203
173,206
174,204
177,186
177,187
177,188
177,189
177,190
177,191
177,192
177,193
177,194
177,195
177,196
177,197
178,200
179,201
183,199
184,205
184,207
186,212
195,211
197,342
198,209
199,210
201,208
204,214
205,213
208,383
209,216
210,217
211,215
211,218
212,222
212,223
213,220
213,221
213,224
213,225
214,219
215,230
216,229
216,236
219,226
219,231
219,237
220,234
223,228
224,232
224,233
224,235
225,227
226,280
227,342
228,383
229,239
230,243
231,238
231,240
232,241
232,249
233,242
233,244
234,246
234,247
235,245
237,248
237,250
238,430
239,252
240,253
241,254
242,255
246,251
246,257
249,256
250,258
251,280
252,259
253,260
254,261
255,262
256,267
258,263
258,264
258,265
258,266
259,275
260,269
260,272
261,270
262,271
262,278
263,273
263,279
264,274
266,268
266,276
266,277
268,404
269,404
270,321
271,280
272,283
273,284
274,285
275,282
276,286
276,287
276,290
278,291
278,292
279,281
279,288
279,289
280,295
280,296
280,297
280,298
280,299
280,300
280,301
280,302
280,303
280,304
280,305
280,306
280,307
280,308
280,319
281,383
282,311
283,312
284,314
285,315
286,313
287,309
287,310
289,293
290,294
290,317
291,316
292,318
293,404
294,321
295,327
295,329
298,325
299,336
301,323
301,324
301,334
303,322
308,320
309,383
310,326
311,330
312,328
313,332
316,335
317,333
319,331
320,404
321,337
321,338
321,339
321,340
321,341
322,430
323,466
324,342
325,383
326,343
327,345
328,344
329,348
330,346
330,350
331,347
331,351
333,349
336,352
337,362
338,367
341,366
342,354
342,355
342,356
342,357
342,358
342,359
342,360
343,383
344,361
345,365
346,363
347,364
348,353
353,466
354,371
354,372
354,374
356,369
356,377
356,380
358,379
359,378
361,368
362,370
363,373
364,376
365,375
368,383
369,383
370,384
371,385
372,387
373,389
374,388
375,386
376,392
377,390
378,391
379,382
380,381
381,430
382,466
383,395
383,396
383,397
383,398
384,399
385,393
386,400
387,401
388,393
390,402
391,403
392,394
393,404
394,466
396,410
399,406
400,407
401,408
402,405
403,409
403,411
404,412
404,413
404,414
404,415
404,416
404,422
404,424
404,426
404,428
405,417
406,418
407,429
408,420
408,425
409,423
410,419
410,427
411,421
412,430
414,435
417,431
418,433
419,432
420,438
421,434
424,437
429,436
430,439
430,440
430,441
430,442
430,443
430,449
430,451
430,452
431,445
432,444
433,447
434,446
434,448
435,450
439,466
440,458
442,461
442,462
442,463
444,455
445,456
446,457
447,459
448,454
449,460
449,464
451,453
451,465
453,466
454,467
455,469
456,470
457,471
458,468
461,472
462,473
464,475
465,474
466,476
466,477
466,478
466,479
466,480
466,481
467,482
468,485
469,484
470,489
471,486
472,483
473,488
474,487
474,490
476,496
476,498
480,500
482,491
483,492
484,493
485,494
486,499
488,495
489,497

<end>
