<number of tasks>
500

<cycle time>
1000

<order strength>
0.598


<task times>
1 62
2 152
3 117
4 149
5 261
6 88
7 67
8 95
9 34
10 146
11 25
12 250
13 84
14 156
15 169
16 216
17 47
18 136
19 55
20 154
21 70
22 48
23 33
24 147
25 248
26 233
27 172
28 122
29 157
30 229
31 142
32 36
33 55
34 267
35 65
36 174
37 139
38 190
39 82
40 180
41 119
42 173
43 113
44 246
45 47
46 158
47 225
48 55
49 138
50 135
51 86
52 56
53 150
54 143
55 82
56 136
57 108
58 159
59 172
60 162
61 32
62 48
63 127
64 223
65 44
66 46
67 78
68 180
69 131
70 42
71 153
72 143
73 195
74 287
75 58
76 51
77 133
78 206
79 217
80 249
81 244
82 249
83 57
84 127
85 57
86 138
87 90
88 88
89 140
90 130
91 185
92 144
93 268
94 298
95 79
96 195
97 47
98 136
99 182
100 146
101 138
102 24
103 127
104 101
105 175
106 110
107 25
108 216
109 46
110 287
111 185
112 136
113 198
114 236
115 198
116 211
117 178
118 120
119 41
120 190
121 182
122 110
123 45
124 161
125 134
126 74
127 137
128 176
129 56
130 191
131 105
132 131
133 89
134 147
135 44
136 226
137 237
138 188
139 189
140 60
141 36
142 237
143 36
144 67
145 193
146 62
147 342
148 154
149 51
150 291
151 81
152 149
153 213
154 171
155 84
156 312
157 118
158 245
159 153
160 121
161 180
162 36
163 141
164 138
165 191
166 92
167 63
168 152
169 52
170 109
171 27
172 65
173 71
174 221
175 200
176 188
177 82
178 236
179 231
180 222
181 32
182 257
183 161
184 174
185 276
186 292
187 163
188 117
189 141
190 43
191 95
192 156
193 45
194 194
195 56
196 101
197 136
198 45
199 118
200 77
201 176
202 177
203 207
204 59
205 59
206 61
207 228
208 42
209 48
210 116
211 180
212 227
213 250
214 165
215 67
216 127
217 192
218 263
219 181
220 162
221 30
222 57
223 73
224 69
225 169
226 129
227 206
228 153
229 79
230 166
231 169
232 82
233 169
234 25
235 40
236 24
237 195
238 138
239 244
240 104
241 141
242 160
243 165
244 157
245 95
246 91
247 184
248 72
249 104
250 110
251 25
252 41
253 87
254 22
255 92
256 114
257 119
258 117
259 197
260 254
261 146
262 89
263 102
264 71
265 129
266 210
267 217
268 90
269 121
270 233
271 32
272 52
273 95
274 119
275 71
276 128
277 220
278 144
279 256
280 205
281 132
282 36
283 34
284 90
285 315
286 91
287 347
288 225
289 246
290 103
291 63
292 20
293 108
294 118
295 213
296 197
297 234
298 283
299 85
300 22
301 84
302 289
303 93
304 263
305 119
306 103
307 113
308 143
309 43
310 217
311 220
312 74
313 162
314 296
315 106
316 61
317 59
318 65
319 187
320 65
321 106
322 45
323 240
324 29
325 60
326 142
327 35
328 236
329 23
330 169
331 284
332 68
333 227
334 148
335 142
336 226
337 186
338 133
339 57
340 192
341 180
342 152
343 100
344 187
345 132
346 147
347 83
348 100
349 233
350 38
351 195
352 211
353 202
354 222
355 331
356 102
357 56
358 166
359 162
360 150
361 173
362 90
363 170
364 234
365 198
366 189
367 182
368 181
369 179
370 56
371 171
372 118
373 66
374 106
375 333
376 74
377 173
378 32
379 126
380 36
381 78
382 49
383 164
384 125
385 230
386 59
387 155
388 106
389 235
390 38
391 122
392 54
393 152
394 164
395 55
396 229
397 59
398 120
399 171
400 93
401 308
402 92
403 171
404 215
405 161
406 152
407 134
408 164
409 208
410 134
411 131
412 44
413 183
414 178
415 183
416 50
417 67
418 145
419 261
420 225
421 102
422 118
423 265
424 149
425 175
426 32
427 110
428 142
429 47
430 60
431 150
432 102
433 83
434 219
435 202
436 216
437 147
438 190
439 146
440 110
441 34
442 273
443 34
444 354
445 136
446 117
447 64
448 94
449 29
450 97
451 160
452 207
453 186
454 28
455 203
456 73
457 89
458 109
459 70
460 293
461 32
462 35
463 129
464 154
465 88
466 37
467 215
468 47
469 101
470 107
471 148
472 244
473 61
474 194
475 234
476 164
477 72
478 135
479 158
480 335
481 62
482 97
483 70
484 176
485 86
486 223
487 190
488 286
489 110
490 173
491 106
492 157
493 76
494 149
495 254
496 188
497 78
498 265
499 178
500 96

<precedence relations>
1,8
2,10
3,9
3,11
3,14
4,11
4,12
6,72
6,199
7,13
7,80
8,15
9,17
10,16
11,18
11,19
11,103
12,19
12,20
13,19
13,20
13,21
13,91
14,20
14,22
15,23
16,27
17,25
18,29
19,24
19,26
19,28
20,30
20,32
21,31
22,30
22,32
22,33
22,114
22,133
23,42
24,34
25,35
26,38
27,39
28,40
29,42
30,36
30,108
31,37
31,46
32,41
32,43
32,44
32,165
33,45
34,47
35,54
36,48
37,49
38,50
39,51
40,53
41,52
42,53
42,56
42,102
42,124
43,53
44,53
45,102
46,55
47,61
48,58
49,59
50,60
51,62
52,63
53,57
54,61
55,64
55,119
56,61
56,112
56,199
57,65
58,68
59,66
60,67
61,209
61,224
61,278
62,70
63,69
63,71
63,86
64,72
65,75
66,74
67,77
68,202
68,206
68,272
69,73
69,230
69,286
69,308
70,76
70,80
71,144
71,192
72,78
72,79
72,125
72,156
73,82
74,81
75,84
75,85
75,86
75,138
76,83
76,87
76,89
76,91
76,92
77,85
77,88
77,109
78,90
78,267
79,336
79,354
80,209
80,214
80,221
81,93
82,94
83,97
84,98
85,95
85,96
85,143
86,109
86,175
86,192
87,102
88,99
88,100
88,101
89,99
89,101
90,99
90,103
90,155
91,223
91,234
92,100
93,108
94,109
95,104
96,105
97,107
98,106
99,114
99,319
100,110
100,111
100,112
100,113
100,114
100,115
101,108
102,108
102,109
102,110
102,111
103,110
103,219
104,116
105,118
106,118
107,117
108,119
108,122
109,390
111,120
111,122
111,215
112,118
112,121
113,162
113,223
115,124
116,123
117,124
118,125
119,126
119,129
120,135
120,145
122,127
122,128
122,234
123,130
124,133
125,131
125,132
126,131
126,135
126,136
126,138
126,175
127,272
127,277
128,137
128,145
128,174
129,131
129,134
130,141
131,139
131,140
132,211
132,275
132,345
132,347
133,145
133,243
135,143
135,144
137,405
137,473
138,142
139,148
140,149
141,150
142,146
142,151
142,152
143,147
143,151
143,152
143,154
143,275
144,151
144,153
145,155
145,156
145,184
146,157
147,159
148,162
149,163
150,160
151,158
151,161
151,174
151,281
152,214
153,164
153,306
154,191
156,165
156,166
156,206
157,173
158,167
159,168
160,169
161,170
162,171
162,172
162,174
162,234
163,176
164,356
164,358
164,359
165,173
165,175
166,207
166,281
166,286
167,183
168,182
169,178
170,179
171,180
172,181
173,185
173,186
173,197
174,177
174,187
174,209
175,346
176,184
176,188
177,189
178,191
179,191
180,191
181,192
182,190
183,344
184,195
184,280
185,191
185,253
186,221
186,224
187,197
188,193
188,194
188,196
188,233
189,198
190,199
191,201
191,212
191,321
192,200
192,205
193,203
194,204
194,206
194,207
194,286
195,355
196,428
197,202
197,253
198,207
199,207
199,211
199,223
200,215
200,232
201,349
201,498
202,231
202,232
203,207
203,208
203,212
204,500
205,209
205,214
205,267
206,210
206,213
206,216
207,217
207,221
207,222
208,220
208,224
208,281
209,218
210,254
210,300
211,447
212,218
213,334
213,417
213,475
214,219
215,233
216,223
216,387
217,229
218,225
218,228
219,226
219,233
219,321
220,227
220,234
221,230
221,285
221,291
222,230
222,231
223,232
224,231
224,244
225,235
226,236
227,237
228,240
229,238
230,239
231,241
232,245
232,439
233,242
233,245
234,243
234,244
235,252
236,247
237,253
238,248
239,250
240,251
241,246
241,252
242,249
242,273
243,255
244,254
244,297
244,307
244,330
246,256
247,257
248,258
249,260
250,259
251,261
252,262
252,263
252,265
252,277
253,266
253,286
254,267
254,301
255,264
256,268
257,269
258,272
259,271
260,272
261,272
262,270
262,273
262,339
264,276
264,277
265,367
266,274
266,278
267,275
267,354
268,280
269,281
270,279
271,280
272,284
272,285
273,283
273,320
273,366
274,428
274,457
275,426
276,286
277,282
277,368
278,400
279,287
280,288
280,290
282,488
283,356
283,358
284,330
285,289
285,290
286,291
286,331
287,294
288,295
289,292
289,293
289,296
289,297
289,299
289,301
290,298
290,300
291,306
292,302
293,304
294,303
295,307
296,305
297,308
297,447
299,306
300,309
300,366
301,425
302,310
303,311
304,312
305,313
306,314
306,315
306,316
306,318
306,319
307,321
309,317
309,320
310,327
311,327
312,322
313,323
314,324
315,325
316,326
317,339
317,417
317,447
318,328
319,330
320,329
320,331
321,327
322,332
323,333
324,334
325,335
326,336
327,338
328,400
328,489
329,337
330,337
330,338
330,339
330,366
331,348
332,340
333,342
334,341
334,389
334,471
336,348
336,349
337,344
337,345
337,346
338,343
338,344
339,347
339,392
340,351
341,352
342,350
343,353
343,389
344,354
344,372
345,358
345,360
346,357
346,379
347,355
348,359
349,356
350,361
351,365
352,366
353,364
354,362
354,367
354,369
355,363
355,388
355,455
356,488
357,368
357,371
357,386
357,425
358,370
358,372
359,371
361,374
362,375
363,376
364,373
365,377
366,400
367,378
367,380
367,434
368,393
369,379
369,427
370,437
371,380
371,457
372,414
373,381
374,382
375,386
376,383
377,384
378,385
379,392
379,393
379,402
379,415
379,428
379,488
380,387
380,388
380,389
380,390
380,391
381,400
382,396
383,398
384,394
385,395
386,397
386,399
386,400
386,404
387,402
387,403
387,405
388,474
392,401
394,407
395,408
396,409
397,410
398,406
399,413
400,411
400,415
400,426
401,412
402,416
402,417
403,414
404,499
406,418
407,425
408,419
409,423
410,426
411,420
412,421
413,422
414,424
414,427
414,428
414,449
414,475
415,490
416,449
416,469
418,434
419,430
420,431
421,435
422,436
423,432
424,429
424,437
427,433
428,438
428,439
428,489
429,440
430,441
431,442
432,444
433,446
434,443
435,449
436,489
437,445
437,447
438,448
438,459
440,450
441,453
442,451
443,452
444,457
445,454
446,455
447,460
448,456
449,458
449,459
450,463
451,464
452,465
453,466
454,462
455,461
455,468
455,471
456,467
456,470
456,473
456,474
457,469
457,475
460,472
461,477
462,480
463,476
464,478
465,479
466,482
467,483
468,485
469,481
469,484
469,486
471,487
471,488
472,488
474,490
475,489
476,491
477,498
478,492
479,493
480,498
481,494
482,495
483,499
484,496
485,500
486,497

<end>
