<number of tasks>
500

<cycle time>
1000

<order strength>
0.895


<task times>
1 163
2 197
3 149
4 195
5 167
6 27
7 53
8 90
9 151
10 155
11 172
12 151
13 315
14 113
15 80
16 97
17 232
18 192
19 179
20 125
21 130
22 87
23 75
24 116
25 147
26 52
27 75
28 139
29 137
30 109
31 118
32 89
33 52
34 191
35 21
36 132
37 45
38 66
39 117
40 64
41 106
42 93
43 101
44 60
45 39
46 318
47 217
48 209
49 74
50 68
51 176
52 30
53 32
54 65
55 179
56 139
57 210
58 233
59 70
60 23
61 117
62 96
63 74
64 94
65 258
66 21
67 267
68 199
69 59
70 169
71 113
72 72
73 46
74 112
75 65
76 84
77 59
78 99
79 111
80 89
81 66
82 68
83 119
84 78
85 258
86 57
87 66
88 79
89 101
90 54
91 86
92 103
93 77
94 284
95 49
96 287
97 281
98 233
99 151
100 143
101 68
102 266
103 103
104 135
105 202
106 135
107 240
108 76
109 92
110 259
111 46
112 23
113 199
114 31
115 48
116 200
117 48
118 174
119 230
120 154
121 219
122 20
123 193
124 145
125 28
126 259
127 81
128 33
129 64
130 33
131 232
132 90
133 128
134 113
135 115
136 84
137 46
138 149
139 172
140 248
141 97
142 188
143 187
144 97
145 127
146 212
147 203
148 185
149 103
150 76
151 93
152 184
153 176
154 131
155 76
156 94
157 78
158 182
159 99
160 299
161 46
162 88
163 49
164 127
165 112
166 89
167 247
168 152
169 127
170 252
171 39
172 237
173 174
174 60
175 102
176 214
177 413
178 298
179 67
180 115
181 46
182 172
183 105
184 115
185 194
186 211
187 75
188 67
189 265
190 155
191 179
192 78
193 304
194 119
195 101
196 185
197 143
198 34
199 152
200 127
201 68
202 419
203 128
204 48
205 40
206 243
207 24
208 175
209 57
210 120
211 103
212 191
213 192
214 195
215 35
216 249
217 102
218 283
219 219
220 153
221 124
222 100
223 253
224 150
225 64
226 144
227 69
228 79
229 98
230 146
231 189
232 319
233 108
234 59
235 95
236 154
237 290
238 120
239 183
240 191
241 86
242 28
243 162
244 113
245 145
246 56
247 95
248 191
249 240
250 28
251 109
252 62
253 172
254 110
255 247
256 150
257 228
258 258
259 199
260 149
261 142
262 51
263 212
264 111
265 141
266 53
267 67
268 94
269 235
270 25
271 183
272 117
273 49
274 126
275 103
276 37
277 161
278 94
279 143
280 143
281 107
282 61
283 70
284 86
285 364
286 319
287 227
288 88
289 85
290 148
291 247
292 205
293 70
294 240
295 213
296 41
297 110
298 222
299 152
300 144
301 261
302 135
303 66
304 112
305 90
306 64
307 257
308 202
309 25
310 149
311 242
312 221
313 105
314 231
315 88
316 201
317 200
318 142
319 100
320 156
321 321
322 146
323 124
324 28
325 77
326 43
327 99
328 48
329 128
330 167
331 74
332 81
333 25
334 102
335 152
336 60
337 110
338 164
339 56
340 80
341 66
342 193
343 251
344 162
345 123
346 68
347 94
348 81
349 106
350 302
351 132
352 170
353 358
354 22
355 103
356 205
357 112
358 247
359 59
360 141
361 268
362 123
363 126
364 137
365 55
366 126
367 162
368 158
369 148
370 63
371 152
372 81
373 38
374 79
375 226
376 28
377 241
378 26
379 125
380 267
381 185
382 107
383 137
384 152
385 226
386 209
387 85
388 112
389 123
390 100
391 88
392 215
393 157
394 79
395 144
396 252
397 113
398 61
399 276
400 197
401 180
402 127
403 230
404 192
405 228
406 178
407 165
408 167
409 30
410 305
411 49
412 300
413 58
414 32
415 226
416 22
417 72
418 73
419 107
420 222
421 359
422 242
423 138
424 75
425 63
426 108
427 115
428 126
429 199
430 30
431 170
432 176
433 229
434 86
435 190
436 116
437 166
438 274
439 133
440 84
441 120
442 91
443 186
444 108
445 243
446 76
447 216
448 160
449 98
450 97
451 88
452 87
453 101
454 51
455 129
456 215
457 25
458 32
459 216
460 43
461 187
462 223
463 96
464 63
465 195
466 198
467 147
468 67
469 127
470 243
471 280
472 107
473 233
474 220
475 35
476 169
477 265
478 193
479 280
480 196
481 187
482 138
483 145
484 37
485 133
486 247
487 409
488 214
489 135
490 166
491 44
492 72
493 284
494 28
495 231
496 275
497 71
498 50
499 161
500 24

<precedence relations>
1,33
1,61
1,71
1,77
2,7
2,8
2,9
2,10
3,7
3,8
3,9
3,10
4,7
4,8
4,9
4,10
5,7
5,8
5,9
6,7
6,8
6,9
7,12
7,16
8,11
8,12
8,13
8,14
8,15
8,16
9,11
9,12
9,13
9,14
9,15
9,16
10,11
10,34
10,65
11,68
11,70
11,71
11,75
11,76
12,17
12,18
13,17
13,18
14,17
14,18
15,17
15,18
16,17
16,18
17,19
17,20
17,21
17,22
17,23
17,24
18,19
18,20
18,21
18,22
18,24
19,25
19,26
19,27
19,28
20,82
20,89
20,90
21,25
21,28
21,31
22,25
22,26
22,29
22,30
22,31
23,25
23,26
23,27
23,29
23,30
23,31
24,25
24,26
24,27
24,28
24,29
24,30
25,32
25,33
25,34
25,35
25,41
26,32
26,33
26,34
26,35
26,36
26,37
27,32
28,65
29,32
29,33
29,34
29,35
29,36
30,32
30,33
30,36
30,37
31,32
31,41
32,38
32,39
32,40
32,42
32,43
33,235
34,67
34,80
35,38
35,39
35,40
36,38
36,40
36,41
36,42
36,43
37,38
38,44
38,47
38,50
39,44
39,45
39,49
39,50
40,44
40,45
40,46
40,47
40,48
40,49
40,50
41,44
41,50
42,44
42,45
42,46
42,47
42,48
43,45
43,47
43,48
43,49
43,50
44,51
44,52
44,53
44,54
44,55
45,51
45,52
45,53
45,54
45,55
46,51
46,52
46,53
46,54
46,55
47,51
47,52
47,53
47,59
47,60
48,51
48,52
48,53
49,51
50,51
50,52
50,53
50,54
50,55
51,56
51,57
51,58
52,57
52,58
53,78
54,56
54,57
54,58
54,59
54,60
55,56
55,57
55,58
55,59
55,60
56,61
56,62
56,63
56,64
56,65
57,61
57,62
57,63
57,64
57,65
58,61
58,62
58,64
59,63
59,65
60,61
60,62
60,65
61,66
61,67
61,69
61,78
61,79
62,66
62,67
62,68
62,69
62,70
62,71
63,66
63,67
63,68
63,69
63,70
64,66
64,67
64,68
64,69
64,70
64,71
65,66
65,67
65,68
65,69
65,71
66,72
66,73
66,74
66,75
66,80
67,72
67,73
67,74
67,76
68,72
68,73
68,74
68,77
68,78
68,79
68,80
69,72
69,73
69,74
69,80
70,72
70,77
71,78
72,81
72,84
72,85
72,86
73,81
73,82
73,83
73,84
73,85
73,86
74,81
74,82
74,83
74,84
74,85
74,86
75,81
75,82
75,83
75,84
75,85
75,86
76,81
76,82
76,83
76,84
76,85
76,86
77,81
77,82
77,83
77,84
77,85
77,86
78,81
78,82
78,83
78,86
79,81
79,82
79,83
79,85
79,86
80,81
80,82
80,83
80,84
80,85
80,86
81,87
81,88
81,89
81,90
82,87
82,88
83,87
83,88
83,89
83,90
84,87
84,88
84,89
84,90
85,87
85,88
85,89
85,90
86,87
86,88
86,89
86,90
87,91
87,93
87,95
87,96
88,91
88,92
88,93
88,94
88,95
88,96
89,91
89,92
89,93
89,94
89,95
89,96
90,91
90,92
90,93
90,94
90,95
90,96
91,97
91,98
91,99
91,100
91,101
91,102
92,97
92,98
92,99
92,100
92,101
92,102
93,97
93,98
94,97
94,98
94,99
94,100
95,99
95,100
95,101
95,102
96,97
96,98
96,116
97,103
97,104
97,107
97,109
98,103
98,105
99,104
100,103
100,104
100,105
100,110
101,103
101,104
101,105
101,106
101,107
102,103
102,104
102,105
102,108
103,115
104,111
104,112
104,117
105,111
105,112
105,113
105,114
106,114
106,115
106,116
106,117
107,111
107,112
108,111
108,112
108,116
108,117
109,111
109,113
109,117
110,111
110,112
110,113
110,114
110,115
110,116
110,117
111,118
111,119
111,120
112,118
112,119
112,120
113,118
113,119
113,120
114,118
114,119
114,120
115,118
116,118
116,119
116,120
117,118
117,119
117,120
118,121
118,122
118,123
118,124
118,125
118,126
119,121
119,122
119,123
119,124
119,125
119,126
120,121
120,153
121,141
121,155
122,133
123,216
123,236
124,131
124,141
124,143
125,127
125,128
125,129
125,130
125,131
125,132
125,133
125,134
126,127
126,128
126,129
126,130
126,131
126,132
126,133
126,134
127,135
127,137
128,135
128,136
128,137
129,135
129,136
129,137
130,135
131,135
131,136
132,135
132,136
132,137
132,138
132,139
133,135
134,135
134,136
135,142
135,144
135,145
136,140
137,228
137,260
138,140
138,141
138,142
138,143
138,144
138,145
139,140
139,162
140,146
141,146
141,147
141,157
142,146
142,147
142,148
142,149
142,150
143,146
143,148
144,146
144,147
144,148
144,149
144,150
145,146
145,147
145,148
145,149
145,150
146,151
146,154
146,156
147,151
147,160
147,162
148,151
148,152
148,153
148,156
148,157
149,151
149,152
149,155
149,157
149,162
150,151
150,153
150,160
151,158
151,161
151,163
151,167
152,231
152,232
153,162
154,158
154,159
154,160
155,158
155,159
155,160
156,158
156,159
156,160
156,161
157,158
157,159
157,160
157,161
157,163
157,167
158,164
158,165
158,166
158,170
159,192
160,164
160,165
160,166
160,170
161,164
161,165
162,166
162,167
163,164
163,165
163,166
163,168
164,171
164,172
165,188
166,169
167,169
167,170
168,169
168,170
168,171
168,172
169,173
169,174
170,173
170,174
170,175
170,176
171,173
171,174
171,175
171,176
172,173
172,174
173,177
173,178
173,179
173,180
173,182
174,177
174,178
174,179
174,181
174,182
175,177
175,178
175,179
175,180
175,181
175,182
176,203
176,211
177,183
177,184
177,185
177,186
177,188
178,306
178,317
178,324
179,183
180,183
180,184
180,185
180,187
181,183
181,187
182,183
183,189
184,189
184,190
185,189
185,190
185,197
186,189
186,190
186,191
186,192
187,189
187,190
187,191
187,192
188,189
188,190
188,191
188,192
189,193
189,198
189,205
190,193
190,196
191,193
191,195
191,197
192,194
193,199
193,200
193,208
193,212
194,199
194,200
194,212
195,199
195,200
195,208
195,212
196,199
196,200
196,201
196,202
197,199
197,200
197,201
198,199
198,202
199,206
199,207
200,204
200,214
201,203
201,204
201,205
201,208
202,208
202,351
203,209
204,209
204,210
204,211
204,213
205,209
205,212
205,214
206,209
206,210
207,209
207,210
207,211
207,217
208,288
208,345
209,215
209,216
210,215
210,216
211,215
211,216
211,218
212,215
212,216
212,217
212,218
213,215
213,216
213,217
213,218
214,215
214,216
214,217
214,218
215,219
215,220
215,221
215,223
216,221
216,222
216,224
217,219
217,220
217,221
217,238
218,219
218,220
218,221
218,222
219,225
219,226
219,229
220,225
220,226
220,243
221,228
222,225
223,225
223,226
223,227
224,225
224,226
224,230
225,235
225,237
226,231
226,232
226,233
226,234
226,235
227,231
227,232
227,238
228,234
229,231
229,233
229,236
229,255
230,231
230,232
230,233
230,238
230,242
231,340
231,389
232,239
233,239
233,241
233,254
234,242
235,239
235,240
235,249
235,256
236,264
236,274
237,247
238,239
238,240
238,241
238,243
239,282
240,247
240,250
241,244
241,248
241,260
242,245
242,246
243,244
243,245
243,246
243,249
244,251
244,252
244,253
245,251
245,252
245,253
246,251
246,264
246,274
247,251
247,253
247,255
248,251
248,256
248,271
248,294
249,254
250,425
250,438
251,385
252,257
252,259
253,257
253,261
254,258
254,388
254,398
255,260
255,274
255,281
256,257
256,258
256,259
256,322
257,262
257,293
257,302
258,379
258,381
259,275
259,282
260,262
260,263
261,262
261,263
261,264
261,265
262,291
262,340
263,266
263,267
263,268
264,266
264,270
264,271
264,278
265,266
265,267
265,269
266,272
266,273
266,276
266,310
267,272
267,290
267,316
268,272
268,282
269,272
269,273
269,274
269,275
269,277
270,275
271,272
271,273
271,277
272,280
272,283
272,311
273,307
273,329
274,278
274,279
275,297
276,279
276,282
276,336
277,280
277,281
277,282
277,329
277,333
278,284
278,285
278,286
278,287
278,288
279,289
280,284
280,286
281,284
282,284
282,290
283,288
283,337
284,291
284,295
284,298
285,294
286,293
287,291
287,296
288,371
289,291
289,297
290,291
290,292
290,293
291,299
291,303
292,337
293,299
294,304
295,397
295,400
296,300
296,325
297,302
297,341
298,301
299,305
299,308
300,305
300,306
300,307
300,308
301,309
302,305
302,323
303,305
303,306
303,307
304,310
304,311
304,326
305,344
306,312
306,315
306,319
307,312
307,313
307,317
308,313
309,312
309,313
309,317
310,315
310,316
311,314
311,332
312,318
312,321
312,344
313,318
313,319
314,320
314,322
314,323
315,328
315,346
315,347
316,318
317,319
317,393
318,327
319,326
319,386
319,453
320,325
322,324
322,333
323,375
324,328
324,329
324,330
325,331
325,333
326,442
327,328
327,331
327,332
328,335
329,336
329,337
330,334
330,335
330,358
331,334
331,345
332,453
332,470
332,490
333,352
334,339
335,401
337,338
337,340
337,343
338,341
338,342
338,344
338,345
339,341
339,342
339,343
340,366
340,379
340,413
341,348
341,352
342,350
342,352
343,349
343,351
344,347
344,349
344,367
345,346
345,347
346,353
346,358
347,394
347,395
348,357
348,429
348,466
349,353
349,354
350,353
350,356
351,353
352,355
352,363
353,360
353,362
355,361
355,362
356,359
356,363
358,359
359,365
360,370
361,365
361,366
361,367
361,409
362,364
362,365
362,366
362,368
363,396
363,400
363,461
363,498
364,373
365,423
365,475
365,498
366,418
367,376
367,390
368,369
368,370
368,371
368,372
369,377
370,375
370,379
370,404
371,374
372,376
373,374
374,380
374,382
375,378
375,385
376,378
376,379
377,379
377,381
377,383
378,386
378,389
379,439
379,461
380,384
380,455
382,385
382,387
383,388
383,390
384,414
385,391
385,394
386,392
387,393
388,391
388,392
389,391
391,397
392,407
392,454
393,395
393,396
393,451
393,490
394,398
395,400
395,404
395,473
396,399
396,405
396,438
397,402
397,403
397,412
398,401
399,491
400,406
401,407
401,409
403,408
403,410
404,472
404,477
406,433
406,435
407,410
407,412
407,455
408,411
408,413
408,418
409,410
409,411
410,414
410,416
411,415
412,414
413,423
414,418
414,457
415,419
416,417
416,499
418,421
418,431
418,456
419,420
419,421
419,422
420,423
420,424
420,428
421,424
421,463
422,425
422,426
422,427
424,432
424,433
424,435
425,429
425,434
425,436
426,455
427,449
428,430
428,431
428,443
428,471
428,494
429,437
429,439
429,458
429,462
430,496
430,497
432,436
433,438
433,491
434,440
435,475
435,496
436,441
436,442
436,443
436,444
437,445
439,443
440,446
440,447
441,489
442,449
442,450
444,452
444,478
445,477
446,451
446,454
447,448
447,453
449,484
450,458
451,457
451,494
452,459
454,455
454,456
455,488
456,463
456,466
456,467
456,494
457,460
457,461
457,467
457,488
458,465
459,462
459,464
460,468
460,483
463,468
465,469
466,471
468,470
468,471
469,472
469,473
469,474
470,475
470,480
470,482
471,481
472,479
473,480
474,476
474,477
474,478
475,486
476,483
477,484
478,485
479,498
480,497
483,487
483,492
484,488
484,489
485,490
486,491
489,494
490,493
491,493
491,495
492,498
494,496
494,498
494,499
494,500
495,497

<end>
